%usr,%nice,%sys,%iowait,%steal,%irq,%soft,%guest,%gnice,%idle,proc/s,cswch/s,pswpin/s,pswpout/s,pgpgin/s,pgpgout/s,fault/s,majflt/s,pgfree/s,pgscank/s,pgscand/s,pgsteal/s,%vmeff,tps,rtps,wtps,bread/s,bwrtn/s,kbmemfree,kbavail,kbmemused,%memused,kbbuffers,kbcached,kbcommit,%commit,kbactive,kbinact,kbdirty,kbanonpg,kbslab,kbkstack,kbpgtbl,kbvmused,kbswpfree,kbswpused,%swpused,kbswpcad,%swpcad,kbhugfree,kbhugused,%hugused,dentunusd,file-nr,inode-nr,pty-nr,runq-sz,plist-sz,ldavg-1,ldavg-5,ldavg-15,blocked,rcvin/s,xmtin/s,framerr/s,prtyerr/s,brk/s,ovrun/s,tps,rkB/s,wkB/s,areq-sz,aqu-sz,await,svctm,%util,rxpck/s,txpck/s,rxkB/s,txkB/s,rxcmp/s,txcmp/s,rxmcst/s,%ifutil,rxerr/s,txerr/s,coll/s,rxdrop/s,txdrop/s,txcarr/s,rxfram/s,rxfifo/s,txfifo/s,call/s,retrans/s,read/s,write/s,access/s,getatt/s,scall/s,badcall/s,packet/s,udp/s,tcp/s,hit/s,miss/s,sread/s,swrite/s,saccess/s,sgetatt/s,totsck,tcpsck,udpsck,rawsck,ip-frag,tcp-tw,irec/s,fwddgm/s,idel/s,orq/s,asmrq/s,asmok/s,fragok/s,fragcrt/s,ihdrerr/s,iadrerr/s,iukwnpr/s,idisc/s,odisc/s,onort/s,asmf/s,fragf/s,imsg/s,omsg/s,iech/s,iechr/s,oech/s,oechr/s,itm/s,itmr/s,otm/s,otmr/s,iadrmk/s,iadrmkr/s,oadrmk/s,oadrmkr/s,ierr/s,oerr/s,idstunr/s,odstunr/s,itmex/s,otmex/s,iparmpb/s,oparmpb/s,isrcq/s,osrcq/s,iredir/s,oredir/s,active/s,passive/s,iseg/s,oseg/s,atmptf/s,estres/s,retrans/s,isegerr/s,orsts/s,idgm/s,odgm/s,noport/s,idgmerr/s,tcp6sck,udp6sck,raw6sck,ip6-frag,irec6/s,fwddgm6/s,idel6/s,orq6/s,asmrq6/s,asmok6/s,imcpck6/s,omcpck6/s,fragok6/s,fragcr6/s,ihdrer6/s,iadrer6/s,iukwnp6/s,i2big6/s,idisc6/s,odisc6/s,inort6/s,onort6/s,asmf6/s,fragf6/s,itrpck6/s,imsg6/s,omsg6/s,iech6/s,iechr6/s,oechr6/s,igmbq6/s,igmbr6/s,ogmbr6/s,igmbrd6/s,ogmbrd6/s,irtsol6/s,ortsol6/s,irtad6/s,inbsol6/s,onbsol6/s,inbad6/s,onbad6/s,ierr6/s,idtunr6/s,odtunr6/s,itmex6/s,otmex6/s,iprmpb6/s,oprmpb6/s,iredir6/s,oredir6/s,ipck2b6/s,opck2b6/s,idgm6/s,odgm6/s,noport6/s,idgmer6/s,total/s,dropd/s,squeezd/s,rx_rps/s,flw_lim/s,MHz
0.00,0.00,0.00,0.00,0.50,0.00,9.55,0.00,0.00,89.95,0.00,394.00,0.00,0.00,0.00,0.00,4.00,0.00,33774.00,0.00,0.00,0.00,0.00,0.00,0.00,0.00,0.00,0.00,678752,1144976,1361968,66.74,47068,537812,3756072,184.06,845964,353532,24,614696,99696,7392,29056,0,0,0,0.00,0,0.00,0,0,0.00,26459,7680,36832,0,0,462,0.00,0.00,0.02,0,0.00,0.00,0.00,0.00,0.00,0.00,0.00,0.00,0.00,0.00,0.00,0.00,0.00,0.00,68862.00,2868.00,94207.87,162.45,0.00,0.00,0.00,0.00,0.00,0.00,0.00,1.00,0.00,0.00,0.00,0.00,0.00,0.00,0.00,0.00,0.00,0.00,0.00,0.00,0.00,0.00,0.00,0.00,0.00,0.00,0.00,0.00,0.00,0.00,724,3,5,0,0,0,68857.00,0.00,5739.00,2869.00,65987.00,2869.00,0.00,0.00,0.00,0.00,0.00,0.00,0.00,0.00,0.00,0.00,0.00,0.00,0.00,0.00,0.00,0.00,0.00,0.00,0.00,0.00,0.00,0.00,0.00,0.00,0.00,0.00,0.00,0.00,0.00,0.00,0.00,0.00,0.00,0.00,0.00,0.00,0.00,0.00,5738.00,2869.00,2869.00,0.00,0.00,0.00,0.00,0.00,0.00,0.00,0.00,3,2,1,0,0.00,0.00,0.00,0.00,0.00,0.00,0.00,0.00,0.00,0.00,0.00,0.00,0.00,0.00,0.00,0.00,0.00,0.00,0.00,0.00,0.00,0.00,0.00,0.00,0.00,0.00,0.00,0.00,0.00,0.00,0.00,0.00,0.00,0.00,0.00,0.00,0.00,0.00,0.00,0.00,0.00,0.00,0.00,0.00,0.00,0.00,0.00,0.00,0.00,0.00,0.00,0.00,0.00,68861.00,0.00,0.00,0.00,0.00,1995.37
0.00,0.00,0.00,0.00,0.00,0.00,8.16,0.00,0.00,91.84,0.00,357.00,0.00,0.00,0.00,0.00,3.00,0.00,33027.00,0.00,0.00,0.00,0.00,0.00,0.00,0.00,0.00,0.00,678880,1145104,1361840,66.73,47068,537824,3756072,184.06,845964,353532,36,614700,99696,7392,29056,0,0,0,0.00,0,0.00,0,0,0.00,26459,7680,36832,0,0,462,0.00,0.00,0.02,0,0.00,0.00,0.00,0.00,0.00,0.00,0.00,0.00,0.00,0.00,0.00,0.00,0.00,0.00,67829.00,2826.00,92794.68,160.07,0.00,0.00,0.00,0.00,0.00,0.00,0.00,0.00,0.00,0.00,0.00,0.00,0.00,0.00,0.00,0.00,0.00,0.00,0.00,0.00,0.00,0.00,0.00,0.00,0.00,0.00,0.00,0.00,0.00,0.00,724,3,5,0,0,0,67820.00,0.00,5648.00,2826.00,64998.00,2826.00,0.00,0.00,0.00,0.00,0.00,0.00,0.00,0.00,0.00,0.00,0.00,0.00,0.00,0.00,0.00,0.00,0.00,0.00,0.00,0.00,0.00,0.00,0.00,0.00,0.00,0.00,0.00,0.00,0.00,0.00,0.00,0.00,0.00,0.00,0.00,0.00,0.00,0.00,5648.00,2825.00,2823.00,0.00,0.00,0.00,0.00,0.00,0.00,0.00,0.00,3,2,1,0,0.00,0.00,0.00,0.00,0.00,0.00,0.00,0.00,0.00,0.00,0.00,0.00,0.00,0.00,0.00,0.00,0.00,0.00,0.00,0.00,0.00,0.00,0.00,0.00,0.00,0.00,0.00,0.00,0.00,0.00,0.00,0.00,0.00,0.00,0.00,0.00,0.00,0.00,0.00,0.00,0.00,0.00,0.00,0.00,0.00,0.00,0.00,0.00,0.00,0.00,0.00,0.00,0.00,67830.00,0.00,0.00,0.00,0.00,1995.37
0.00,0.00,0.50,0.00,0.00,0.00,9.50,0.00,0.00,90.00,0.00,350.00,0.00,0.00,0.00,0.00,0.00,0.00,32491.00,0.00,0.00,0.00,0.00,0.00,0.00,0.00,0.00,0.00,678720,1144944,1362000,66.74,47068,537840,3756072,184.06,845964,353532,52,614700,99696,7392,29056,0,0,0,0.00,0,0.00,0,0,0.00,26459,7680,36832,0,0,462,0.00,0.00,0.02,0,0.00,0.00,0.00,0.00,0.00,0.00,0.00,0.00,0.00,0.00,0.00,0.00,0.00,0.00,65883.00,2748.00,90134.82,155.65,0.00,0.00,0.00,0.00,0.00,0.00,0.00,1.00,0.00,0.00,0.00,0.00,0.00,0.00,0.00,0.00,0.00,0.00,0.00,0.00,0.00,0.00,0.00,0.00,0.00,0.00,0.00,0.00,0.00,0.00,724,3,5,0,0,0,65893.00,0.00,5492.00,2748.00,63146.00,2745.00,0.00,0.00,0.00,0.00,0.00,0.00,0.00,0.00,0.00,0.00,0.00,0.00,0.00,0.00,0.00,0.00,0.00,0.00,0.00,0.00,0.00,0.00,0.00,0.00,0.00,0.00,0.00,0.00,0.00,0.00,0.00,0.00,0.00,0.00,0.00,0.00,0.00,0.00,5492.00,2749.00,2746.00,0.00,3.00,0.00,0.00,0.00,0.00,0.00,0.00,3,2,1,0,0.00,0.00,0.00,0.00,0.00,0.00,0.00,0.00,0.00,0.00,0.00,0.00,0.00,0.00,0.00,0.00,0.00,0.00,0.00,0.00,0.00,0.00,0.00,0.00,0.00,0.00,0.00,0.00,0.00,0.00,0.00,0.00,0.00,0.00,0.00,0.00,0.00,0.00,0.00,0.00,0.00,0.00,0.00,0.00,0.00,0.00,0.00,0.00,0.00,0.00,0.00,0.00,0.00,65932.00,0.00,0.00,0.00,0.00,1995.37
0.00,0.00,0.50,0.00,0.00,0.00,9.50,0.00,0.00,90.00,0.00,356.00,0.00,0.00,0.00,0.00,0.00,0.00,32882.00,0.00,0.00,0.00,0.00,0.00,0.00,0.00,0.00,0.00,678660,1144888,1362060,66.74,47068,537856,3756072,184.06,845964,353532,68,614700,99700,7392,29056,0,0,0,0.00,0,0.00,0,0,0.00,26459,7680,36832,0,0,462,0.00,0.00,0.02,0,0.00,0.00,0.00,0.00,0.00,0.00,0.00,0.00,0.00,0.00,0.00,0.00,0.00,0.00,65091.00,2712.00,89051.23,153.61,0.00,0.00,0.00,0.00,0.00,0.00,0.00,0.00,0.00,0.00,0.00,0.00,0.00,0.00,0.00,0.00,0.00,0.00,0.00,0.00,0.00,0.00,0.00,0.00,0.00,0.00,0.00,0.00,0.00,0.00,724,3,5,0,0,0,65076.00,0.00,5423.00,2712.00,62365.00,2712.00,0.00,0.00,0.00,0.00,0.00,0.00,0.00,0.00,0.00,0.00,0.00,0.00,0.00,0.00,0.00,0.00,0.00,0.00,0.00,0.00,0.00,0.00,0.00,0.00,0.00,0.00,0.00,0.00,0.00,0.00,0.00,0.00,0.00,0.00,0.00,0.00,0.00,0.00,5422.00,2711.00,2711.00,0.00,0.00,0.00,0.00,0.00,0.00,0.00,0.00,3,2,1,0,0.00,0.00,0.00,0.00,0.00,0.00,0.00,0.00,0.00,0.00,0.00,0.00,0.00,0.00,0.00,0.00,0.00,0.00,0.00,0.00,0.00,0.00,0.00,0.00,0.00,0.00,0.00,0.00,0.00,0.00,0.00,0.00,0.00,0.00,0.00,0.00,0.00,0.00,0.00,0.00,0.00,0.00,0.00,0.00,0.00,0.00,0.00,0.00,0.00,0.00,0.00,0.00,0.00,65041.00,0.00,0.00,0.00,0.00,1995.37
1.00,0.00,0.00,0.00,0.00,0.00,9.50,0.00,0.00,89.50,0.00,414.00,0.00,0.00,0.00,0.00,5.00,0.00,31569.00,0.00,0.00,0.00,0.00,0.00,0.00,0.00,0.00,0.00,678504,1144788,1362216,66.75,47068,537872,3756072,184.06,845964,353588,84,614700,99700,7392,29056,0,0,0,0.00,0,0.00,0,0,0.00,26459,7680,36832,0,0,462,0.00,0.00,0.02,0,0.00,0.00,0.00,0.00,0.00,0.00,0.00,0.00,0.00,0.00,0.00,0.00,0.00,0.00,63629.00,2655.00,87048.36,150.37,0.00,0.00,0.00,0.00,0.00,0.00,0.00,1.00,0.00,0.00,0.00,0.00,0.00,0.00,0.00,0.00,0.00,0.00,0.00,0.00,0.00,0.00,0.00,0.00,0.00,0.00,0.00,0.00,0.00,0.00,724,3,5,0,0,0,63601.00,0.00,5301.00,2653.00,60950.00,2650.00,0.00,0.00,0.00,0.00,0.00,0.00,0.00,0.00,0.00,0.00,0.00,0.00,0.00,0.00,0.00,0.00,0.00,0.00,0.00,0.00,0.00,0.00,0.00,0.00,0.00,0.00,0.00,0.00,0.00,0.00,0.00,0.00,0.00,0.00,0.00,0.00,0.00,0.00,5302.00,2653.00,2652.00,0.00,3.00,0.00,0.00,0.00,0.00,0.00,0.00,3,2,1,0,0.00,0.00,0.00,0.00,0.00,0.00,0.00,0.00,0.00,0.00,0.00,0.00,0.00,0.00,0.00,0.00,0.00,0.00,0.00,0.00,0.00,0.00,0.00,0.00,0.00,0.00,0.00,0.00,0.00,0.00,0.00,0.00,0.00,0.00,0.00,0.00,0.00,0.00,0.00,0.00,0.00,0.00,0.00,0.00,0.00,0.00,0.00,0.00,0.00,0.00,0.00,0.00,0.00,63607.00,0.00,0.00,0.00,0.00,1995.37
0.49,0.00,0.00,2.45,0.00,0.00,10.78,0.00,0.00,86.27,0.00,389.00,0.00,0.00,0.00,36.00,0.00,0.00,29715.00,0.00,0.00,0.00,0.00,2.00,0.00,2.00,0.00,72.00,678600,1144884,1362120,66.75,47076,537888,3756072,184.06,845996,353588,124,614680,99700,7392,29056,0,0,0,0.00,0,0.00,0,0,0.00,26459,7680,36832,0,0,462,0.00,0.00,0.02,0,0.00,0.00,0.00,0.00,0.00,0.00,2.00,0.00,36.00,18.00,0.00,26.00,0.00,0.00,61999.00,2584.00,84815.64,146.36,0.00,0.00,0.00,0.00,0.00,0.00,0.00,0.00,0.00,0.00,0.00,0.00,0.00,0.00,0.00,0.00,0.00,0.00,0.00,0.00,0.00,0.00,0.00,0.00,0.00,0.00,0.00,0.00,0.00,0.00,724,3,5,0,0,0,62027.00,0.00,5167.00,2585.00,59444.00,2584.00,0.00,0.00,0.00,0.00,0.00,0.00,0.00,0.00,0.00,0.00,0.00,0.00,0.00,0.00,0.00,0.00,0.00,0.00,0.00,0.00,0.00,0.00,0.00,0.00,0.00,0.00,0.00,0.00,0.00,0.00,0.00,0.00,0.00,0.00,0.00,0.00,0.00,0.00,5168.00,2586.00,2583.00,0.00,1.00,0.00,0.00,0.00,0.00,0.00,0.00,3,2,1,0,0.00,0.00,0.00,0.00,0.00,0.00,0.00,0.00,0.00,0.00,0.00,0.00,0.00,0.00,0.00,0.00,0.00,0.00,0.00,0.00,0.00,0.00,0.00,0.00,0.00,0.00,0.00,0.00,0.00,0.00,0.00,0.00,0.00,0.00,0.00,0.00,0.00,0.00,0.00,0.00,0.00,0.00,0.00,0.00,0.00,0.00,0.00,0.00,0.00,0.00,0.00,0.00,0.00,62048.00,0.00,0.00,0.00,0.00,1995.37
0.00,0.00,0.00,0.00,0.00,0.00,10.95,0.00,0.00,89.05,0.00,373.00,0.00,0.00,0.00,0.00,0.00,0.00,30979.00,0.00,0.00,0.00,0.00,0.00,0.00,0.00,0.00,0.00,678504,1144788,1362216,66.75,47076,537900,3756072,184.06,845996,353588,136,614680,99700,7392,29056,0,0,0,0.00,0,0.00,0,0,0.00,26459,7680,36832,0,0,462,0.00,0.00,0.01,0,0.00,0.00,0.00,0.00,0.00,0.00,0.00,0.00,0.00,0.00,0.00,0.00,0.00,0.00,61443.00,2561.00,84060.18,145.06,0.00,0.00,0.00,0.00,0.00,0.00,0.00,1.00,0.00,0.00,0.00,0.00,0.00,0.00,0.00,0.00,0.00,0.00,0.00,0.00,0.00,0.00,0.00,0.00,0.00,0.00,0.00,0.00,0.00,0.00,724,3,5,0,1,0,61428.00,0.00,5120.00,2561.00,58868.00,2560.00,0.00,0.00,0.00,0.00,0.00,0.00,0.00,0.00,0.00,0.00,0.00,0.00,0.00,0.00,0.00,0.00,0.00,0.00,0.00,0.00,0.00,0.00,0.00,0.00,0.00,0.00,0.00,0.00,0.00,0.00,0.00,0.00,0.00,0.00,0.00,0.00,0.00,0.00,5120.00,2561.00,2560.00,0.00,1.00,0.00,0.00,0.00,0.00,0.00,0.00,3,2,1,0,0.00,0.00,0.00,0.00,0.00,0.00,0.00,0.00,0.00,0.00,0.00,0.00,0.00,0.00,0.00,0.00,0.00,0.00,0.00,0.00,0.00,0.00,0.00,0.00,0.00,0.00,0.00,0.00,0.00,0.00,0.00,0.00,0.00,0.00,0.00,0.00,0.00,0.00,0.00,0.00,0.00,0.00,0.00,0.00,0.00,0.00,0.00,0.00,0.00,0.00,0.00,0.00,0.00,61491.00,0.00,0.00,0.00,0.00,1995.37
0.50,0.00,0.00,0.00,0.50,0.00,9.90,0.00,0.00,89.11,0.00,356.00,0.00,0.00,0.00,0.00,0.00,0.00,30235.00,0.00,0.00,0.00,0.00,0.00,0.00,0.00,0.00,0.00,678504,1144788,1362216,66.75,47076,537916,3756072,184.06,845996,353588,152,614680,99700,7392,29056,0,0,0,0.00,0,0.00,0,0,0.00,26459,7680,36832,0,0,462,0.00,0.00,0.01,0,0.00,0.00,0.00,0.00,0.00,0.00,0.00,0.00,0.00,0.00,0.00,0.00,0.00,0.00,60246.00,2512.00,82418.54,142.28,0.00,0.00,0.00,0.00,0.00,0.00,0.00,0.00,0.00,0.00,0.00,0.00,0.00,0.00,0.00,0.00,0.00,0.00,0.00,0.00,0.00,0.00,0.00,0.00,0.00,0.00,0.00,0.00,0.00,0.00,724,3,5,0,0,0,60265.00,0.00,5022.00,2512.00,57753.00,2511.00,0.00,0.00,0.00,0.00,0.00,0.00,0.00,0.00,0.00,0.00,0.00,0.00,0.00,0.00,0.00,0.00,0.00,0.00,0.00,0.00,0.00,0.00,0.00,0.00,0.00,0.00,0.00,0.00,0.00,0.00,0.00,0.00,0.00,0.00,0.00,0.00,0.00,0.00,5022.00,2512.00,2512.00,0.00,2.00,0.00,0.00,0.00,0.00,0.00,0.00,3,2,1,0,0.00,0.00,0.00,0.00,0.00,0.00,0.00,0.00,0.00,0.00,0.00,0.00,0.00,0.00,0.00,0.00,0.00,0.00,0.00,0.00,0.00,0.00,0.00,0.00,0.00,0.00,0.00,0.00,0.00,0.00,0.00,0.00,0.00,0.00,0.00,0.00,0.00,0.00,0.00,0.00,0.00,0.00,0.00,0.00,0.00,0.00,0.00,0.00,0.00,0.00,0.00,0.00,0.00,60220.00,0.00,0.00,0.00,0.00,1995.37
0.50,0.00,0.00,0.00,0.00,0.00,9.00,0.00,0.00,90.50,0.00,354.00,0.00,0.00,0.00,0.00,0.00,0.00,27155.00,0.00,0.00,0.00,0.00,0.00,0.00,0.00,0.00,0.00,678536,1144876,1362184,66.75,47076,537932,3756072,184.06,845996,353644,168,614680,99700,7392,29056,0,0,0,0.00,0,0.00,0,0,0.00,26459,7680,36832,0,0,462,0.00,0.00,0.01,0,0.00,0.00,0.00,0.00,0.00,0.00,0.00,0.00,0.00,0.00,0.00,0.00,0.00,0.00,56135.00,2340.00,76803.22,132.54,0.00,0.00,0.00,0.00,0.00,0.00,0.00,1.00,0.00,0.00,0.00,0.00,0.00,0.00,0.00,0.00,0.00,0.00,0.00,0.00,0.00,0.00,0.00,0.00,0.00,0.00,0.00,0.00,0.00,0.00,724,3,5,0,0,0,56109.00,0.00,4674.00,2340.00,53774.00,2338.00,0.00,0.00,0.00,0.00,0.00,0.00,0.00,0.00,0.00,0.00,0.00,0.00,0.00,0.00,0.00,0.00,0.00,0.00,0.00,0.00,0.00,0.00,0.00,0.00,0.00,0.00,0.00,0.00,0.00,0.00,0.00,0.00,0.00,0.00,0.00,0.00,0.00,0.00,4673.00,2339.00,2335.00,0.00,1.00,0.00,0.00,0.00,0.00,0.00,0.00,3,2,1,0,0.00,0.00,0.00,0.00,0.00,0.00,0.00,0.00,0.00,0.00,0.00,0.00,0.00,0.00,0.00,0.00,0.00,0.00,0.00,0.00,0.00,0.00,0.00,0.00,0.00,0.00,0.00,0.00,0.00,0.00,0.00,0.00,0.00,0.00,0.00,0.00,0.00,0.00,0.00,0.00,0.00,0.00,0.00,0.00,0.00,0.00,0.00,0.00,0.00,0.00,0.00,0.00,0.00,56065.00,0.00,0.00,0.00,0.00,1995.37
0.00,0.00,0.00,0.00,0.00,0.00,8.59,0.00,0.00,91.41,0.00,372.00,0.00,0.00,0.00,0.00,0.00,0.00,27483.00,0.00,0.00,0.00,0.00,0.00,0.00,0.00,0.00,0.00,678632,1144972,1362088,66.75,47076,537948,3756072,184.06,845996,353644,184,614680,99700,7392,29056,0,0,0,0.00,0,0.00,0,0,0.00,26459,7680,36832,0,0,462,0.00,0.00,0.01,0,0.00,0.00,0.00,0.00,0.00,0.00,0.00,0.00,0.00,0.00,0.00,0.00,0.00,0.00,55520.00,2316.00,75950.00,131.18,0.00,0.00,0.00,0.00,0.00,0.00,0.00,0.00,0.00,0.00,0.00,0.00,0.00,0.00,0.00,0.00,0.00,0.00,0.00,0.00,0.00,0.00,0.00,0.00,0.00,0.00,0.00,0.00,0.00,0.00,724,3,5,0,0,0,55510.00,0.00,4624.00,2316.00,53199.00,2313.00,0.00,0.00,0.00,0.00,0.00,0.00,0.00,0.00,0.00,0.00,0.00,0.00,0.00,0.00,0.00,0.00,0.00,0.00,0.00,0.00,0.00,0.00,0.00,0.00,0.00,0.00,0.00,0.00,0.00,0.00,0.00,0.00,0.00,0.00,0.00,0.00,0.00,0.00,4624.00,2316.00,2311.00,0.00,3.00,0.00,0.00,0.00,0.00,0.00,0.00,3,2,1,0,0.00,0.00,0.00,0.00,0.00,0.00,0.00,0.00,0.00,0.00,0.00,0.00,0.00,0.00,0.00,0.00,0.00,0.00,0.00,0.00,0.00,0.00,0.00,0.00,0.00,0.00,0.00,0.00,0.00,0.00,0.00,0.00,0.00,0.00,0.00,0.00,0.00,0.00,0.00,0.00,0.00,0.00,0.00,0.00,0.00,0.00,0.00,0.00,0.00,0.00,0.00,0.00,0.00,55519.00,0.00,0.00,0.00,0.00,1995.37
0.50,0.00,0.00,3.50,0.00,0.00,9.00,0.00,0.00,87.00,0.00,398.00,0.00,0.00,0.00,12.00,0.00,0.00,27683.00,0.00,0.00,0.00,0.00,2.00,0.00,2.00,0.00,24.00,678568,1144908,1362152,66.75,47084,537956,3756072,184.06,845996,353644,200,614680,99700,7392,29056,0,0,0,0.00,0,0.00,0,0,0.00,26459,7680,36832,0,0,462,0.00,0.00,0.01,0,0.00,0.00,0.00,0.00,0.00,0.00,2.00,0.00,12.00,6.00,0.00,40.00,0.00,0.00,54966.00,2292.00,75194.68,129.82,0.00,0.00,0.00,0.00,0.00,0.00,0.00,3.00,0.00,0.00,0.00,0.00,0.00,0.00,0.00,0.00,0.00,0.00,0.00,0.00,0.00,0.00,0.00,0.00,0.00,0.00,0.00,0.00,0.00,0.00,724,3,5,0,0,0,54937.00,0.00,4579.00,2291.00,52647.00,2289.00,0.00,0.00,0.00,0.00,0.00,0.00,0.00,0.00,0.00,0.00,0.00,0.00,0.00,0.00,0.00,0.00,0.00,0.00,0.00,0.00,0.00,0.00,0.00,0.00,0.00,0.00,0.00,0.00,0.00,0.00,0.00,0.00,0.00,0.00,0.00,0.00,0.00,0.00,4579.00,2292.00,2289.00,0.00,2.00,0.00,0.00,0.00,0.00,0.00,0.00,3,2,1,0,0.00,0.00,0.00,0.00,0.00,0.00,0.00,0.00,0.00,0.00,0.00,0.00,0.00,0.00,0.00,0.00,0.00,0.00,0.00,0.00,0.00,0.00,0.00,0.00,0.00,0.00,0.00,0.00,0.00,0.00,0.00,0.00,0.00,0.00,0.00,0.00,0.00,0.00,0.00,0.00,0.00,0.00,0.00,0.00,0.00,0.00,0.00,0.00,0.00,0.00,0.00,0.00,0.00,54966.00,0.00,0.00,0.00,0.00,1995.37
0.00,0.00,0.00,0.00,0.51,0.00,7.14,0.00,0.00,92.35,0.00,357.00,0.00,0.00,0.00,0.00,0.00,0.00,27387.00,0.00,0.00,0.00,0.00,0.00,0.00,0.00,0.00,0.00,678504,1144900,1362216,66.75,47084,537976,3756072,184.06,845996,353700,216,614680,99700,7392,29056,0,0,0,0.00,0,0.00,0,0,0.00,26459,7680,36832,0,0,462,0.00,0.00,0.01,0,0.00,0.00,0.00,0.00,0.00,0.00,0.00,0.00,0.00,0.00,0.00,0.00,0.00,0.00,54555.00,2277.00,74636.27,128.97,0.00,0.00,0.00,0.00,0.00,0.00,0.00,0.00,0.00,0.00,0.00,0.00,0.00,0.00,0.00,0.00,0.00,0.00,0.00,0.00,0.00,0.00,0.00,0.00,0.00,0.00,0.00,0.00,0.00,0.00,724,3,5,0,1,0,54575.00,0.00,4546.00,2278.00,52302.00,2274.00,0.00,0.00,0.00,0.00,0.00,0.00,0.00,0.00,0.00,0.00,0.00,0.00,0.00,0.00,0.00,0.00,0.00,0.00,0.00,0.00,0.00,0.00,0.00,0.00,0.00,0.00,0.00,0.00,0.00,0.00,0.00,0.00,0.00,0.00,0.00,0.00,0.00,0.00,4546.00,2277.00,2273.00,0.00,4.00,0.00,0.00,0.00,0.00,0.00,0.00,3,2,1,0,0.00,0.00,0.00,0.00,0.00,0.00,0.00,0.00,0.00,0.00,0.00,0.00,0.00,0.00,0.00,0.00,0.00,0.00,0.00,0.00,0.00,0.00,0.00,0.00,0.00,0.00,0.00,0.00,0.00,0.00,0.00,0.00,0.00,0.00,0.00,0.00,0.00,0.00,0.00,0.00,0.00,0.00,0.00,0.00,0.00,0.00,0.00,0.00,0.00,0.00,0.00,0.00,0.00,54602.00,0.00,0.00,0.00,0.00,1995.37
0.00,0.00,0.50,0.00,0.00,0.00,9.45,0.00,0.00,90.05,0.00,383.00,0.00,0.00,0.00,0.00,0.00,0.00,26851.00,0.00,0.00,0.00,0.00,0.00,0.00,0.00,0.00,0.00,678380,1144776,1362340,66.76,47084,537992,3756072,184.06,845996,353700,232,614680,99700,7392,29056,0,0,0,0.00,0,0.00,0,0,0.00,26459,7680,36832,0,0,462,0.00,0.00,0.01,0,0.00,0.00,0.00,0.00,0.00,0.00,0.00,0.00,0.00,0.00,0.00,0.00,0.00,0.00,54079.00,2257.00,73979.78,127.84,0.00,0.00,0.00,0.00,0.00,0.00,0.00,1.00,0.00,0.00,0.00,0.00,0.00,0.00,0.00,0.00,0.00,0.00,0.00,0.00,0.00,0.00,0.00,0.00,0.00,0.00,0.00,0.00,0.00,0.00,724,3,5,0,0,0,54049.00,0.00,4505.00,2256.00,51796.00,2252.00,0.00,0.00,0.00,0.00,0.00,0.00,0.00,0.00,0.00,0.00,0.00,0.00,0.00,0.00,0.00,0.00,0.00,0.00,0.00,0.00,0.00,0.00,0.00,0.00,0.00,0.00,0.00,0.00,0.00,0.00,0.00,0.00,0.00,0.00,0.00,0.00,0.00,0.00,4505.00,2256.00,2253.00,0.00,4.00,0.00,0.00,0.00,0.00,0.00,0.00,3,2,1,0,0.00,0.00,0.00,0.00,0.00,0.00,0.00,0.00,0.00,0.00,0.00,0.00,0.00,0.00,0.00,0.00,0.00,0.00,0.00,0.00,0.00,0.00,0.00,0.00,0.00,0.00,0.00,0.00,0.00,0.00,0.00,0.00,0.00,0.00,0.00,0.00,0.00,0.00,0.00,0.00,0.00,0.00,0.00,0.00,0.00,0.00,0.00,0.00,0.00,0.00,0.00,0.00,0.00,54009.00,0.00,0.00,0.00,0.00,1995.37
0.00,0.00,0.50,0.00,0.00,0.00,9.41,0.00,0.00,90.10,0.00,377.00,0.00,0.00,0.00,0.00,0.00,0.00,25875.00,0.00,0.00,0.00,0.00,0.00,0.00,0.00,0.00,0.00,678380,1144776,1362340,66.76,47084,538008,3756072,184.06,845996,353700,248,614680,99700,7392,29056,0,0,0,0.00,0,0.00,0,0,0.00,26459,7680,36832,0,0,462,0.00,0.00,0.01,0,0.00,0.00,0.00,0.00,0.00,0.00,0.00,0.00,0.00,0.00,0.00,0.00,0.00,0.00,52235.00,2178.00,71452.20,123.36,0.00,0.00,0.00,0.00,0.00,0.00,0.00,0.00,0.00,0.00,0.00,0.00,0.00,0.00,0.00,0.00,0.00,0.00,0.00,0.00,0.00,0.00,0.00,0.00,0.00,0.00,0.00,0.00,0.00,0.00,724,3,5,0,0,0,52224.00,0.00,4353.00,2178.00,50048.00,2176.00,0.00,0.00,0.00,0.00,0.00,0.00,0.00,0.00,0.00,0.00,0.00,0.00,0.00,0.00,0.00,0.00,0.00,0.00,0.00,0.00,0.00,0.00,0.00,0.00,0.00,0.00,0.00,0.00,0.00,0.00,0.00,0.00,0.00,0.00,0.00,0.00,0.00,0.00,4351.00,2179.00,2174.00,0.00,2.00,0.00,0.00,0.00,0.00,0.00,0.00,3,2,1,0,0.00,0.00,0.00,0.00,0.00,0.00,0.00,0.00,0.00,0.00,0.00,0.00,0.00,0.00,0.00,0.00,0.00,0.00,0.00,0.00,0.00,0.00,0.00,0.00,0.00,0.00,0.00,0.00,0.00,0.00,0.00,0.00,0.00,0.00,0.00,0.00,0.00,0.00,0.00,0.00,0.00,0.00,0.00,0.00,0.00,0.00,0.00,0.00,0.00,0.00,0.00,0.00,0.00,52258.00,0.00,0.00,0.00,0.00,1995.37
0.51,0.00,0.00,0.00,0.00,0.00,7.61,0.00,0.00,91.88,0.00,372.00,0.00,0.00,0.00,0.00,1.00,0.00,25845.00,0.00,0.00,0.00,0.00,0.00,0.00,0.00,0.00,0.00,678380,1144776,1362340,66.76,47084,538024,3756072,184.06,845996,353700,264,614680,99704,7392,29056,0,0,0,0.00,0,0.00,0,0,0.00,26459,7680,36832,0,0,462,0.00,0.00,0.01,0,0.00,0.00,0.00,0.00,0.00,0.00,0.00,0.00,0.00,0.00,0.00,0.00,0.00,0.00,51146.00,2135.00,69973.52,120.93,0.00,0.00,0.00,0.00,0.00,0.00,0.00,1.00,0.00,0.00,0.00,0.00,0.00,0.00,0.00,0.00,0.00,0.00,0.00,0.00,0.00,0.00,0.00,0.00,0.00,0.00,0.00,0.00,0.00,0.00,724,3,5,0,1,0,51165.00,0.00,4260.00,2136.00,49036.00,2132.00,0.00,0.00,0.00,0.00,0.00,0.00,0.00,0.00,0.00,0.00,0.00,0.00,0.00,0.00,0.00,0.00,0.00,0.00,0.00,0.00,0.00,0.00,0.00,0.00,0.00,0.00,0.00,0.00,0.00,0.00,0.00,0.00,0.00,0.00,0.00,0.00,0.00,0.00,4260.00,2135.00,2130.00,0.00,4.00,0.00,0.00,0.00,0.00,0.00,0.00,3,2,1,0,0.00,0.00,0.00,0.00,0.00,0.00,0.00,0.00,0.00,0.00,0.00,0.00,0.00,0.00,0.00,0.00,0.00,0.00,0.00,0.00,0.00,0.00,0.00,0.00,0.00,0.00,0.00,0.00,0.00,0.00,0.00,0.00,0.00,0.00,0.00,0.00,0.00,0.00,0.00,0.00,0.00,0.00,0.00,0.00,0.00,0.00,0.00,0.00,0.00,0.00,0.00,0.00,0.00,51147.00,0.00,0.00,0.00,0.00,1995.37
0.49,0.00,0.00,0.00,0.49,0.00,9.36,0.00,0.00,89.66,0.00,388.00,0.00,0.00,0.00,0.00,0.00,0.00,24267.00,0.00,0.00,0.00,0.00,0.00,0.00,0.00,0.00,0.00,678476,1144944,1362244,66.75,47084,538040,3756072,184.06,846012,353756,280,614684,99704,7392,29056,0,0,0,0.00,0,0.00,0,0,0.00,26459,7680,36832,0,0,462,0.00,0.00,0.01,0,0.00,0.00,0.00,0.00,0.00,0.00,0.00,0.00,0.00,0.00,0.00,0.00,0.00,0.00,50334.00,2102.00,68857.29,119.06,0.00,0.00,0.00,0.00,0.00,0.00,0.00,0.00,0.00,0.00,0.00,0.00,0.00,0.00,0.00,0.00,0.00,0.00,0.00,0.00,0.00,0.00,0.00,0.00,0.00,0.00,0.00,0.00,0.00,0.00,724,3,5,0,0,0,50330.00,0.00,4197.00,2101.00,48231.00,2097.00,0.00,0.00,0.00,0.00,0.00,0.00,0.00,0.00,0.00,0.00,0.00,0.00,0.00,0.00,0.00,0.00,0.00,0.00,0.00,0.00,0.00,0.00,0.00,0.00,0.00,0.00,0.00,0.00,0.00,0.00,0.00,0.00,0.00,0.00,0.00,0.00,0.00,0.00,4196.00,2101.00,2098.00,0.00,4.00,0.00,0.00,0.00,0.00,0.00,0.00,3,2,1,0,0.00,0.00,0.00,0.00,0.00,0.00,0.00,0.00,0.00,0.00,0.00,0.00,0.00,0.00,0.00,0.00,0.00,0.00,0.00,0.00,0.00,0.00,0.00,0.00,0.00,0.00,0.00,0.00,0.00,0.00,0.00,0.00,0.00,0.00,0.00,0.00,0.00,0.00,0.00,0.00,0.00,0.00,0.00,0.00,0.00,0.00,0.00,0.00,0.00,0.00,0.00,0.00,0.00,50356.00,0.00,0.00,0.00,0.00,1995.37
0.50,0.00,0.00,1.99,0.00,0.00,8.96,0.00,0.00,88.56,0.00,395.00,0.00,0.00,0.00,12.00,0.00,0.00,24924.00,0.00,0.00,0.00,0.00,2.00,0.00,2.00,0.00,24.00,678476,1144944,1362244,66.75,47092,538052,3756072,184.06,846012,353756,292,614684,99704,7392,29056,0,0,0,0.00,0,0.00,0,0,0.00,26459,7680,36832,0,0,462,0.00,0.00,0.01,0,0.00,0.00,0.00,0.00,0.00,0.00,2.00,0.00,12.00,6.00,0.00,26.00,0.00,0.00,49271.00,2055.00,67412.14,116.39,0.00,0.00,0.00,0.00,0.00,0.00,0.00,1.00,0.00,0.00,0.00,0.00,0.00,0.00,0.00,0.00,0.00,0.00,0.00,0.00,0.00,0.00,0.00,0.00,0.00,0.00,0.00,0.00,0.00,0.00,724,3,5,0,0,0,49268.00,0.00,4102.00,2056.00,47219.00,2053.00,0.00,0.00,0.00,0.00,0.00,0.00,0.00,0.00,0.00,0.00,0.00,0.00,0.00,0.00,0.00,0.00,0.00,0.00,0.00,0.00,0.00,0.00,0.00,0.00,0.00,0.00,0.00,0.00,0.00,0.00,0.00,0.00,0.00,0.00,0.00,0.00,0.00,0.00,4103.00,2056.00,2050.00,0.00,3.00,0.00,0.00,0.00,0.00,0.00,0.00,3,2,1,0,0.00,0.00,0.00,0.00,0.00,0.00,0.00,0.00,0.00,0.00,0.00,0.00,0.00,0.00,0.00,0.00,0.00,0.00,0.00,0.00,0.00,0.00,0.00,0.00,0.00,0.00,0.00,0.00,0.00,0.00,0.00,0.00,0.00,0.00,0.00,0.00,0.00,0.00,0.00,0.00,0.00,0.00,0.00,0.00,0.00,0.00,0.00,0.00,0.00,0.00,0.00,0.00,0.00,49248.00,0.00,0.00,0.00,0.00,1995.37
0.00,0.00,0.00,0.00,0.00,0.00,6.63,0.00,0.00,93.37,0.00,363.00,0.00,0.00,0.00,0.00,0.00,0.00,24899.00,0.00,0.00,0.00,0.00,0.00,0.00,0.00,0.00,0.00,678412,1144880,1362308,66.76,47092,538068,3756072,184.06,846012,353756,308,614684,99704,7392,29056,0,0,0,0.00,0,0.00,0,0,0.00,26459,7680,36832,0,0,462,0.00,0.00,0.01,0,0.00,0.00,0.00,0.00,0.00,0.00,0.00,0.00,0.00,0.00,0.00,0.00,0.00,0.00,49378.00,2064.00,67544.11,116.91,0.00,0.00,0.00,0.00,0.00,0.00,0.00,0.00,0.00,0.00,0.00,0.00,0.00,0.00,0.00,0.00,0.00,0.00,0.00,0.00,0.00,0.00,0.00,0.00,0.00,0.00,0.00,0.00,0.00,0.00,724,3,5,0,0,0,49346.00,0.00,4114.00,2063.00,47288.00,2056.00,0.00,0.00,0.00,0.00,0.00,0.00,0.00,0.00,0.00,0.00,0.00,0.00,0.00,0.00,0.00,0.00,0.00,0.00,0.00,0.00,0.00,0.00,0.00,0.00,0.00,0.00,0.00,0.00,0.00,0.00,0.00,0.00,0.00,0.00,0.00,0.00,0.00,0.00,4114.00,2064.00,2057.00,0.00,7.00,0.00,0.00,0.00,0.00,0.00,0.00,3,2,1,0,0.00,0.00,0.00,0.00,0.00,0.00,0.00,0.00,0.00,0.00,0.00,0.00,0.00,0.00,0.00,0.00,0.00,0.00,0.00,0.00,0.00,0.00,0.00,0.00,0.00,0.00,0.00,0.00,0.00,0.00,0.00,0.00,0.00,0.00,0.00,0.00,0.00,0.00,0.00,0.00,0.00,0.00,0.00,0.00,0.00,0.00,0.00,0.00,0.00,0.00,0.00,0.00,0.00,49404.00,0.00,0.00,0.00,0.00,1995.37
0.50,0.00,0.00,0.00,0.00,0.00,8.96,0.00,0.00,90.55,0.00,379.00,0.00,0.00,0.00,0.00,0.00,0.00,23507.00,0.00,0.00,0.00,0.00,0.00,0.00,0.00,0.00,0.00,678348,1144816,1362372,66.76,47092,538084,3756072,184.06,846012,353756,324,614684,99704,7392,29056,0,0,0,0.00,0,0.00,0,0,0.00,26459,7680,36832,0,0,462,0.00,0.00,0.01,0,0.00,0.00,0.00,0.00,0.00,0.00,0.00,0.00,0.00,0.00,0.00,0.00,0.00,0.00,47596.00,1986.00,65113.90,112.49,0.00,0.00,0.00,0.00,0.00,0.00,0.00,1.00,0.00,0.00,0.00,0.00,0.00,0.00,0.00,0.00,0.00,0.00,0.00,0.00,0.00,0.00,0.00,0.00,0.00,0.00,0.00,0.00,0.00,0.00,724,3,5,0,0,0,47591.00,0.00,3965.00,1986.00,45609.00,1983.00,0.00,0.00,0.00,0.00,0.00,0.00,0.00,0.00,0.00,0.00,0.00,0.00,0.00,0.00,0.00,0.00,0.00,0.00,0.00,0.00,0.00,0.00,0.00,0.00,0.00,0.00,0.00,0.00,0.00,0.00,0.00,0.00,0.00,0.00,0.00,0.00,0.00,0.00,3964.00,1985.00,1982.00,0.00,3.00,0.00,0.00,0.00,0.00,0.00,0.00,3,2,1,0,0.00,0.00,0.00,0.00,0.00,0.00,0.00,0.00,0.00,0.00,0.00,0.00,0.00,0.00,0.00,0.00,0.00,0.00,0.00,0.00,0.00,0.00,0.00,0.00,0.00,0.00,0.00,0.00,0.00,0.00,0.00,0.00,0.00,0.00,0.00,0.00,0.00,0.00,0.00,0.00,0.00,0.00,0.00,0.00,0.00,0.00,0.00,0.00,0.00,0.00,0.00,0.00,0.00,47548.00,0.00,0.00,0.00,0.00,1995.37
0.51,0.00,0.00,0.00,0.00,0.00,6.60,0.00,0.00,92.89,0.00,354.00,0.00,0.00,0.00,0.00,0.00,0.00,22627.00,0.00,0.00,0.00,0.00,0.00,0.00,0.00,0.00,0.00,678504,1145028,1362216,66.75,47092,538100,3756072,184.06,846012,353812,340,614684,99704,7392,29056,0,0,0,0.00,0,0.00,0,0,0.00,26459,7680,36832,0,0,462,0.00,0.00,0.01,0,0.00,0.00,0.00,0.00,0.00,0.00,0.00,0.00,0.00,0.00,0.00,0.00,0.00,0.00,46202.00,1930.00,63209.31,109.30,0.00,0.00,0.00,0.00,0.00,0.00,0.00,0.00,0.00,0.00,0.00,0.00,0.00,0.00,0.00,0.00,0.00,0.00,0.00,0.00,0.00,0.00,0.00,0.00,0.00,0.00,0.00,0.00,0.00,0.00,724,3,5,0,0,0,46221.00,0.00,3848.00,1930.00,44298.00,1926.00,0.00,0.00,0.00,0.00,0.00,0.00,0.00,0.00,0.00,0.00,0.00,0.00,0.00,0.00,0.00,0.00,0.00,0.00,0.00,0.00,0.00,0.00,0.00,0.00,0.00,0.00,0.00,0.00,0.00,0.00,0.00,0.00,0.00,0.00,0.00,0.00,0.00,0.00,3850.00,1930.00,1924.00,0.00,4.00,0.00,0.00,0.00,0.00,0.00,0.00,3,2,1,0,0.00,0.00,0.00,0.00,0.00,0.00,0.00,0.00,0.00,0.00,0.00,0.00,0.00,0.00,0.00,0.00,0.00,0.00,0.00,0.00,0.00,0.00,0.00,0.00,0.00,0.00,0.00,0.00,0.00,0.00,0.00,0.00,0.00,0.00,0.00,0.00,0.00,0.00,0.00,0.00,0.00,0.00,0.00,0.00,0.00,0.00,0.00,0.00,0.00,0.00,0.00,0.00,0.00,46224.00,0.00,0.00,0.00,0.00,1995.37
0.00,0.00,0.49,0.00,0.49,0.00,9.31,0.00,0.00,89.71,0.00,353.00,0.00,0.00,0.00,0.00,0.00,0.00,22491.00,0.00,0.00,0.00,0.00,0.00,0.00,0.00,0.00,0.00,678444,1144968,1362276,66.75,47092,538116,3756072,184.06,846012,353812,356,614684,99704,7392,29056,0,0,0,0.00,0,0.00,0,0,0.00,26459,7680,36832,0,0,462,0.00,0.00,0.01,0,0.00,0.00,0.00,0.00,0.00,0.00,0.00,0.00,0.00,0.00,0.00,0.00,0.00,0.00,45153.00,1886.00,61765.22,106.82,0.00,0.00,0.00,0.00,0.00,0.00,0.00,1.00,0.00,0.00,0.00,0.00,0.00,0.00,0.00,0.00,0.00,0.00,0.00,0.00,0.00,0.00,0.00,0.00,0.00,0.00,0.00,0.00,0.00,0.00,724,3,5,0,0,0,45148.00,0.00,3767.00,1885.00,43263.00,1881.00,0.00,0.00,0.00,0.00,0.00,0.00,0.00,0.00,0.00,0.00,0.00,0.00,0.00,0.00,0.00,0.00,0.00,0.00,0.00,0.00,0.00,0.00,0.00,0.00,0.00,0.00,0.00,0.00,0.00,0.00,0.00,0.00,0.00,0.00,0.00,0.00,0.00,0.00,3764.00,1885.00,1883.00,0.00,4.00,0.00,0.00,0.00,0.00,0.00,0.00,3,2,1,0,0.00,0.00,0.00,0.00,0.00,0.00,0.00,0.00,0.00,0.00,0.00,0.00,0.00,0.00,0.00,0.00,0.00,0.00,0.00,0.00,0.00,0.00,0.00,0.00,0.00,0.00,0.00,0.00,0.00,0.00,0.00,0.00,0.00,0.00,0.00,0.00,0.00,0.00,0.00,0.00,0.00,0.00,0.00,0.00,0.00,0.00,0.00,0.00,0.00,0.00,0.00,0.00,0.00,45152.00,0.00,0.00,0.00,0.00,1995.37
0.00,0.00,0.51,3.55,0.00,0.00,6.60,0.00,0.00,89.34,0.00,360.00,0.00,0.00,0.00,12.00,0.00,0.00,21531.00,0.00,0.00,0.00,0.00,2.00,0.00,2.00,0.00,24.00,678380,1144904,1362340,66.76,47100,538128,3756072,184.06,846012,353812,368,614684,99704,7392,29056,0,0,0,0.00,0,0.00,0,0,0.00,26459,7680,36832,0,0,462,0.00,0.00,0.01,0,0.00,0.00,0.00,0.00,0.00,0.00,2.00,0.00,12.00,6.00,0.00,42.00,0.00,0.00,43713.00,1824.00,59794.78,103.30,0.00,0.00,0.00,0.00,0.00,0.00,0.00,0.00,0.00,0.00,0.00,0.00,0.00,0.00,0.00,0.00,0.00,0.00,0.00,0.00,0.00,0.00,0.00,0.00,0.00,0.00,0.00,0.00,0.00,0.00,724,3,5,0,0,0,43680.00,0.00,3640.00,1824.00,41860.00,1820.00,0.00,0.00,0.00,0.00,0.00,0.00,0.00,0.00,0.00,0.00,0.00,0.00,0.00,0.00,0.00,0.00,0.00,0.00,0.00,0.00,0.00,0.00,0.00,0.00,0.00,0.00,0.00,0.00,0.00,0.00,0.00,0.00,0.00,0.00,0.00,0.00,0.00,0.00,3641.00,1825.00,1820.00,0.00,4.00,0.00,0.00,0.00,0.00,0.00,0.00,3,2,1,0,0.00,0.00,0.00,0.00,0.00,0.00,0.00,0.00,0.00,0.00,0.00,0.00,0.00,0.00,0.00,0.00,0.00,0.00,0.00,0.00,0.00,0.00,0.00,0.00,0.00,0.00,0.00,0.00,0.00,0.00,0.00,0.00,0.00,0.00,0.00,0.00,0.00,0.00,0.00,0.00,0.00,0.00,0.00,0.00,0.00,0.00,0.00,0.00,0.00,0.00,0.00,0.00,0.00,43690.00,0.00,0.00,0.00,0.00,1995.37
0.50,0.00,0.00,0.00,0.00,0.00,7.54,0.00,0.00,91.96,0.00,339.00,0.00,0.00,0.00,0.00,0.00,0.00,21251.00,0.00,0.00,0.00,0.00,0.00,0.00,0.00,0.00,0.00,678412,1144992,1362308,66.76,47100,538144,3756072,184.06,846012,353868,384,614684,99704,7392,29056,0,0,0,0.00,0,0.00,0,0,0.00,26459,7680,36832,0,0,462,0.00,0.00,0.01,0,0.00,0.00,0.00,0.00,0.00,0.00,0.00,0.00,0.00,0.00,0.00,0.00,0.00,0.00,43447.00,1812.00,59433.47,102.63,0.00,0.00,0.00,0.00,0.00,0.00,0.00,1.00,0.00,0.00,0.00,0.00,0.00,0.00,0.00,0.00,0.00,0.00,0.00,0.00,0.00,0.00,0.00,0.00,0.00,0.00,0.00,0.00,0.00,0.00,724,3,5,0,0,0,43462.00,0.00,3620.00,1813.00,41653.00,1811.00,0.00,0.00,0.00,0.00,0.00,0.00,0.00,0.00,0.00,0.00,0.00,0.00,0.00,0.00,0.00,0.00,0.00,0.00,0.00,0.00,0.00,0.00,0.00,0.00,0.00,0.00,0.00,0.00,0.00,0.00,0.00,0.00,0.00,0.00,0.00,0.00,0.00,0.00,3620.00,1812.00,1810.00,0.00,2.00,0.00,0.00,0.00,0.00,0.00,0.00,3,2,1,0,0.00,0.00,0.00,0.00,0.00,0.00,0.00,0.00,0.00,0.00,0.00,0.00,0.00,0.00,0.00,0.00,0.00,0.00,0.00,0.00,0.00,0.00,0.00,0.00,0.00,0.00,0.00,0.00,0.00,0.00,0.00,0.00,0.00,0.00,0.00,0.00,0.00,0.00,0.00,0.00,0.00,0.00,0.00,0.00,0.00,0.00,0.00,0.00,0.00,0.00,0.00,0.00,0.00,43496.00,0.00,0.00,0.00,0.00,1995.37
0.50,0.00,0.00,0.00,0.00,0.00,8.42,0.00,0.00,91.09,0.00,359.00,0.00,0.00,0.00,0.00,0.00,0.00,21058.00,0.00,0.00,0.00,0.00,0.00,0.00,0.00,0.00,0.00,678380,1144960,1362340,66.76,47100,538160,3756072,184.06,846012,353868,400,614684,99704,7392,29056,0,0,0,0.00,0,0.00,0,0,0.00,26459,7680,36832,0,0,462,0.00,0.00,0.01,0,0.00,0.00,0.00,0.00,0.00,0.00,0.00,0.00,0.00,0.00,0.00,0.00,0.00,0.00,42516.00,1775.00,58153.12,100.54,0.00,0.00,0.00,0.00,0.00,0.00,0.00,0.00,0.00,0.00,0.00,0.00,0.00,0.00,0.00,0.00,0.00,0.00,0.00,0.00,0.00,0.00,0.00,0.00,0.00,0.00,0.00,0.00,0.00,0.00,724,3,5,0,0,0,42508.00,0.00,3546.00,1775.00,40733.00,1771.00,0.00,0.00,0.00,0.00,0.00,0.00,0.00,0.00,0.00,0.00,0.00,0.00,0.00,0.00,0.00,0.00,0.00,0.00,0.00,0.00,0.00,0.00,0.00,0.00,0.00,0.00,0.00,0.00,0.00,0.00,0.00,0.00,0.00,0.00,0.00,0.00,0.00,0.00,3545.00,1775.00,1774.00,0.00,4.00,0.00,0.00,0.00,0.00,0.00,0.00,3,2,1,0,0.00,0.00,0.00,0.00,0.00,0.00,0.00,0.00,0.00,0.00,0.00,0.00,0.00,0.00,0.00,0.00,0.00,0.00,0.00,0.00,0.00,0.00,0.00,0.00,0.00,0.00,0.00,0.00,0.00,0.00,0.00,0.00,0.00,0.00,0.00,0.00,0.00,0.00,0.00,0.00,0.00,0.00,0.00,0.00,0.00,0.00,0.00,0.00,0.00,0.00,0.00,0.00,0.00,42491.00,0.00,0.00,0.00,0.00,1995.37
0.00,0.00,0.00,0.00,0.50,0.00,8.00,0.00,0.00,91.50,0.00,366.00,0.00,0.00,0.00,0.00,0.00,0.00,20205.00,0.00,0.00,0.00,0.00,0.00,0.00,0.00,0.00,0.00,678412,1144996,1362308,66.76,47100,538176,3756072,184.06,846012,353868,416,614684,99708,7392,29056,0,0,0,0.00,0,0.00,0,0,0.00,26459,7680,36832,0,0,462,0.00,0.00,0.01,0,0.00,0.00,0.00,0.00,0.00,0.00,0.00,0.00,0.00,0.00,0.00,0.00,0.00,0.00,42290.00,1762.00,57857.04,99.80,0.00,0.00,0.00,0.00,0.00,0.00,0.00,1.00,0.00,0.00,0.00,0.00,0.00,0.00,0.00,0.00,0.00,0.00,0.00,0.00,0.00,0.00,0.00,0.00,0.00,0.00,0.00,0.00,0.00,0.00,724,3,5,0,1,0,42288.00,0.00,3524.00,1762.00,40526.00,1762.00,0.00,0.00,0.00,0.00,0.00,0.00,0.00,0.00,0.00,0.00,0.00,0.00,0.00,0.00,0.00,0.00,0.00,0.00,0.00,0.00,0.00,0.00,0.00,0.00,0.00,0.00,0.00,0.00,0.00,0.00,0.00,0.00,0.00,0.00,0.00,0.00,0.00,0.00,3524.00,1762.00,1762.00,0.00,0.00,0.00,0.00,0.00,0.00,0.00,0.00,3,2,1,0,0.00,0.00,0.00,0.00,0.00,0.00,0.00,0.00,0.00,0.00,0.00,0.00,0.00,0.00,0.00,0.00,0.00,0.00,0.00,0.00,0.00,0.00,0.00,0.00,0.00,0.00,0.00,0.00,0.00,0.00,0.00,0.00,0.00,0.00,0.00,0.00,0.00,0.00,0.00,0.00,0.00,0.00,0.00,0.00,0.00,0.00,0.00,0.00,0.00,0.00,0.00,0.00,0.00,42314.00,0.00,0.00,0.00,0.00,1995.37
0.50,0.00,0.50,0.00,0.00,0.00,7.04,0.00,0.00,91.96,0.00,352.00,0.00,0.00,0.00,0.00,0.00,0.00,20723.00,0.00,0.00,0.00,0.00,0.00,0.00,0.00,0.00,0.00,678412,1144996,1362308,66.76,47100,538192,3756072,184.06,846012,353868,432,614684,99708,7392,29056,0,0,0,0.00,0,0.00,0,0,0.00,26459,7680,36832,0,0,462,0.00,0.00,0.01,0,0.00,0.00,0.00,0.00,0.00,0.00,0.00,0.00,0.00,0.00,0.00,0.00,0.00,0.00,41913.00,1747.00,57332.09,98.95,0.00,0.00,0.00,0.00,0.00,0.00,0.00,0.00,0.00,0.00,0.00,0.00,0.00,0.00,0.00,0.00,0.00,0.00,0.00,0.00,0.00,0.00,0.00,0.00,0.00,0.00,0.00,0.00,0.00,0.00,724,3,5,0,1,0,41884.00,0.00,3488.00,1746.00,40141.00,1745.00,0.00,0.00,0.00,0.00,0.00,0.00,0.00,0.00,0.00,0.00,0.00,0.00,0.00,0.00,0.00,0.00,0.00,0.00,0.00,0.00,0.00,0.00,0.00,0.00,0.00,0.00,0.00,0.00,0.00,0.00,0.00,0.00,0.00,0.00,0.00,0.00,0.00,0.00,3489.00,1747.00,1743.00,0.00,1.00,0.00,0.00,0.00,0.00,0.00,0.00,3,2,1,0,0.00,0.00,0.00,0.00,0.00,0.00,0.00,0.00,0.00,0.00,0.00,0.00,0.00,0.00,0.00,0.00,0.00,0.00,0.00,0.00,0.00,0.00,0.00,0.00,0.00,0.00,0.00,0.00,0.00,0.00,0.00,0.00,0.00,0.00,0.00,0.00,0.00,0.00,0.00,0.00,0.00,0.00,0.00,0.00,0.00,0.00,0.00,0.00,0.00,0.00,0.00,0.00,0.00,41889.00,0.00,0.00,0.00,0.00,1995.37
0.00,0.00,0.49,0.98,0.00,0.00,9.76,0.00,0.00,88.78,0.00,384.00,0.00,0.00,0.00,12.00,0.00,0.00,20539.00,0.00,0.00,0.00,0.00,2.00,0.00,2.00,0.00,24.00,678412,1145052,1362308,66.76,47108,538204,3756072,184.06,846012,353924,444,614684,99708,7392,29056,0,0,0,0.00,0,0.00,0,0,0.00,26459,7680,36832,0,0,462,0.00,0.00,0.01,0,0.00,0.00,0.00,0.00,0.00,0.00,2.00,0.00,12.00,6.00,0.00,12.00,0.00,0.00,40788.00,1702.00,55789.04,96.40,0.00,0.00,0.00,0.00,0.00,0.00,0.00,1.00,0.00,0.00,0.00,0.00,0.00,0.00,0.00,0.00,0.00,0.00,0.00,0.00,0.00,0.00,0.00,0.00,0.00,0.00,0.00,0.00,0.00,0.00,724,3,5,0,0,0,40777.00,0.00,3401.00,1702.00,39071.00,1699.00,0.00,0.00,0.00,0.00,0.00,0.00,0.00,0.00,0.00,0.00,0.00,0.00,0.00,0.00,0.00,0.00,0.00,0.00,0.00,0.00,0.00,0.00,0.00,0.00,0.00,0.00,0.00,0.00,0.00,0.00,0.00,0.00,0.00,0.00,0.00,0.00,0.00,0.00,3398.00,1701.00,1700.00,0.00,3.00,0.00,0.00,0.00,0.00,0.00,0.00,3,2,1,0,0.00,0.00,0.00,0.00,0.00,0.00,0.00,0.00,0.00,0.00,0.00,0.00,0.00,0.00,0.00,0.00,0.00,0.00,0.00,0.00,0.00,0.00,0.00,0.00,0.00,0.00,0.00,0.00,0.00,0.00,0.00,0.00,0.00,0.00,0.00,0.00,0.00,0.00,0.00,0.00,0.00,0.00,0.00,0.00,0.00,0.00,0.00,0.00,0.00,0.00,0.00,0.00,0.00,40765.00,0.00,0.00,0.00,0.00,1995.37
0.50,0.00,0.00,0.00,0.00,0.00,7.46,0.00,0.00,92.04,0.00,349.00,0.00,0.00,0.00,0.00,0.00,0.00,19002.00,0.00,0.00,0.00,0.00,0.00,0.00,0.00,0.00,0.00,678540,1145180,1362180,66.75,47108,538220,3756072,184.06,846012,353924,460,614684,99708,7392,29056,0,0,0,0.00,0,0.00,0,0,0.00,26459,7680,36832,0,0,462,0.00,0.00,0.01,0,0.00,0.00,0.00,0.00,0.00,0.00,0.00,0.00,0.00,0.00,0.00,0.00,0.00,0.00,39196.00,1636.00,53621.36,92.66,0.00,0.00,0.00,0.00,0.00,0.00,0.00,0.00,0.00,0.00,0.00,0.00,0.00,0.00,0.00,0.00,0.00,0.00,0.00,0.00,0.00,0.00,0.00,0.00,0.00,0.00,0.00,0.00,0.00,0.00,724,3,5,0,0,0,39215.00,0.00,3267.00,1637.00,37582.00,1634.00,0.00,0.00,0.00,0.00,0.00,0.00,0.00,0.00,0.00,0.00,0.00,0.00,0.00,0.00,0.00,0.00,0.00,0.00,0.00,0.00,0.00,0.00,0.00,0.00,0.00,0.00,0.00,0.00,0.00,0.00,0.00,0.00,0.00,0.00,0.00,0.00,0.00,0.00,3267.00,1638.00,1632.00,0.00,3.00,0.00,0.00,0.00,0.00,0.00,0.00,3,2,1,0,0.00,0.00,0.00,0.00,0.00,0.00,0.00,0.00,0.00,0.00,0.00,0.00,0.00,0.00,0.00,0.00,0.00,0.00,0.00,0.00,0.00,0.00,0.00,0.00,0.00,0.00,0.00,0.00,0.00,0.00,0.00,0.00,0.00,0.00,0.00,0.00,0.00,0.00,0.00,0.00,0.00,0.00,0.00,0.00,0.00,0.00,0.00,0.00,0.00,0.00,0.00,0.00,0.00,39289.00,0.00,0.00,0.00,0.00,1995.37
0.00,0.00,0.50,0.00,0.50,0.00,7.00,0.00,0.00,92.00,0.00,337.00,0.00,0.00,0.00,0.00,0.00,0.00,18850.00,0.00,0.00,0.00,0.00,0.00,0.00,0.00,0.00,0.00,678224,1144864,1362496,66.77,47108,538236,3756072,184.06,846012,353924,476,614684,99708,7392,29056,0,0,0,0.00,0,0.00,0,0,0.00,26459,7680,36832,0,0,462,0.00,0.00,0.01,0,0.00,0.00,0.00,0.00,0.00,0.00,0.00,0.00,0.00,0.00,0.00,0.00,0.00,0.00,38020.00,1586.00,52012.35,89.83,0.00,0.00,0.00,0.00,0.00,0.00,0.00,1.00,0.00,0.00,0.00,0.00,0.00,0.00,0.00,0.00,0.00,0.00,0.00,0.00,0.00,0.00,0.00,0.00,0.00,0.00,0.00,0.00,0.00,0.00,724,3,5,0,0,0,38016.00,0.00,3168.00,1586.00,36432.00,1584.00,0.00,0.00,0.00,0.00,0.00,0.00,0.00,0.00,0.00,0.00,0.00,0.00,0.00,0.00,0.00,0.00,0.00,0.00,0.00,0.00,0.00,0.00,0.00,0.00,0.00,0.00,0.00,0.00,0.00,0.00,0.00,0.00,0.00,0.00,0.00,0.00,0.00,0.00,3167.00,1585.00,1584.00,0.00,2.00,0.00,0.00,0.00,0.00,0.00,0.00,3,2,1,0,0.00,0.00,0.00,0.00,0.00,0.00,0.00,0.00,0.00,0.00,0.00,0.00,0.00,0.00,0.00,0.00,0.00,0.00,0.00,0.00,0.00,0.00,0.00,0.00,0.00,0.00,0.00,0.00,0.00,0.00,0.00,0.00,0.00,0.00,0.00,0.00,0.00,0.00,0.00,0.00,0.00,0.00,0.00,0.00,0.00,0.00,0.00,0.00,0.00,0.00,0.00,0.00,0.00,37950.00,0.00,0.00,0.00,0.00,1995.37
0.00,0.00,0.00,0.00,0.00,0.00,7.07,0.00,0.00,92.93,0.00,349.00,0.00,0.00,0.00,0.00,0.00,0.00,18722.00,0.00,0.00,0.00,0.00,0.00,0.00,0.00,0.00,0.00,678288,1144928,1362432,66.76,47108,538252,3756072,184.06,846012,353924,492,614684,99708,7392,29056,0,0,0,0.00,0,0.00,0,0,0.00,26459,7680,36832,0,0,462,0.00,0.00,0.01,0,0.00,0.00,0.00,0.00,0.00,0.00,0.00,0.00,0.00,0.00,0.00,0.00,0.00,0.00,37445.00,1563.00,51224.37,88.53,0.00,0.00,0.00,0.00,0.00,0.00,0.00,0.00,0.00,0.00,0.00,0.00,0.00,0.00,0.00,0.00,0.00,0.00,0.00,0.00,0.00,0.00,0.00,0.00,0.00,0.00,0.00,0.00,0.00,0.00,724,3,5,0,0,0,37438.00,0.00,3118.00,1563.00,35880.00,1560.00,0.00,0.00,0.00,0.00,0.00,0.00,0.00,0.00,0.00,0.00,0.00,0.00,0.00,0.00,0.00,0.00,0.00,0.00,0.00,0.00,0.00,0.00,0.00,0.00,0.00,0.00,0.00,0.00,0.00,0.00,0.00,0.00,0.00,0.00,0.00,0.00,0.00,0.00,3118.00,1563.00,1558.00,0.00,3.00,0.00,0.00,0.00,0.00,0.00,0.00,3,2,1,0,0.00,0.00,0.00,0.00,0.00,0.00,0.00,0.00,0.00,0.00,0.00,0.00,0.00,0.00,0.00,0.00,0.00,0.00,0.00,0.00,0.00,0.00,0.00,0.00,0.00,0.00,0.00,0.00,0.00,0.00,0.00,0.00,0.00,0.00,0.00,0.00,0.00,0.00,0.00,0.00,0.00,0.00,0.00,0.00,0.00,0.00,0.00,0.00,0.00,0.00,0.00,0.00,0.00,37444.00,0.00,0.00,0.00,0.00,1995.37
0.00,0.00,0.50,0.00,0.00,0.00,7.92,0.00,0.00,91.58,0.00,356.00,0.00,0.00,0.00,480.00,0.00,0.00,18395.00,0.00,0.00,0.00,0.00,2.00,0.00,2.00,0.00,960.00,678256,1144964,1362464,66.76,47108,538268,3756072,184.06,846012,353992,28,614684,99708,7392,29056,0,0,0,0.00,0,0.00,0,0,0.00,26459,7680,36832,0,0,462,0.00,0.00,0.01,0,0.00,0.00,0.00,0.00,0.00,0.00,2.00,0.00,480.00,240.00,0.00,0.00,0.00,0.00,36653.00,1531.00,50140.76,86.72,0.00,0.00,0.00,0.00,0.00,0.00,0.00,1.00,0.00,0.00,0.00,0.00,0.00,0.00,0.00,0.00,0.00,0.00,0.00,0.00,0.00,0.00,0.00,0.00,0.00,0.00,0.00,0.00,0.00,0.00,724,3,5,0,0,0,36626.00,0.00,3054.00,1530.00,35098.00,1526.00,0.00,0.00,0.00,0.00,0.00,0.00,0.00,0.00,0.00,0.00,0.00,0.00,0.00,0.00,0.00,0.00,0.00,0.00,0.00,0.00,0.00,0.00,0.00,0.00,0.00,0.00,0.00,0.00,0.00,0.00,0.00,0.00,0.00,0.00,0.00,0.00,0.00,0.00,3055.00,1531.00,1528.00,0.00,4.00,0.00,0.00,0.00,0.00,0.00,0.00,3,2,1,0,0.00,0.00,0.00,0.00,0.00,0.00,0.00,0.00,0.00,0.00,0.00,0.00,0.00,0.00,0.00,0.00,0.00,0.00,0.00,0.00,0.00,0.00,0.00,0.00,0.00,0.00,0.00,0.00,0.00,0.00,0.00,0.00,0.00,0.00,0.00,0.00,0.00,0.00,0.00,0.00,0.00,0.00,0.00,0.00,0.00,0.00,0.00,0.00,0.00,0.00,0.00,0.00,0.00,36654.00,0.00,0.00,0.00,0.00,1995.37
0.50,0.00,0.00,1.98,0.00,0.00,7.92,0.00,0.00,89.60,0.00,373.00,0.00,0.00,0.00,20.00,0.00,0.00,17443.00,0.00,0.00,0.00,0.00,2.00,0.00,2.00,0.00,40.00,678288,1144996,1362432,66.76,47116,538280,3756072,184.06,846012,353992,48,614684,99708,7392,29056,0,0,0,0.00,0,0.00,0,0,0.00,26459,7680,36832,0,0,462,0.00,0.00,0.01,0,0.00,0.00,0.00,0.00,0.00,0.00,2.00,0.00,20.00,10.00,0.00,24.00,0.00,0.00,35812.00,1493.00,48991.45,84.56,0.00,0.00,0.00,0.00,0.00,0.00,0.00,0.00,0.00,0.00,0.00,0.00,0.00,0.00,0.00,0.00,0.00,0.00,0.00,0.00,0.00,0.00,0.00,0.00,0.00,0.00,0.00,0.00,0.00,0.00,724,3,5,0,0,0,35830.00,0.00,2984.00,1494.00,34339.00,1493.00,0.00,0.00,0.00,0.00,0.00,0.00,0.00,0.00,0.00,0.00,0.00,0.00,0.00,0.00,0.00,0.00,0.00,0.00,0.00,0.00,0.00,0.00,0.00,0.00,0.00,0.00,0.00,0.00,0.00,0.00,0.00,0.00,0.00,0.00,0.00,0.00,0.00,0.00,2984.00,1493.00,1492.00,0.00,1.00,0.00,0.00,0.00,0.00,0.00,0.00,3,2,1,0,0.00,0.00,0.00,0.00,0.00,0.00,0.00,0.00,0.00,0.00,0.00,0.00,0.00,0.00,0.00,0.00,0.00,0.00,0.00,0.00,0.00,0.00,0.00,0.00,0.00,0.00,0.00,0.00,0.00,0.00,0.00,0.00,0.00,0.00,0.00,0.00,0.00,0.00,0.00,0.00,0.00,0.00,0.00,0.00,0.00,0.00,0.00,0.00,0.00,0.00,0.00,0.00,0.00,35811.00,0.00,0.00,0.00,0.00,1995.37
0.49,0.00,0.00,0.00,0.00,0.00,8.82,0.00,0.00,90.69,0.00,364.00,0.00,0.00,0.00,0.00,0.00,0.00,16779.00,0.00,0.00,0.00,0.00,0.00,0.00,0.00,0.00,0.00,678384,1145092,1362336,66.76,47116,538296,3756072,184.06,846012,353992,64,614684,99708,7392,29056,0,0,0,0.00,0,0.00,0,0,0.00,26459,7680,36832,0,0,462,0.00,0.00,0.01,0,0.00,0.00,0.00,0.00,0.00,0.00,0.00,0.00,0.00,0.00,0.00,0.00,0.00,0.00,34664.00,1448.00,47415.54,82.02,0.00,0.00,0.00,0.00,0.00,0.00,0.00,1.00,0.00,0.00,0.00,0.00,0.00,0.00,0.00,0.00,0.00,0.00,0.00,0.00,0.00,0.00,0.00,0.00,0.00,0.00,0.00,0.00,0.00,0.00,724,3,5,0,0,0,34659.00,0.00,2891.00,1448.00,33212.00,1444.00,0.00,0.00,0.00,0.00,0.00,0.00,0.00,0.00,0.00,0.00,0.00,0.00,0.00,0.00,0.00,0.00,0.00,0.00,0.00,0.00,0.00,0.00,0.00,0.00,0.00,0.00,0.00,0.00,0.00,0.00,0.00,0.00,0.00,0.00,0.00,0.00,0.00,0.00,2890.00,1448.00,1446.00,0.00,4.00,0.00,0.00,0.00,0.00,0.00,0.00,3,2,1,0,0.00,0.00,0.00,0.00,0.00,0.00,0.00,0.00,0.00,0.00,0.00,0.00,0.00,0.00,0.00,0.00,0.00,0.00,0.00,0.00,0.00,0.00,0.00,0.00,0.00,0.00,0.00,0.00,0.00,0.00,0.00,0.00,0.00,0.00,0.00,0.00,0.00,0.00,0.00,0.00,0.00,0.00,0.00,0.00,0.00,0.00,0.00,0.00,0.00,0.00,0.00,0.00,0.00,34664.00,0.00,0.00,0.00,0.00,1995.37
0.00,0.00,0.00,0.00,0.50,0.00,7.92,0.00,0.00,91.58,0.00,352.00,0.00,0.00,0.00,0.00,0.00,0.00,16914.00,0.00,0.00,0.00,0.00,0.00,0.00,0.00,0.00,0.00,678248,1144960,1362472,66.76,47116,538312,3756072,184.06,846012,353992,80,614684,99716,7392,29056,0,0,0,0.00,0,0.00,0,0,0.00,26459,7680,36832,0,0,462,0.00,0.00,0.01,0,0.00,0.00,0.00,0.00,0.00,0.00,0.00,0.00,0.00,0.00,0.00,0.00,0.00,0.00,33441.00,1394.00,45741.00,78.96,0.00,0.00,0.00,0.00,0.00,0.00,0.00,0.00,0.00,0.00,0.00,0.00,0.00,0.00,0.00,0.00,0.00,0.00,0.00,0.00,0.00,0.00,0.00,0.00,0.00,0.00,0.00,0.00,0.00,0.00,724,3,5,0,0,0,33408.00,0.00,2784.00,1393.00,32016.00,1392.00,0.00,0.00,0.00,0.00,0.00,0.00,0.00,0.00,0.00,0.00,0.00,0.00,0.00,0.00,0.00,0.00,0.00,0.00,0.00,0.00,0.00,0.00,0.00,0.00,0.00,0.00,0.00,0.00,0.00,0.00,0.00,0.00,0.00,0.00,0.00,0.00,0.00,0.00,2784.00,1393.00,1392.00,0.00,1.00,0.00,0.00,0.00,0.00,0.00,0.00,3,2,1,0,0.00,0.00,0.00,0.00,0.00,0.00,0.00,0.00,0.00,0.00,0.00,0.00,0.00,0.00,0.00,0.00,0.00,0.00,0.00,0.00,0.00,0.00,0.00,0.00,0.00,0.00,0.00,0.00,0.00,0.00,0.00,0.00,0.00,0.00,0.00,0.00,0.00,0.00,0.00,0.00,0.00,0.00,0.00,0.00,0.00,0.00,0.00,0.00,0.00,0.00,0.00,0.00,0.00,33443.00,0.00,0.00,0.00,0.00,1995.37
0.50,0.00,0.50,0.00,0.00,0.00,5.53,0.00,0.00,93.47,0.00,323.00,0.00,0.00,0.00,0.00,0.00,0.00,16125.00,0.00,0.00,0.00,0.00,0.00,0.00,0.00,0.00,0.00,678280,1145048,1362440,66.76,47116,538328,3756072,184.06,846012,354048,96,614684,99720,7392,29056,0,0,0,0.00,0,0.00,0,0,0.00,26459,7680,36832,0,0,462,0.00,0.00,0.01,0,0.00,0.00,0.00,0.00,0.00,0.00,0.00,0.00,0.00,0.00,0.00,0.00,0.00,0.00,32362.00,1350.00,44263.41,76.46,0.00,0.00,0.00,0.00,0.00,0.00,0.00,1.00,0.00,0.00,0.00,0.00,0.00,0.00,0.00,0.00,0.00,0.00,0.00,0.00,0.00,0.00,0.00,0.00,0.00,0.00,0.00,0.00,0.00,0.00,724,3,5,0,0,0,32377.00,0.00,2699.00,1351.00,31027.00,1349.00,0.00,0.00,0.00,0.00,0.00,0.00,0.00,0.00,0.00,0.00,0.00,0.00,0.00,0.00,0.00,0.00,0.00,0.00,0.00,0.00,0.00,0.00,0.00,0.00,0.00,0.00,0.00,0.00,0.00,0.00,0.00,0.00,0.00,0.00,0.00,0.00,0.00,0.00,2700.00,1351.00,1351.00,0.00,2.00,0.00,0.00,0.00,0.00,0.00,0.00,3,2,1,0,0.00,0.00,0.00,0.00,0.00,0.00,0.00,0.00,0.00,0.00,0.00,0.00,0.00,0.00,0.00,0.00,0.00,0.00,0.00,0.00,0.00,0.00,0.00,0.00,0.00,0.00,0.00,0.00,0.00,0.00,0.00,0.00,0.00,0.00,0.00,0.00,0.00,0.00,0.00,0.00,0.00,0.00,0.00,0.00,0.00,0.00,0.00,0.00,0.00,0.00,0.00,0.00,0.00,32337.00,0.00,0.00,0.00,0.00,1995.37
0.00,0.00,0.00,0.00,0.00,0.00,6.06,0.00,0.00,93.94,0.00,341.00,0.00,0.00,0.00,28.00,0.00,0.00,15307.00,0.00,0.00,0.00,0.00,3.00,0.00,3.00,0.00,32.00,678248,1145016,1362472,66.76,47116,538344,3756072,184.06,846012,354048,112,614684,99720,7392,29056,0,0,0,0.00,0,0.00,0,0,0.00,26459,7680,36832,0,0,462,0.00,0.00,0.01,0,0.00,0.00,0.00,0.00,0.00,0.00,3.00,0.00,16.00,5.33,0.17,17.33,18.67,5.60,31493.00,1314.00,43081.05,74.43,0.00,0.00,0.00,0.00,0.00,0.00,0.00,0.00,0.00,0.00,0.00,0.00,0.00,0.00,0.00,0.00,0.00,0.00,0.00,0.00,0.00,0.00,0.00,0.00,0.00,0.00,0.00,0.00,0.00,0.00,724,3,5,0,0,0,31475.00,0.00,2622.00,1313.00,30164.00,1311.00,0.00,0.00,0.00,0.00,0.00,0.00,0.00,0.00,0.00,0.00,0.00,0.00,0.00,0.00,0.00,0.00,0.00,0.00,0.00,0.00,0.00,0.00,0.00,0.00,0.00,0.00,0.00,0.00,0.00,0.00,0.00,0.00,0.00,0.00,0.00,0.00,0.00,0.00,2622.00,1314.00,1310.00,0.00,2.00,0.00,0.00,0.00,0.00,0.00,0.00,3,2,1,0,0.00,0.00,0.00,0.00,0.00,0.00,0.00,0.00,0.00,0.00,0.00,0.00,0.00,0.00,0.00,0.00,0.00,0.00,0.00,0.00,0.00,0.00,0.00,0.00,0.00,0.00,0.00,0.00,0.00,0.00,0.00,0.00,0.00,0.00,0.00,0.00,0.00,0.00,0.00,0.00,0.00,0.00,0.00,0.00,0.00,0.00,0.00,0.00,0.00,0.00,0.00,0.00,0.00,31532.00,0.00,0.00,0.00,0.00,1995.37
0.49,0.00,0.49,6.37,0.49,0.00,7.84,0.00,0.00,84.31,0.00,383.00,0.00,0.00,0.00,12.00,0.00,0.00,15236.00,0.00,0.00,0.00,0.00,5.00,0.00,5.00,0.00,48.00,678220,1145008,1362500,66.77,47124,538356,3756072,184.06,846012,354068,92,614684,99720,7392,29056,0,0,0,0.00,0,0.00,0,0,0.00,26459,7680,36832,0,0,462,0.00,0.00,0.01,0,0.00,0.00,0.00,0.00,0.00,0.00,5.00,0.00,24.00,4.80,0.15,93.60,11.20,5.60,30489.00,1271.00,41702.16,71.99,0.00,0.00,0.00,0.00,0.00,0.00,0.00,1.00,0.00,0.00,0.00,0.00,0.00,0.00,0.00,0.00,0.00,0.00,0.00,0.00,0.00,0.00,0.00,0.00,0.00,0.00,0.00,0.00,0.00,0.00,724,3,5,0,0,0,30469.00,0.00,2540.00,1271.00,29199.00,1270.00,0.00,0.00,0.00,0.00,0.00,0.00,0.00,0.00,0.00,0.00,0.00,0.00,0.00,0.00,0.00,0.00,0.00,0.00,0.00,0.00,0.00,0.00,0.00,0.00,0.00,0.00,0.00,0.00,0.00,0.00,0.00,0.00,0.00,0.00,0.00,0.00,0.00,0.00,2539.00,1270.00,1270.00,0.00,1.00,0.00,0.00,0.00,0.00,0.00,0.00,3,2,1,0,0.00,0.00,0.00,0.00,0.00,0.00,0.00,0.00,0.00,0.00,0.00,0.00,0.00,0.00,0.00,0.00,0.00,0.00,0.00,0.00,0.00,0.00,0.00,0.00,0.00,0.00,0.00,0.00,0.00,0.00,0.00,0.00,0.00,0.00,0.00,0.00,0.00,0.00,0.00,0.00,0.00,0.00,0.00,0.00,0.00,0.00,0.00,0.00,0.00,0.00,0.00,0.00,0.00,30452.00,0.00,0.00,0.00,0.00,1995.37
0.00,0.00,0.00,0.00,0.00,0.00,6.50,0.00,0.00,93.50,0.00,335.00,0.00,0.00,0.00,0.00,0.00,0.00,14883.00,0.00,0.00,0.00,0.00,0.00,0.00,0.00,0.00,0.00,678124,1144912,1362596,66.77,47124,538372,3756072,184.06,846012,354068,108,614684,99720,7392,29056,0,0,0,0.00,0,0.00,0,0,0.00,26459,7680,36832,0,0,462,0.00,0.00,0.01,0,0.00,0.00,0.00,0.00,0.00,0.00,0.00,0.00,0.00,0.00,0.00,0.00,0.00,0.00,29579.00,1232.00,40454.53,69.78,0.00,0.00,0.00,0.00,0.00,0.00,0.00,0.00,0.00,0.00,0.00,0.00,0.00,0.00,0.00,0.00,0.00,0.00,0.00,0.00,0.00,0.00,0.00,0.00,0.00,0.00,0.00,0.00,0.00,0.00,724,3,5,0,0,0,29567.00,0.00,2463.00,1232.00,28336.00,1232.00,0.00,0.00,0.00,0.00,0.00,0.00,0.00,0.00,0.00,0.00,0.00,0.00,0.00,0.00,0.00,0.00,0.00,0.00,0.00,0.00,0.00,0.00,0.00,0.00,0.00,0.00,0.00,0.00,0.00,0.00,0.00,0.00,0.00,0.00,0.00,0.00,0.00,0.00,2465.00,1233.00,1232.00,0.00,0.00,0.00,0.00,0.00,0.00,0.00,0.00,3,2,1,0,0.00,0.00,0.00,0.00,0.00,0.00,0.00,0.00,0.00,0.00,0.00,0.00,0.00,0.00,0.00,0.00,0.00,0.00,0.00,0.00,0.00,0.00,0.00,0.00,0.00,0.00,0.00,0.00,0.00,0.00,0.00,0.00,0.00,0.00,0.00,0.00,0.00,0.00,0.00,0.00,0.00,0.00,0.00,0.00,0.00,0.00,0.00,0.00,0.00,0.00,0.00,0.00,0.00,29577.00,0.00,0.00,0.00,0.00,1995.37
0.00,0.00,0.50,0.00,0.00,0.00,6.50,0.00,0.00,93.00,0.00,336.00,0.00,0.00,0.00,0.00,0.00,0.00,14051.00,0.00,0.00,0.00,0.00,0.00,0.00,0.00,0.00,0.00,678220,1145008,1362500,66.77,47124,538388,3756072,184.06,846012,354068,124,614684,99720,7392,29056,0,0,0,0.00,0,0.00,0,0,0.00,26459,7680,36832,0,0,462,0.00,0.00,0.01,0,0.00,0.00,0.00,0.00,0.00,0.00,0.00,0.00,0.00,0.00,0.00,0.00,0.00,0.00,28069.00,1171.00,38386.48,66.33,0.00,0.00,0.00,0.00,0.00,0.00,0.00,1.00,0.00,0.00,0.00,0.00,0.00,0.00,0.00,0.00,0.00,0.00,0.00,0.00,0.00,0.00,0.00,0.00,0.00,0.00,0.00,0.00,0.00,0.00,724,3,5,0,0,0,28063.00,0.00,2341.00,1171.00,26887.00,1169.00,0.00,0.00,0.00,0.00,0.00,0.00,0.00,0.00,0.00,0.00,0.00,0.00,0.00,0.00,0.00,0.00,0.00,0.00,0.00,0.00,0.00,0.00,0.00,0.00,0.00,0.00,0.00,0.00,0.00,0.00,0.00,0.00,0.00,0.00,0.00,0.00,0.00,0.00,2335.00,1170.00,1167.00,0.00,2.00,0.00,0.00,0.00,0.00,0.00,0.00,3,2,1,0,0.00,0.00,0.00,0.00,0.00,0.00,0.00,0.00,0.00,0.00,0.00,0.00,0.00,0.00,0.00,0.00,0.00,0.00,0.00,0.00,0.00,0.00,0.00,0.00,0.00,0.00,0.00,0.00,0.00,0.00,0.00,0.00,0.00,0.00,0.00,0.00,0.00,0.00,0.00,0.00,0.00,0.00,0.00,0.00,0.00,0.00,0.00,0.00,0.00,0.00,0.00,0.00,0.00,28093.00,0.00,0.00,0.00,0.00,1995.37
0.00,0.00,0.00,0.00,0.50,0.00,6.93,0.00,0.00,92.57,0.00,352.00,0.00,0.00,0.00,0.00,0.00,0.00,13827.00,0.00,0.00,0.00,0.00,0.00,0.00,0.00,0.00,0.00,678156,1145000,1362564,66.77,47124,538404,3756072,184.06,846012,354124,140,614684,99720,7392,29056,0,0,0,0.00,0,0.00,0,0,0.00,26459,7680,36832,0,0,462,0.00,0.00,0.01,0,0.00,0.00,0.00,0.00,0.00,0.00,0.00,0.00,0.00,0.00,0.00,0.00,0.00,0.00,27746.00,1157.00,37958.46,65.53,0.00,0.00,0.00,0.00,0.00,0.00,0.00,0.00,0.00,0.00,0.00,0.00,0.00,0.00,0.00,0.00,0.00,0.00,0.00,0.00,0.00,0.00,0.00,0.00,0.00,0.00,0.00,0.00,0.00,0.00,724,3,5,0,0,0,27744.00,0.00,2312.00,1157.00,26588.00,1156.00,0.00,0.00,0.00,0.00,0.00,0.00,0.00,0.00,0.00,0.00,0.00,0.00,0.00,0.00,0.00,0.00,0.00,0.00,0.00,0.00,0.00,0.00,0.00,0.00,0.00,0.00,0.00,0.00,0.00,0.00,0.00,0.00,0.00,0.00,0.00,0.00,0.00,0.00,2313.00,1157.00,1157.00,0.00,1.00,0.00,0.00,0.00,0.00,0.00,0.00,3,2,1,0,0.00,0.00,0.00,0.00,0.00,0.00,0.00,0.00,0.00,0.00,0.00,0.00,0.00,0.00,0.00,0.00,0.00,0.00,0.00,0.00,0.00,0.00,0.00,0.00,0.00,0.00,0.00,0.00,0.00,0.00,0.00,0.00,0.00,0.00,0.00,0.00,0.00,0.00,0.00,0.00,0.00,0.00,0.00,0.00,0.00,0.00,0.00,0.00,0.00,0.00,0.00,0.00,0.00,27723.00,0.00,0.00,0.00,0.00,1995.37
0.49,0.00,0.00,0.00,0.00,0.00,7.84,0.00,0.00,91.67,0.00,366.00,0.00,0.00,0.00,0.00,0.00,0.00,13195.00,0.00,0.00,0.00,0.00,0.00,0.00,0.00,0.00,0.00,678092,1144936,1362628,66.77,47124,538420,3756072,184.06,846012,354124,156,614684,99720,7392,29056,0,0,0,0.00,0,0.00,0,0,0.00,26459,7680,36832,0,0,462,0.00,0.00,0.01,0,0.00,0.00,0.00,0.00,0.00,0.00,0.00,0.00,0.00,0.00,0.00,0.00,0.00,0.00,26574.00,1109.00,36349.76,62.81,0.00,0.00,0.00,0.00,0.00,0.00,0.00,3.00,0.00,0.00,0.00,0.00,0.00,0.00,0.00,0.00,0.00,0.00,0.00,0.00,0.00,0.00,0.00,0.00,0.00,0.00,0.00,0.00,0.00,0.00,724,3,5,0,0,0,26592.00,0.00,2216.00,1110.00,25484.00,1108.00,0.00,0.00,0.00,0.00,0.00,0.00,0.00,0.00,0.00,0.00,0.00,0.00,0.00,0.00,0.00,0.00,0.00,0.00,0.00,0.00,0.00,0.00,0.00,0.00,0.00,0.00,0.00,0.00,0.00,0.00,0.00,0.00,0.00,0.00,0.00,0.00,0.00,0.00,2216.00,1110.00,1108.00,0.00,2.00,0.00,0.00,0.00,0.00,0.00,0.00,3,2,1,0,0.00,0.00,0.00,0.00,0.00,0.00,0.00,0.00,0.00,0.00,0.00,0.00,0.00,0.00,0.00,0.00,0.00,0.00,0.00,0.00,0.00,0.00,0.00,0.00,0.00,0.00,0.00,0.00,0.00,0.00,0.00,0.00,0.00,0.00,0.00,0.00,0.00,0.00,0.00,0.00,0.00,0.00,0.00,0.00,0.00,0.00,0.00,0.00,0.00,0.00,0.00,0.00,0.00,26621.00,0.00,0.00,0.00,0.00,1995.37
0.00,0.00,0.50,5.00,0.00,0.00,6.00,0.00,0.00,88.50,0.00,355.00,0.00,0.00,0.00,12.00,0.00,0.00,12956.00,0.00,0.00,0.00,0.00,2.00,0.00,2.00,0.00,24.00,678220,1145064,1362500,66.77,47132,538432,3756072,184.06,846012,354124,168,614684,99720,7392,29056,0,0,0,0.00,0,0.00,0,0,0.00,26459,7680,36832,0,0,462,0.00,0.00,0.01,0,0.00,0.00,0.00,0.00,0.00,0.00,2.00,0.00,12.00,6.00,0.00,54.00,0.00,0.00,25709.00,1072.00,35167.59,60.72,0.00,0.00,0.00,0.00,0.00,0.00,0.00,0.00,0.00,0.00,0.00,0.00,0.00,0.00,0.00,0.00,0.00,0.00,0.00,0.00,0.00,0.00,0.00,0.00,0.00,0.00,0.00,0.00,0.00,0.00,724,3,5,0,0,0,25679.00,0.00,2139.00,1071.00,24610.00,1070.00,0.00,0.00,0.00,0.00,0.00,0.00,0.00,0.00,0.00,0.00,0.00,0.00,0.00,0.00,0.00,0.00,0.00,0.00,0.00,0.00,0.00,0.00,0.00,0.00,0.00,0.00,0.00,0.00,0.00,0.00,0.00,0.00,0.00,0.00,0.00,0.00,0.00,0.00,2141.00,1072.00,1070.00,0.00,1.00,0.00,0.00,0.00,0.00,0.00,0.00,3,2,1,0,0.00,0.00,0.00,0.00,0.00,0.00,0.00,0.00,0.00,0.00,0.00,0.00,0.00,0.00,0.00,0.00,0.00,0.00,0.00,0.00,0.00,0.00,0.00,0.00,0.00,0.00,0.00,0.00,0.00,0.00,0.00,0.00,0.00,0.00,0.00,0.00,0.00,0.00,0.00,0.00,0.00,0.00,0.00,0.00,0.00,0.00,0.00,0.00,0.00,0.00,0.00,0.00,0.00,25686.00,0.00,0.00,0.00,0.00,1995.37
0.00,0.00,0.00,0.00,0.50,0.00,5.53,0.00,0.00,93.97,0.00,325.00,0.00,0.00,0.00,0.00,0.00,0.00,12803.00,0.00,0.00,0.00,0.00,0.00,0.00,0.00,0.00,0.00,678220,1145064,1362500,66.77,47132,538448,3756072,184.06,846012,354124,184,614684,99720,7392,29056,0,0,0,0.00,0,0.00,0,0,0.00,26459,7680,36832,0,0,462,0.00,0.00,0.01,0,0.00,0.00,0.00,0.00,0.00,0.00,0.00,0.00,0.00,0.00,0.00,0.00,0.00,0.00,25347.00,1058.00,34674.92,59.93,0.00,0.00,0.00,0.00,0.00,0.00,0.00,1.00,0.00,0.00,0.00,0.00,0.00,0.00,0.00,0.00,0.00,0.00,0.00,0.00,0.00,0.00,0.00,0.00,0.00,0.00,0.00,0.00,0.00,0.00,724,3,5,0,0,0,25345.00,0.00,2113.00,1058.00,24288.00,1056.00,0.00,0.00,0.00,0.00,0.00,0.00,0.00,0.00,0.00,0.00,0.00,0.00,0.00,0.00,0.00,0.00,0.00,0.00,0.00,0.00,0.00,0.00,0.00,0.00,0.00,0.00,0.00,0.00,0.00,0.00,0.00,0.00,0.00,0.00,0.00,0.00,0.00,0.00,2110.00,1057.00,1055.00,0.00,2.00,0.00,0.00,0.00,0.00,0.00,0.00,3,2,1,0,0.00,0.00,0.00,0.00,0.00,0.00,0.00,0.00,0.00,0.00,0.00,0.00,0.00,0.00,0.00,0.00,0.00,0.00,0.00,0.00,0.00,0.00,0.00,0.00,0.00,0.00,0.00,0.00,0.00,0.00,0.00,0.00,0.00,0.00,0.00,0.00,0.00,0.00,0.00,0.00,0.00,0.00,0.00,0.00,0.00,0.00,0.00,0.00,0.00,0.00,0.00,0.00,0.00,25346.00,0.00,0.00,0.00,0.00,1995.37
0.50,0.00,0.00,0.00,0.00,0.00,5.97,0.00,0.00,93.53,0.00,326.00,0.00,0.00,0.00,0.00,0.00,0.00,12162.00,0.00,0.00,0.00,0.00,0.00,0.00,0.00,0.00,0.00,678284,1145184,1362436,66.76,47132,538464,3756072,184.06,846012,354180,200,614684,99720,7392,29056,0,0,0,0.00,0,0.00,0,0,0.00,26459,7680,36832,0,0,462,0.00,0.00,0.01,0,0.00,0.00,0.00,0.00,0.00,0.00,0.00,0.00,0.00,0.00,0.00,0.00,0.00,0.00,24191.00,1010.00,33098.58,57.21,0.00,0.00,0.00,0.00,0.00,0.00,0.00,0.00,0.00,0.00,0.00,0.00,0.00,0.00,0.00,0.00,0.00,0.00,0.00,0.00,0.00,0.00,0.00,0.00,0.00,0.00,0.00,0.00,0.00,0.00,724,3,5,0,0,0,24215.00,0.00,2017.00,1011.00,23207.00,1009.00,0.00,0.00,0.00,0.00,0.00,0.00,0.00,0.00,0.00,0.00,0.00,0.00,0.00,0.00,0.00,0.00,0.00,0.00,0.00,0.00,0.00,0.00,0.00,0.00,0.00,0.00,0.00,0.00,0.00,0.00,0.00,0.00,0.00,0.00,0.00,0.00,0.00,0.00,2018.00,1012.00,1008.00,0.00,2.00,0.00,0.00,0.00,0.00,0.00,0.00,3,2,1,0,0.00,0.00,0.00,0.00,0.00,0.00,0.00,0.00,0.00,0.00,0.00,0.00,0.00,0.00,0.00,0.00,0.00,0.00,0.00,0.00,0.00,0.00,0.00,0.00,0.00,0.00,0.00,0.00,0.00,0.00,0.00,0.00,0.00,0.00,0.00,0.00,0.00,0.00,0.00,0.00,0.00,0.00,0.00,0.00,0.00,0.00,0.00,0.00,0.00,0.00,0.00,0.00,0.00,24237.00,0.00,0.00,0.00,0.00,1995.37
0.00,0.00,0.50,0.00,0.00,0.00,5.53,0.00,0.00,93.97,0.00,321.00,0.00,0.00,0.00,0.00,0.00,0.00,12077.00,0.00,0.00,0.00,0.00,0.00,0.00,0.00,0.00,0.00,677908,1144812,1362812,66.78,47132,538480,3756072,184.06,846012,354180,216,614684,99724,7392,29056,0,0,0,0.00,0,0.00,0,0,0.00,26459,7680,36832,0,0,462,0.00,0.00,0.01,0,0.00,0.00,0.00,0.00,0.00,0.00,0.00,0.00,0.00,0.00,0.00,0.00,0.00,0.00,24464.00,1021.00,33460.28,57.83,0.00,0.00,0.00,0.00,0.00,0.00,0.00,1.00,0.00,0.00,0.00,0.00,0.00,0.00,0.00,0.00,0.00,0.00,0.00,0.00,0.00,0.00,0.00,0.00,0.00,0.00,0.00,0.00,0.00,0.00,724,3,5,0,0,0,24432.00,0.00,2036.00,1020.00,23414.00,1018.00,0.00,0.00,0.00,0.00,0.00,0.00,0.00,0.00,0.00,0.00,0.00,0.00,0.00,0.00,0.00,0.00,0.00,0.00,0.00,0.00,0.00,0.00,0.00,0.00,0.00,0.00,0.00,0.00,0.00,0.00,0.00,0.00,0.00,0.00,0.00,0.00,0.00,0.00,2035.00,1019.00,1018.00,0.00,2.00,0.00,0.00,0.00,0.00,0.00,0.00,3,2,1,0,0.00,0.00,0.00,0.00,0.00,0.00,0.00,0.00,0.00,0.00,0.00,0.00,0.00,0.00,0.00,0.00,0.00,0.00,0.00,0.00,0.00,0.00,0.00,0.00,0.00,0.00,0.00,0.00,0.00,0.00,0.00,0.00,0.00,0.00,0.00,0.00,0.00,0.00,0.00,0.00,0.00,0.00,0.00,0.00,0.00,0.00,0.00,0.00,0.00,0.00,0.00,0.00,0.00,24394.00,0.00,0.00,0.00,0.00,1995.37
0.00,0.00,0.50,0.00,0.50,0.00,5.00,0.00,0.00,94.00,0.00,317.00,0.00,0.00,0.00,0.00,0.00,0.00,11739.00,0.00,0.00,0.00,0.00,0.00,0.00,0.00,0.00,0.00,677940,1144844,1362780,66.78,47132,538496,3756072,184.06,846012,354180,232,614684,99724,7392,29056,0,0,0,0.00,0,0.00,0,0,0.00,26459,7680,36832,0,0,462,0.00,0.00,0.01,0,0.00,0.00,0.00,0.00,0.00,0.00,0.00,0.00,0.00,0.00,0.00,0.00,0.00,0.00,23845.00,997.00,32607.34,56.47,0.00,0.00,0.00,0.00,0.00,0.00,0.00,0.00,0.00,0.00,0.00,0.00,0.00,0.00,0.00,0.00,0.00,0.00,0.00,0.00,0.00,0.00,0.00,0.00,0.00,0.00,0.00,0.00,0.00,0.00,724,3,5,0,0,0,23834.00,0.00,1986.00,997.00,22839.00,993.00,0.00,0.00,0.00,0.00,0.00,0.00,0.00,0.00,0.00,0.00,0.00,0.00,0.00,0.00,0.00,0.00,0.00,0.00,0.00,0.00,0.00,0.00,0.00,0.00,0.00,0.00,0.00,0.00,0.00,0.00,0.00,0.00,0.00,0.00,0.00,0.00,0.00,0.00,1987.00,998.00,993.00,0.00,4.00,0.00,0.00,0.00,0.00,0.00,0.00,3,2,1,0,0.00,0.00,0.00,0.00,0.00,0.00,0.00,0.00,0.00,0.00,0.00,0.00,0.00,0.00,0.00,0.00,0.00,0.00,0.00,0.00,0.00,0.00,0.00,0.00,0.00,0.00,0.00,0.00,0.00,0.00,0.00,0.00,0.00,0.00,0.00,0.00,0.00,0.00,0.00,0.00,0.00,0.00,0.00,0.00,0.00,0.00,0.00,0.00,0.00,0.00,0.00,0.00,0.00,23845.00,0.00,0.00,0.00,0.00,1995.37
0.51,0.00,0.00,5.05,0.00,0.00,4.55,0.00,0.00,89.90,0.00,328.00,0.00,0.00,0.00,12.00,0.00,0.00,11307.00,0.00,0.00,0.00,0.00,2.00,0.00,2.00,0.00,24.00,678004,1144908,1362716,66.78,47140,538500,3756072,184.06,846012,354180,244,614684,99724,7392,29056,0,0,0,0.00,0,0.00,0,0,0.00,26459,7680,36832,0,0,462,0.00,0.00,0.01,0,0.00,0.00,0.00,0.00,0.00,0.00,2.00,0.00,12.00,6.00,0.00,54.00,0.00,0.00,22902.00,957.00,31325.83,54.21,0.00,0.00,0.00,0.00,0.00,0.00,0.00,1.00,0.00,0.00,0.00,0.00,0.00,0.00,0.00,0.00,0.00,0.00,0.00,0.00,0.00,0.00,0.00,0.00,0.00,0.00,0.00,0.00,0.00,0.00,724,3,5,0,0,0,22898.00,0.00,1910.00,957.00,21942.00,954.00,0.00,0.00,0.00,0.00,0.00,0.00,0.00,0.00,0.00,0.00,0.00,0.00,0.00,0.00,0.00,0.00,0.00,0.00,0.00,0.00,0.00,0.00,0.00,0.00,0.00,0.00,0.00,0.00,0.00,0.00,0.00,0.00,0.00,0.00,0.00,0.00,0.00,0.00,1909.00,956.00,956.00,0.00,3.00,0.00,0.00,0.00,0.00,0.00,0.00,3,2,1,0,0.00,0.00,0.00,0.00,0.00,0.00,0.00,0.00,0.00,0.00,0.00,0.00,0.00,0.00,0.00,0.00,0.00,0.00,0.00,0.00,0.00,0.00,0.00,0.00,0.00,0.00,0.00,0.00,0.00,0.00,0.00,0.00,0.00,0.00,0.00,0.00,0.00,0.00,0.00,0.00,0.00,0.00,0.00,0.00,0.00,0.00,0.00,0.00,0.00,0.00,0.00,0.00,0.00,22903.00,0.00,0.00,0.00,0.00,1995.37
0.00,0.00,0.00,0.00,0.50,0.00,6.44,0.00,0.00,93.07,0.00,333.00,0.00,0.00,0.00,0.00,0.00,0.00,10867.00,0.00,0.00,0.00,0.00,0.00,0.00,0.00,0.00,0.00,677972,1144984,1362748,66.78,47140,538524,3756072,184.06,846064,354240,264,614684,99724,7392,29056,0,0,0,0.00,0,0.00,0,0,0.00,26459,7680,36832,0,0,462,0.00,0.00,0.01,0,0.00,0.00,0.00,0.00,0.00,0.00,0.00,0.00,0.00,0.00,0.00,0.00,0.00,0.00,21583.00,900.00,29519.91,50.98,0.00,0.00,0.00,0.00,0.00,0.00,0.00,0.00,0.00,0.00,0.00,0.00,0.00,0.00,0.00,0.00,0.00,0.00,0.00,0.00,0.00,0.00,0.00,0.00,0.00,0.00,0.00,0.00,0.00,0.00,724,3,5,0,0,0,21577.00,0.00,1799.00,900.00,20677.00,899.00,0.00,0.00,0.00,0.00,0.00,0.00,0.00,0.00,0.00,0.00,0.00,0.00,0.00,0.00,0.00,0.00,0.00,0.00,0.00,0.00,0.00,0.00,0.00,0.00,0.00,0.00,0.00,0.00,0.00,0.00,0.00,0.00,0.00,0.00,0.00,0.00,0.00,0.00,1801.00,901.00,901.00,0.00,1.00,0.00,0.00,0.00,0.00,0.00,0.00,3,2,1,0,0.00,0.00,0.00,0.00,0.00,0.00,0.00,0.00,0.00,0.00,0.00,0.00,0.00,0.00,0.00,0.00,0.00,0.00,0.00,0.00,0.00,0.00,0.00,0.00,0.00,0.00,0.00,0.00,0.00,0.00,0.00,0.00,0.00,0.00,0.00,0.00,0.00,0.00,0.00,0.00,0.00,0.00,0.00,0.00,0.00,0.00,0.00,0.00,0.00,0.00,0.00,0.00,0.00,21605.00,0.00,0.00,0.00,0.00,1995.37
0.50,0.00,0.00,0.00,0.00,0.00,5.00,0.00,0.00,94.50,0.00,336.00,0.00,0.00,0.00,0.00,0.00,0.00,10043.00,0.00,0.00,0.00,0.00,0.00,0.00,0.00,0.00,0.00,677844,1144856,1362876,66.78,47140,538540,3756072,184.06,846064,354240,280,614684,99724,7392,29056,0,0,0,0.00,0,0.00,0,0,0.00,26459,7680,36832,0,0,462,0.00,0.00,0.01,0,0.00,0.00,0.00,0.00,0.00,0.00,0.00,0.00,0.00,0.00,0.00,0.00,0.00,0.00,20046.00,836.00,27418.37,47.35,0.00,0.00,0.00,0.00,0.00,0.00,0.00,1.00,0.00,0.00,0.00,0.00,0.00,0.00,0.00,0.00,0.00,0.00,0.00,0.00,0.00,0.00,0.00,0.00,0.00,0.00,0.00,0.00,0.00,0.00,724,3,5,0,0,0,20039.00,0.00,1669.00,836.00,19205.00,835.00,0.00,0.00,0.00,0.00,0.00,0.00,0.00,0.00,0.00,0.00,0.00,0.00,0.00,0.00,0.00,0.00,0.00,0.00,0.00,0.00,0.00,0.00,0.00,0.00,0.00,0.00,0.00,0.00,0.00,0.00,0.00,0.00,0.00,0.00,0.00,0.00,0.00,0.00,1668.00,835.00,834.00,0.00,1.00,0.00,0.00,0.00,0.00,0.00,0.00,3,2,1,0,0.00,0.00,0.00,0.00,0.00,0.00,0.00,0.00,0.00,0.00,0.00,0.00,0.00,0.00,0.00,0.00,0.00,0.00,0.00,0.00,0.00,0.00,0.00,0.00,0.00,0.00,0.00,0.00,0.00,0.00,0.00,0.00,0.00,0.00,0.00,0.00,0.00,0.00,0.00,0.00,0.00,0.00,0.00,0.00,0.00,0.00,0.00,0.00,0.00,0.00,0.00,0.00,0.00,20023.00,0.00,0.00,0.00,0.00,1995.37
0.50,0.00,0.50,0.00,0.00,0.00,5.94,0.00,0.00,93.07,0.00,337.00,0.00,0.00,0.00,0.00,0.00,0.00,10983.00,0.00,0.00,0.00,0.00,0.00,0.00,0.00,0.00,0.00,677876,1144888,1362844,66.78,47140,538556,3756072,184.06,846064,354240,296,614684,99724,7392,29056,0,0,0,0.00,0,0.00,0,0,0.00,26459,7680,36832,0,0,462,0.00,0.00,0.01,0,0.00,0.00,0.00,0.00,0.00,0.00,0.00,0.00,0.00,0.00,0.00,0.00,0.00,0.00,21731.00,906.00,29717.17,51.32,0.00,0.00,0.00,0.00,0.00,0.00,0.00,0.00,0.00,0.00,0.00,0.00,0.00,0.00,0.00,0.00,0.00,0.00,0.00,0.00,0.00,0.00,0.00,0.00,0.00,0.00,0.00,0.00,0.00,0.00,724,3,5,0,0,0,21743.00,0.00,1811.00,907.00,20838.00,906.00,0.00,0.00,0.00,0.00,0.00,0.00,0.00,0.00,0.00,0.00,0.00,0.00,0.00,0.00,0.00,0.00,0.00,0.00,0.00,0.00,0.00,0.00,0.00,0.00,0.00,0.00,0.00,0.00,0.00,0.00,0.00,0.00,0.00,0.00,0.00,0.00,0.00,0.00,1811.00,908.00,904.00,0.00,1.00,0.00,0.00,0.00,0.00,0.00,0.00,3,2,1,0,0.00,0.00,0.00,0.00,0.00,0.00,0.00,0.00,0.00,0.00,0.00,0.00,0.00,0.00,0.00,0.00,0.00,0.00,0.00,0.00,0.00,0.00,0.00,0.00,0.00,0.00,0.00,0.00,0.00,0.00,0.00,0.00,0.00,0.00,0.00,0.00,0.00,0.00,0.00,0.00,0.00,0.00,0.00,0.00,0.00,0.00,0.00,0.00,0.00,0.00,0.00,0.00,0.00,21779.00,0.00,0.00,0.00,0.00,1995.37
0.50,0.00,0.00,0.00,0.50,0.00,4.98,0.00,0.00,94.03,0.00,315.00,0.00,0.00,0.00,0.00,2.00,0.00,9107.00,0.00,0.00,0.00,0.00,0.00,0.00,0.00,0.00,0.00,677876,1144952,1362844,66.78,47140,538572,3756072,184.06,846056,354296,312,614668,99724,7392,29056,0,0,0,0.00,0,0.00,0,0,0.00,26459,7680,36832,0,0,462,0.00,0.00,0.01,0,0.00,0.00,0.00,0.00,0.00,0.00,0.00,0.00,0.00,0.00,0.00,0.00,0.00,0.00,18602.00,775.00,25447.97,43.90,0.00,0.00,0.00,0.00,0.00,0.00,0.00,1.00,0.00,0.00,0.00,0.00,0.00,0.00,0.00,0.00,0.00,0.00,0.00,0.00,0.00,0.00,0.00,0.00,0.00,0.00,0.00,0.00,0.00,0.00,724,3,5,0,0,0,18600.00,0.00,1550.00,775.00,17825.00,775.00,0.00,0.00,0.00,0.00,0.00,0.00,0.00,0.00,0.00,0.00,0.00,0.00,0.00,0.00,0.00,0.00,0.00,0.00,0.00,0.00,0.00,0.00,0.00,0.00,0.00,0.00,0.00,0.00,0.00,0.00,0.00,0.00,0.00,0.00,0.00,0.00,0.00,0.00,1549.00,774.00,775.00,0.00,0.00,0.00,0.00,0.00,0.00,0.00,0.00,3,2,1,0,0.00,0.00,0.00,0.00,0.00,0.00,0.00,0.00,0.00,0.00,0.00,0.00,0.00,0.00,0.00,0.00,0.00,0.00,0.00,0.00,0.00,0.00,0.00,0.00,0.00,0.00,0.00,0.00,0.00,0.00,0.00,0.00,0.00,0.00,0.00,0.00,0.00,0.00,0.00,0.00,0.00,0.00,0.00,0.00,0.00,0.00,0.00,0.00,0.00,0.00,0.00,0.00,0.00,18555.00,0.00,0.00,0.00,0.00,1995.37
0.00,0.00,0.50,0.00,0.00,0.00,3.50,0.00,0.00,96.00,0.00,316.00,0.00,0.00,0.00,0.00,0.00,0.00,8435.00,0.00,0.00,0.00,0.00,0.00,0.00,0.00,0.00,0.00,677844,1144920,1362876,66.78,47140,538584,3756072,184.06,846056,354296,324,614668,99724,7392,29056,0,0,0,0.00,0,0.00,0,0,0.00,26459,7680,36832,0,0,462,0.00,0.00,0.01,0,0.00,0.00,0.00,0.00,0.00,0.00,0.00,0.00,0.00,0.00,0.00,0.00,0.00,0.00,17067.00,715.00,23346.53,40.47,0.00,0.00,0.00,0.00,0.00,0.00,0.00,0.00,0.00,0.00,0.00,0.00,0.00,0.00,0.00,0.00,0.00,0.00,0.00,0.00,0.00,0.00,0.00,0.00,0.00,0.00,0.00,0.00,0.00,0.00,724,3,5,0,0,0,17064.00,0.00,1422.00,713.00,16353.00,711.00,0.00,0.00,0.00,0.00,0.00,0.00,0.00,0.00,0.00,0.00,0.00,0.00,0.00,0.00,0.00,0.00,0.00,0.00,0.00,0.00,0.00,0.00,0.00,0.00,0.00,0.00,0.00,0.00,0.00,0.00,0.00,0.00,0.00,0.00,0.00,0.00,0.00,0.00,1422.00,713.00,711.00,0.00,2.00,0.00,0.00,0.00,0.00,0.00,0.00,3,2,1,0,0.00,0.00,0.00,0.00,0.00,0.00,0.00,0.00,0.00,0.00,0.00,0.00,0.00,0.00,0.00,0.00,0.00,0.00,0.00,0.00,0.00,0.00,0.00,0.00,0.00,0.00,0.00,0.00,0.00,0.00,0.00,0.00,0.00,0.00,0.00,0.00,0.00,0.00,0.00,0.00,0.00,0.00,0.00,0.00,0.00,0.00,0.00,0.00,0.00,0.00,0.00,0.00,0.00,17088.00,0.00,0.00,0.00,0.00,1995.37
0.00,0.00,0.00,2.54,0.00,0.00,3.55,0.00,0.00,93.91,0.00,321.00,0.00,0.00,0.00,12.00,0.00,0.00,8804.00,0.00,0.00,0.00,0.00,2.00,0.00,2.00,0.00,24.00,677968,1145044,1362752,66.78,47148,538600,3756072,184.06,846056,354296,340,614668,99724,7392,29056,0,0,0,0.00,0,0.00,0,0,0.00,26459,7680,36832,0,0,462,0.00,0.00,0.01,0,0.00,0.00,0.00,0.00,0.00,0.00,2.00,0.00,12.00,6.00,0.00,28.00,0.00,0.00,17835.00,744.00,24397.28,42.14,0.00,0.00,0.00,0.00,0.00,0.00,0.00,1.00,0.00,0.00,0.00,0.00,0.00,0.00,0.00,0.00,0.00,0.00,0.00,0.00,0.00,0.00,0.00,0.00,0.00,0.00,0.00,0.00,0.00,0.00,724,3,5,0,0,0,17809.00,0.00,1485.00,743.00,17066.00,742.00,0.00,0.00,0.00,0.00,0.00,0.00,0.00,0.00,0.00,0.00,0.00,0.00,0.00,0.00,0.00,0.00,0.00,0.00,0.00,0.00,0.00,0.00,0.00,0.00,0.00,0.00,0.00,0.00,0.00,0.00,0.00,0.00,0.00,0.00,0.00,0.00,0.00,0.00,1485.00,743.00,743.00,0.00,1.00,0.00,0.00,0.00,0.00,0.00,0.00,3,2,1,0,0.00,0.00,0.00,0.00,0.00,0.00,0.00,0.00,0.00,0.00,0.00,0.00,0.00,0.00,0.00,0.00,0.00,0.00,0.00,0.00,0.00,0.00,0.00,0.00,0.00,0.00,0.00,0.00,0.00,0.00,0.00,0.00,0.00,0.00,0.00,0.00,0.00,0.00,0.00,0.00,0.00,0.00,0.00,0.00,0.00,0.00,0.00,0.00,0.00,0.00,0.00,0.00,0.00,17789.00,0.00,0.00,0.00,0.00,1995.37
0.50,0.00,0.00,0.00,0.50,0.00,4.95,0.00,0.00,94.06,0.00,317.00,0.00,0.00,0.00,0.00,0.00,0.00,7546.00,0.00,0.00,0.00,0.00,0.00,0.00,0.00,0.00,0.00,677908,1144984,1362812,66.78,47148,538616,3756072,184.06,846056,354296,356,614668,99724,7392,29056,0,0,0,0.00,0,0.00,0,0,0.00,26459,7680,36832,0,0,462,0.00,0.00,0.01,0,0.00,0.00,0.00,0.00,0.00,0.00,0.00,0.00,0.00,0.00,0.00,0.00,0.00,0.00,15586.00,651.00,21311.27,36.87,0.00,0.00,0.00,0.00,0.00,0.00,0.00,0.00,0.00,0.00,0.00,0.00,0.00,0.00,0.00,0.00,0.00,0.00,0.00,0.00,0.00,0.00,0.00,0.00,0.00,0.00,0.00,0.00,0.00,0.00,724,3,5,0,0,0,15576.00,0.00,1297.00,651.00,14927.00,649.00,0.00,0.00,0.00,0.00,0.00,0.00,0.00,0.00,0.00,0.00,0.00,0.00,0.00,0.00,0.00,0.00,0.00,0.00,0.00,0.00,0.00,0.00,0.00,0.00,0.00,0.00,0.00,0.00,0.00,0.00,0.00,0.00,0.00,0.00,0.00,0.00,0.00,0.00,1297.00,651.00,648.00,0.00,2.00,0.00,0.00,0.00,0.00,0.00,0.00,3,2,1,0,0.00,0.00,0.00,0.00,0.00,0.00,0.00,0.00,0.00,0.00,0.00,0.00,0.00,0.00,0.00,0.00,0.00,0.00,0.00,0.00,0.00,0.00,0.00,0.00,0.00,0.00,0.00,0.00,0.00,0.00,0.00,0.00,0.00,0.00,0.00,0.00,0.00,0.00,0.00,0.00,0.00,0.00,0.00,0.00,0.00,0.00,0.00,0.00,0.00,0.00,0.00,0.00,0.00,15586.00,0.00,0.00,0.00,0.00,1995.37
0.50,0.00,0.00,0.00,0.00,0.00,4.48,0.00,0.00,95.02,0.00,307.92,0.00,0.00,0.00,0.00,10.89,0.00,7338.61,0.00,0.00,0.00,0.00,0.00,0.00,0.00,0.00,0.00,677940,1145072,1362780,66.78,47148,538632,3756072,184.06,846056,354352,372,614668,99728,7392,29056,0,0,0,0.00,0,0.00,0,0,0.00,26459,7680,36832,0,0,462,0.00,0.00,0.01,0,0.00,0.00,0.00,0.00,0.00,0.00,0.00,0.00,0.00,0.00,0.00,0.00,0.00,0.00,14667.33,612.87,20059.68,34.71,0.00,0.00,0.00,0.00,0.00,0.00,0.00,0.99,0.00,0.00,0.00,0.00,0.00,0.00,0.00,0.00,0.00,0.00,0.00,0.00,0.00,0.00,0.00,0.00,0.00,0.00,0.00,0.00,0.00,0.00,724,3,5,0,0,0,14685.15,0.00,1222.77,613.86,14073.27,611.88,0.00,0.00,0.00,0.00,0.00,0.00,0.00,0.00,0.00,0.00,0.00,0.00,0.00,0.00,0.00,0.00,0.00,0.00,0.00,0.00,0.00,0.00,0.00,0.00,0.00,0.00,0.00,0.00,0.00,0.00,0.00,0.00,0.00,0.00,0.00,0.00,0.00,0.00,1222.77,613.86,610.89,0.00,1.98,0.00,0.00,0.00,0.00,0.00,0.00,3,2,1,0,0.00,0.00,0.00,0.00,0.00,0.00,0.00,0.00,0.00,0.00,0.00,0.00,0.00,0.00,0.00,0.00,0.00,0.00,0.00,0.00,0.00,0.00,0.00,0.00,0.00,0.00,0.00,0.00,0.00,0.00,0.00,0.00,0.00,0.00,0.00,0.00,0.00,0.00,0.00,0.00,0.00,0.00,0.00,0.00,0.00,0.00,0.00,0.00,0.00,0.00,0.00,0.00,0.00,14713.86,0.00,0.00,0.00,0.00,1995.37
0.00,0.00,0.50,0.00,0.00,0.00,4.48,0.00,0.00,95.02,0.00,322.00,0.00,0.00,0.00,0.00,1.00,0.00,6667.00,0.00,0.00,0.00,0.00,0.00,0.00,0.00,0.00,0.00,678036,1145168,1362684,66.77,47148,538648,3756072,184.06,846056,354352,388,614684,99728,7392,29056,0,0,0,0.00,0,0.00,0,0,0.00,26459,7680,36832,0,0,462,0.00,0.00,0.01,0,0.00,0.00,0.00,0.00,0.00,0.00,0.00,0.00,0.00,0.00,0.00,0.00,0.00,0.00,13757.00,576.00,18815.43,32.62,0.00,0.00,0.00,0.00,0.00,0.00,0.00,0.00,0.00,0.00,0.00,0.00,0.00,0.00,0.00,0.00,0.00,0.00,0.00,0.00,0.00,0.00,0.00,0.00,0.00,0.00,0.00,0.00,0.00,0.00,724,3,5,0,0,0,13754.00,0.00,1147.00,576.00,13179.00,573.00,0.00,0.00,0.00,0.00,0.00,0.00,0.00,0.00,0.00,0.00,0.00,0.00,0.00,0.00,0.00,0.00,0.00,0.00,0.00,0.00,0.00,0.00,0.00,0.00,0.00,0.00,0.00,0.00,0.00,0.00,0.00,0.00,0.00,0.00,0.00,0.00,0.00,0.00,1147.00,576.00,574.00,0.00,3.00,0.00,0.00,0.00,0.00,0.00,0.00,3,2,1,0,0.00,0.00,0.00,0.00,0.00,0.00,0.00,0.00,0.00,0.00,0.00,0.00,0.00,0.00,0.00,0.00,0.00,0.00,0.00,0.00,0.00,0.00,0.00,0.00,0.00,0.00,0.00,0.00,0.00,0.00,0.00,0.00,0.00,0.00,0.00,0.00,0.00,0.00,0.00,0.00,0.00,0.00,0.00,0.00,0.00,0.00,0.00,0.00,0.00,0.00,0.00,0.00,0.00,13756.00,0.00,0.00,0.00,0.00,1995.37
0.00,0.00,0.50,0.00,0.50,0.00,3.98,0.00,0.00,95.02,0.00,317.00,0.00,0.00,0.00,0.00,0.00,0.00,6795.00,0.00,0.00,0.00,0.00,0.00,0.00,0.00,0.00,0.00,677940,1145072,1362780,66.78,47148,538660,3756072,184.06,846056,354352,400,614684,99728,7392,29056,0,0,0,0.00,0,0.00,0,0,0.00,26459,7680,36832,0,0,462,0.00,0.00,0.01,0,0.00,0.00,0.00,0.00,0.00,0.00,0.00,0.00,0.00,0.00,0.00,0.00,0.00,0.00,13513.00,564.00,18486.86,31.95,0.00,0.00,0.00,0.00,0.00,0.00,0.00,1.00,0.00,0.00,0.00,0.00,0.00,0.00,0.00,0.00,0.00,0.00,0.00,0.00,0.00,0.00,0.00,0.00,0.00,0.00,0.00,0.00,0.00,0.00,724,3,5,0,0,0,13488.00,0.00,1123.00,563.00,12926.00,562.00,0.00,0.00,0.00,0.00,0.00,0.00,0.00,0.00,0.00,0.00,0.00,0.00,0.00,0.00,0.00,0.00,0.00,0.00,0.00,0.00,0.00,0.00,0.00,0.00,0.00,0.00,0.00,0.00,0.00,0.00,0.00,0.00,0.00,0.00,0.00,0.00,0.00,0.00,1123.00,563.00,561.00,0.00,1.00,0.00,0.00,0.00,0.00,0.00,0.00,3,2,1,0,0.00,0.00,0.00,0.00,0.00,0.00,0.00,0.00,0.00,0.00,0.00,0.00,0.00,0.00,0.00,0.00,0.00,0.00,0.00,0.00,0.00,0.00,0.00,0.00,0.00,0.00,0.00,0.00,0.00,0.00,0.00,0.00,0.00,0.00,0.00,0.00,0.00,0.00,0.00,0.00,0.00,0.00,0.00,0.00,0.00,0.00,0.00,0.00,0.00,0.00,0.00,0.00,0.00,13468.00,0.00,0.00,0.00,0.00,1995.37
0.50,0.00,0.00,4.52,0.00,0.00,3.02,0.00,0.00,91.96,0.00,353.00,0.00,0.00,0.00,12.00,0.00,0.00,6365.00,0.00,0.00,0.00,0.00,2.00,0.00,2.00,0.00,24.00,677844,1144976,1362876,66.78,47156,538676,3756072,184.06,846056,354352,416,614684,99728,7392,29056,0,0,0,0.00,0,0.00,0,0,0.00,26459,7680,36832,0,0,462,0.00,0.00,0.01,0,0.00,0.00,0.00,0.00,0.00,0.00,2.00,0.00,12.00,6.00,0.00,50.00,0.00,0.00,12607.00,526.00,17239.28,29.79,0.00,0.00,0.00,0.00,0.00,0.00,0.00,0.00,0.00,0.00,0.00,0.00,0.00,0.00,0.00,0.00,0.00,0.00,0.00,0.00,0.00,0.00,0.00,0.00,0.00,0.00,0.00,0.00,0.00,0.00,724,3,5,0,0,0,12599.00,0.00,1049.00,526.00,12075.00,525.00,0.00,0.00,0.00,0.00,0.00,0.00,0.00,0.00,0.00,0.00,0.00,0.00,0.00,0.00,0.00,0.00,0.00,0.00,0.00,0.00,0.00,0.00,0.00,0.00,0.00,0.00,0.00,0.00,0.00,0.00,0.00,0.00,0.00,0.00,0.00,0.00,0.00,0.00,1049.00,526.00,524.00,0.00,1.00,0.00,0.00,0.00,0.00,0.00,0.00,3,2,1,0,0.00,0.00,0.00,0.00,0.00,0.00,0.00,0.00,0.00,0.00,0.00,0.00,0.00,0.00,0.00,0.00,0.00,0.00,0.00,0.00,0.00,0.00,0.00,0.00,0.00,0.00,0.00,0.00,0.00,0.00,0.00,0.00,0.00,0.00,0.00,0.00,0.00,0.00,0.00,0.00,0.00,0.00,0.00,0.00,0.00,0.00,0.00,0.00,0.00,0.00,0.00,0.00,0.00,12653.00,0.00,0.00,0.00,0.00,1995.37
0.00,0.00,0.00,0.00,0.00,0.00,4.48,0.00,0.00,95.52,0.00,306.00,0.00,0.00,0.00,0.00,0.00,0.00,5930.00,0.00,0.00,0.00,0.00,0.00,0.00,0.00,0.00,0.00,677844,1145032,1362876,66.78,47156,538692,3756072,184.06,846056,354408,432,614684,99728,7392,29056,0,0,0,0.00,0,0.00,0,0,0.00,26459,7680,36832,0,0,462,0.00,0.00,0.01,0,0.00,0.00,0.00,0.00,0.00,0.00,0.00,0.00,0.00,0.00,0.00,0.00,0.00,0.00,11721.00,489.00,16024.77,27.70,0.00,0.00,0.00,0.00,0.00,0.00,0.00,2.00,0.00,0.00,0.00,0.00,0.00,0.00,0.00,0.00,0.00,0.00,0.00,0.00,0.00,0.00,0.00,0.00,0.00,0.00,0.00,0.00,0.00,0.00,724,3,5,0,0,0,11713.00,0.00,977.00,489.00,11224.00,488.00,0.00,0.00,0.00,0.00,0.00,0.00,0.00,0.00,0.00,0.00,0.00,0.00,0.00,0.00,0.00,0.00,0.00,0.00,0.00,0.00,0.00,0.00,0.00,0.00,0.00,0.00,0.00,0.00,0.00,0.00,0.00,0.00,0.00,0.00,0.00,0.00,0.00,0.00,977.00,489.00,489.00,0.00,1.00,0.00,0.00,0.00,0.00,0.00,0.00,3,2,1,0,0.00,0.00,0.00,0.00,0.00,0.00,0.00,0.00,0.00,0.00,0.00,0.00,0.00,0.00,0.00,0.00,0.00,0.00,0.00,0.00,0.00,0.00,0.00,0.00,0.00,0.00,0.00,0.00,0.00,0.00,0.00,0.00,0.00,0.00,0.00,0.00,0.00,0.00,0.00,0.00,0.00,0.00,0.00,0.00,0.00,0.00,0.00,0.00,0.00,0.00,0.00,0.00,0.00,11697.00,0.00,0.00,0.00,0.00,1995.37
0.50,0.00,1.00,0.00,0.50,0.00,2.50,0.00,0.00,95.50,3.00,331.00,0.00,0.00,0.00,0.00,511.00,0.00,5351.00,0.00,0.00,0.00,0.00,0.00,0.00,0.00,0.00,0.00,677288,1144520,1363432,66.81,47156,538712,3760044,184.25,846088,354436,636,614684,99784,7392,29056,0,0,0,0.00,0,0.00,0,0,0.00,26459,7680,36832,0,0,462,0.00,0.00,0.01,0,0.00,0.00,0.00,0.00,0.00,0.00,0.00,0.00,0.00,0.00,0.00,0.00,0.00,0.00,9922.00,415.00,13561.88,23.51,0.00,0.00,0.00,0.00,0.00,0.00,0.00,0.00,0.00,0.00,0.00,0.00,0.00,0.00,0.00,0.00,0.00,0.00,0.00,0.00,0.00,0.00,0.00,0.00,0.00,0.00,0.00,0.00,0.00,0.00,724,3,5,0,0,0,9916.00,0.00,830.00,415.00,9499.00,413.00,0.00,0.00,0.00,0.00,0.00,0.00,0.00,0.00,0.00,0.00,0.00,0.00,0.00,0.00,0.00,0.00,0.00,0.00,0.00,0.00,0.00,0.00,0.00,0.00,0.00,0.00,0.00,0.00,0.00,0.00,0.00,0.00,0.00,0.00,0.00,0.00,0.00,0.00,828.00,415.00,415.00,0.00,2.00,0.00,0.00,0.00,0.00,0.00,0.00,3,2,1,0,0.00,0.00,0.00,0.00,0.00,0.00,0.00,0.00,0.00,0.00,0.00,0.00,0.00,0.00,0.00,0.00,0.00,0.00,0.00,0.00,0.00,0.00,0.00,0.00,0.00,0.00,0.00,0.00,0.00,0.00,0.00,0.00,0.00,0.00,0.00,0.00,0.00,0.00,0.00,0.00,0.00,0.00,0.00,0.00,0.00,0.00,0.00,0.00,0.00,0.00,0.00,0.00,0.00,9922.00,0.00,0.00,0.00,0.00,1995.37
0.00,0.00,0.00,0.00,0.00,0.00,10.84,0.00,0.00,89.16,0.00,399.00,0.00,0.00,0.00,0.00,4.00,0.00,32625.00,0.00,0.00,0.00,0.00,0.00,0.00,0.00,0.00,0.00,687348,1155176,1353372,66.32,47636,541628,3729300,182.74,833156,355488,24,599460,101952,7360,28752,0,0,0,0.00,0,0.00,0,0,0.00,26648,7648,36912,0,0,460,0.00,0.00,0.02,0,0.00,0.00,0.00,0.00,0.00,0.00,0.00,0.00,0.00,0.00,0.00,0.00,0.00,0.00,65622.00,2734.00,89773.81,154.86,0.00,0.00,0.00,0.00,0.00,0.00,0.00,1.00,0.00,0.00,0.00,0.00,0.00,0.00,0.00,0.00,0.00,0.00,0.00,0.00,0.00,0.00,0.00,0.00,0.00,0.00,0.00,0.00,0.00,0.00,724,3,5,0,0,0,65615.00,0.00,5466.00,2734.00,62883.00,2734.00,0.00,0.00,0.00,0.00,0.00,0.00,0.00,0.00,0.00,0.00,0.00,0.00,0.00,0.00,0.00,0.00,0.00,0.00,0.00,0.00,0.00,0.00,0.00,0.00,0.00,0.00,0.00,0.00,0.00,0.00,0.00,0.00,0.00,0.00,0.00,0.00,0.00,0.00,5466.00,2734.00,2733.00,0.00,0.00,0.00,0.00,0.00,0.00,0.00,0.00,3,2,1,0,0.00,0.00,0.00,0.00,0.00,0.00,0.00,0.00,0.00,0.00,0.00,0.00,0.00,0.00,0.00,0.00,0.00,0.00,0.00,0.00,0.00,0.00,0.00,0.00,0.00,0.00,0.00,0.00,0.00,0.00,0.00,0.00,0.00,0.00,0.00,0.00,0.00,0.00,0.00,0.00,0.00,0.00,0.00,0.00,0.00,0.00,0.00,0.00,0.00,0.00,0.00,0.00,0.00,65645.00,0.00,0.00,0.00,0.00,1995.37
0.50,0.00,0.00,0.00,0.00,0.00,9.95,0.00,0.00,89.55,0.00,383.00,0.00,0.00,0.00,0.00,3.00,0.00,31827.00,0.00,0.00,0.00,0.00,0.00,0.00,0.00,0.00,0.00,687348,1155176,1353372,66.32,47636,541644,3729300,182.74,833212,355488,40,599468,101952,7360,28752,0,0,0,0.00,0,0.00,0,0,0.00,26648,7648,36912,0,0,460,0.00,0.00,0.02,0,0.00,0.00,0.00,0.00,0.00,0.00,0.00,0.00,0.00,0.00,0.00,0.00,0.00,0.00,63962.00,2667.00,87507.90,151.06,0.00,0.00,0.00,0.00,0.00,0.00,0.00,0.00,0.00,0.00,0.00,0.00,0.00,0.00,0.00,0.00,0.00,0.00,0.00,0.00,0.00,0.00,0.00,0.00,0.00,0.00,0.00,0.00,0.00,0.00,724,3,5,0,0,0,63980.00,0.00,5329.00,2668.00,61317.00,2666.00,0.00,0.00,0.00,0.00,0.00,0.00,0.00,0.00,0.00,0.00,0.00,0.00,0.00,0.00,0.00,0.00,0.00,0.00,0.00,0.00,0.00,0.00,0.00,0.00,0.00,0.00,0.00,0.00,0.00,0.00,0.00,0.00,0.00,0.00,0.00,0.00,0.00,0.00,5328.00,2667.00,2663.00,0.00,2.00,0.00,0.00,0.00,0.00,0.00,0.00,3,2,1,0,0.00,0.00,0.00,0.00,0.00,0.00,0.00,0.00,0.00,0.00,0.00,0.00,0.00,0.00,0.00,0.00,0.00,0.00,0.00,0.00,0.00,0.00,0.00,0.00,0.00,0.00,0.00,0.00,0.00,0.00,0.00,0.00,0.00,0.00,0.00,0.00,0.00,0.00,0.00,0.00,0.00,0.00,0.00,0.00,0.00,0.00,0.00,0.00,0.00,0.00,0.00,0.00,0.00,63986.00,0.00,0.00,0.00,0.00,1995.37
0.51,0.00,0.00,0.00,0.00,0.00,8.59,0.00,0.00,90.91,0.00,364.00,0.00,0.00,0.00,0.00,0.00,0.00,31323.00,0.00,0.00,0.00,0.00,0.00,0.00,0.00,0.00,0.00,687284,1155112,1353436,66.32,47636,541656,3729300,182.74,833212,355488,52,599468,101952,7360,28752,0,0,0,0.00,0,0.00,0,0,0.00,26648,7648,36912,0,0,460,0.00,0.00,0.02,0,0.00,0.00,0.00,0.00,0.00,0.00,0.00,0.00,0.00,0.00,0.00,0.00,0.00,0.00,63622.00,2652.00,87017.04,150.21,0.00,0.00,0.00,0.00,0.00,0.00,0.00,1.00,0.00,0.00,0.00,0.00,0.00,0.00,0.00,0.00,0.00,0.00,0.00,0.00,0.00,0.00,0.00,0.00,0.00,0.00,0.00,0.00,0.00,0.00,724,3,5,0,0,0,63585.00,0.00,5303.00,2651.00,60927.00,2649.00,0.00,0.00,0.00,0.00,0.00,0.00,0.00,0.00,0.00,0.00,0.00,0.00,0.00,0.00,0.00,0.00,0.00,0.00,0.00,0.00,0.00,0.00,0.00,0.00,0.00,0.00,0.00,0.00,0.00,0.00,0.00,0.00,0.00,0.00,0.00,0.00,0.00,0.00,5299.00,2651.00,2649.00,0.00,2.00,0.00,0.00,0.00,0.00,0.00,0.00,3,2,1,0,0.00,0.00,0.00,0.00,0.00,0.00,0.00,0.00,0.00,0.00,0.00,0.00,0.00,0.00,0.00,0.00,0.00,0.00,0.00,0.00,0.00,0.00,0.00,0.00,0.00,0.00,0.00,0.00,0.00,0.00,0.00,0.00,0.00,0.00,0.00,0.00,0.00,0.00,0.00,0.00,0.00,0.00,0.00,0.00,0.00,0.00,0.00,0.00,0.00,0.00,0.00,0.00,0.00,63600.00,0.00,0.00,0.00,0.00,1995.37
0.00,0.00,0.00,0.00,0.49,0.00,11.27,0.00,0.00,88.24,0.00,380.00,0.00,0.00,0.00,0.00,0.00,0.00,30819.00,0.00,0.00,0.00,0.00,0.00,0.00,0.00,0.00,0.00,687192,1155020,1353528,66.33,47636,541672,3729300,182.74,833212,355488,68,599468,101952,7360,28752,0,0,0,0.00,0,0.00,0,0,0.00,26648,7648,36912,0,0,460,0.00,0.00,0.02,0,0.00,0.00,0.00,0.00,0.00,0.00,0.00,0.00,0.00,0.00,0.00,0.00,0.00,0.00,62527.00,2610.00,85538.01,147.83,0.00,0.00,0.00,0.00,0.00,0.00,0.00,0.00,0.00,0.00,0.00,0.00,0.00,0.00,0.00,0.00,0.00,0.00,0.00,0.00,0.00,0.00,0.00,0.00,0.00,0.00,0.00,0.00,0.00,0.00,724,3,5,0,0,0,62521.00,0.00,5211.00,2610.00,59915.00,2605.00,0.00,0.00,0.00,0.00,0.00,0.00,0.00,0.00,0.00,0.00,0.00,0.00,0.00,0.00,0.00,0.00,0.00,0.00,0.00,0.00,0.00,0.00,0.00,0.00,0.00,0.00,0.00,0.00,0.00,0.00,0.00,0.00,0.00,0.00,0.00,0.00,0.00,0.00,5213.00,2610.00,2607.00,0.00,5.00,0.00,0.00,0.00,0.00,0.00,0.00,3,2,1,0,0.00,0.00,0.00,0.00,0.00,0.00,0.00,0.00,0.00,0.00,0.00,0.00,0.00,0.00,0.00,0.00,0.00,0.00,0.00,0.00,0.00,0.00,0.00,0.00,0.00,0.00,0.00,0.00,0.00,0.00,0.00,0.00,0.00,0.00,0.00,0.00,0.00,0.00,0.00,0.00,0.00,0.00,0.00,0.00,0.00,0.00,0.00,0.00,0.00,0.00,0.00,0.00,0.00,62524.00,0.00,0.00,0.00,0.00,1995.37
0.00,0.00,0.00,0.00,0.00,0.00,9.09,0.00,0.00,90.91,0.00,351.00,0.00,0.00,0.00,0.00,0.00,0.00,31355.00,0.00,0.00,0.00,0.00,0.00,0.00,0.00,0.00,0.00,687128,1155012,1353592,66.33,47636,541688,3729300,182.74,833212,355544,84,599468,101952,7360,28752,0,0,0,0.00,0,0.00,0,0,0.00,26648,7648,36912,0,0,460,0.00,0.00,0.02,0,0.00,0.00,0.00,0.00,0.00,0.00,0.00,0.00,0.00,0.00,0.00,0.00,0.00,0.00,62164.00,2592.00,85045.31,146.81,0.00,0.00,0.00,0.00,0.00,0.00,0.00,1.00,0.00,0.00,0.00,0.00,0.00,0.00,0.00,0.00,0.00,0.00,0.00,0.00,0.00,0.00,0.00,0.00,0.00,0.00,0.00,0.00,0.00,0.00,724,3,5,0,0,0,62184.00,0.00,5182.00,2593.00,59593.00,2591.00,0.00,0.00,0.00,0.00,0.00,0.00,0.00,0.00,0.00,0.00,0.00,0.00,0.00,0.00,0.00,0.00,0.00,0.00,0.00,0.00,0.00,0.00,0.00,0.00,0.00,0.00,0.00,0.00,0.00,0.00,0.00,0.00,0.00,0.00,0.00,0.00,0.00,0.00,5182.00,2594.00,2591.00,0.00,2.00,0.00,0.00,0.00,0.00,0.00,0.00,3,2,1,0,0.00,0.00,0.00,0.00,0.00,0.00,0.00,0.00,0.00,0.00,0.00,0.00,0.00,0.00,0.00,0.00,0.00,0.00,0.00,0.00,0.00,0.00,0.00,0.00,0.00,0.00,0.00,0.00,0.00,0.00,0.00,0.00,0.00,0.00,0.00,0.00,0.00,0.00,0.00,0.00,0.00,0.00,0.00,0.00,0.00,0.00,0.00,0.00,0.00,0.00,0.00,0.00,0.00,62237.00,0.00,0.00,0.00,0.00,1995.37
0.50,0.00,0.50,2.00,0.00,0.00,8.50,0.00,0.00,88.50,0.00,458.00,0.00,0.00,0.00,160.00,0.00,0.00,29021.00,0.00,0.00,0.00,0.00,10.00,0.00,10.00,0.00,320.00,687160,1155068,1353560,66.33,47644,541704,3729300,182.74,833212,355568,0,599468,101952,7360,28752,0,0,0,0.00,0,0.00,0,0,0.00,26648,7648,36912,0,0,460,0.00,0.00,0.02,0,0.00,0.00,0.00,0.00,0.00,0.00,10.00,0.00,160.00,16.00,0.09,16.80,2.40,2.40,61299.00,2555.00,83863.19,144.71,0.00,0.00,0.00,0.00,0.00,0.00,0.00,2.00,0.00,0.00,0.00,0.00,0.00,0.00,0.00,0.00,0.00,0.00,0.00,0.00,0.00,0.00,0.00,0.00,0.00,0.00,0.00,0.00,0.00,0.00,724,3,5,0,0,0,61273.00,0.00,5107.00,2554.00,58719.00,2553.00,0.00,0.00,0.00,0.00,0.00,0.00,0.00,0.00,0.00,0.00,0.00,0.00,0.00,0.00,0.00,0.00,0.00,0.00,0.00,0.00,0.00,0.00,0.00,0.00,0.00,0.00,0.00,0.00,0.00,0.00,0.00,0.00,0.00,0.00,0.00,0.00,0.00,0.00,5106.00,2554.00,2553.00,0.00,1.00,0.00,0.00,0.00,0.00,0.00,0.00,3,2,1,0,0.00,0.00,0.00,0.00,0.00,0.00,0.00,0.00,0.00,0.00,0.00,0.00,0.00,0.00,0.00,0.00,0.00,0.00,0.00,0.00,0.00,0.00,0.00,0.00,0.00,0.00,0.00,0.00,0.00,0.00,0.00,0.00,0.00,0.00,0.00,0.00,0.00,0.00,0.00,0.00,0.00,0.00,0.00,0.00,0.00,0.00,0.00,0.00,0.00,0.00,0.00,0.00,0.00,61226.00,0.00,0.00,0.00,0.00,1995.37
0.99,0.00,0.00,0.00,0.00,0.00,11.33,0.00,0.00,87.68,0.00,413.00,0.00,0.00,0.00,0.00,5.00,0.00,30033.00,0.00,0.00,0.00,0.00,0.00,0.00,0.00,0.00,0.00,687128,1155036,1353592,66.33,47644,541720,3729300,182.74,833212,355568,20,599468,101952,7360,28752,0,0,0,0.00,0,0.00,0,0,0.00,26648,7648,36912,0,0,460,0.00,0.00,0.02,0,0.00,0.00,0.00,0.00,0.00,0.00,0.00,0.00,0.00,0.00,0.00,0.00,0.00,0.00,59553.00,2482.00,81467.04,140.58,0.00,0.00,0.00,0.00,0.00,0.00,0.00,1.00,0.00,0.00,0.00,0.00,0.00,0.00,0.00,0.00,0.00,0.00,0.00,0.00,0.00,0.00,0.00,0.00,0.00,0.00,0.00,0.00,0.00,0.00,724,3,5,0,0,0,59568.00,0.00,4964.00,2483.00,57086.00,2482.00,0.00,0.00,0.00,0.00,0.00,0.00,0.00,0.00,0.00,0.00,0.00,0.00,0.00,0.00,0.00,0.00,0.00,0.00,0.00,0.00,0.00,0.00,0.00,0.00,0.00,0.00,0.00,0.00,0.00,0.00,0.00,0.00,0.00,0.00,0.00,0.00,0.00,0.00,4961.00,2482.00,2476.00,0.00,1.00,0.00,0.00,0.00,0.00,0.00,0.00,3,2,1,0,0.00,0.00,0.00,0.00,0.00,0.00,0.00,0.00,0.00,0.00,0.00,0.00,0.00,0.00,0.00,0.00,0.00,0.00,0.00,0.00,0.00,0.00,0.00,0.00,0.00,0.00,0.00,0.00,0.00,0.00,0.00,0.00,0.00,0.00,0.00,0.00,0.00,0.00,0.00,0.00,0.00,0.00,0.00,0.00,0.00,0.00,0.00,0.00,0.00,0.00,0.00,0.00,0.00,59577.00,0.00,0.00,0.00,0.00,1995.37
0.50,0.00,0.00,0.00,0.00,0.00,9.50,0.00,0.00,90.00,0.00,376.00,0.00,0.00,0.00,0.00,0.00,0.00,29340.00,0.00,0.00,0.00,0.00,0.00,0.00,0.00,0.00,0.00,687096,1155012,1353624,66.33,47644,541736,3729300,182.74,833200,355568,36,599448,101952,7360,28752,0,0,0,0.00,0,0.00,0,0,0.00,26648,7648,36912,0,0,460,0.00,0.00,0.02,0,0.00,0.00,0.00,0.00,0.00,0.00,0.00,0.00,0.00,0.00,0.00,0.00,0.00,0.00,58971.00,2460.00,80678.07,139.34,0.00,0.00,0.00,0.00,0.00,0.00,0.00,0.00,0.00,0.00,0.00,0.00,0.00,0.00,0.00,0.00,0.00,0.00,0.00,0.00,0.00,0.00,0.00,0.00,0.00,0.00,0.00,0.00,0.00,0.00,724,3,5,0,0,0,58945.00,0.00,4913.00,2459.00,56488.00,2456.00,0.00,0.00,0.00,0.00,0.00,0.00,0.00,0.00,0.00,0.00,0.00,0.00,0.00,0.00,0.00,0.00,0.00,0.00,0.00,0.00,0.00,0.00,0.00,0.00,0.00,0.00,0.00,0.00,0.00,0.00,0.00,0.00,0.00,0.00,0.00,0.00,0.00,0.00,4915.00,2460.00,2458.00,0.00,3.00,0.00,0.00,0.00,0.00,0.00,0.00,3,2,1,0,0.00,0.00,0.00,0.00,0.00,0.00,0.00,0.00,0.00,0.00,0.00,0.00,0.00,0.00,0.00,0.00,0.00,0.00,0.00,0.00,0.00,0.00,0.00,0.00,0.00,0.00,0.00,0.00,0.00,0.00,0.00,0.00,0.00,0.00,0.00,0.00,0.00,0.00,0.00,0.00,0.00,0.00,0.00,0.00,0.00,0.00,0.00,0.00,0.00,0.00,0.00,0.00,0.00,58924.00,0.00,0.00,0.00,0.00,1995.37
0.00,0.00,0.51,0.00,0.51,0.00,6.63,0.00,0.00,92.35,0.00,345.00,0.00,0.00,0.00,0.00,0.00,0.00,27916.00,0.00,0.00,0.00,0.00,0.00,0.00,0.00,0.00,0.00,687160,1155080,1353560,66.33,47644,541752,3729300,182.74,833200,355568,52,599448,101956,7360,28752,0,0,0,0.00,0,0.00,0,0,0.00,26648,7648,36912,0,0,460,0.00,0.00,0.02,0,0.00,0.00,0.00,0.00,0.00,0.00,0.00,0.00,0.00,0.00,0.00,0.00,0.00,0.00,57773.00,2407.00,79036.39,136.33,0.00,0.00,0.00,0.00,0.00,0.00,0.00,1.00,0.00,0.00,0.00,0.00,0.00,0.00,0.00,0.00,0.00,0.00,0.00,0.00,0.00,0.00,0.00,0.00,0.00,0.00,0.00,0.00,0.00,0.00,724,3,5,0,0,0,57769.00,0.00,4815.00,2407.00,55361.00,2407.00,0.00,0.00,0.00,0.00,0.00,0.00,0.00,0.00,0.00,0.00,0.00,0.00,0.00,0.00,0.00,0.00,0.00,0.00,0.00,0.00,0.00,0.00,0.00,0.00,0.00,0.00,0.00,0.00,0.00,0.00,0.00,0.00,0.00,0.00,0.00,0.00,0.00,0.00,4813.00,2406.00,2407.00,0.00,0.00,0.00,0.00,0.00,0.00,0.00,0.00,3,2,1,0,0.00,0.00,0.00,0.00,0.00,0.00,0.00,0.00,0.00,0.00,0.00,0.00,0.00,0.00,0.00,0.00,0.00,0.00,0.00,0.00,0.00,0.00,0.00,0.00,0.00,0.00,0.00,0.00,0.00,0.00,0.00,0.00,0.00,0.00,0.00,0.00,0.00,0.00,0.00,0.00,0.00,0.00,0.00,0.00,0.00,0.00,0.00,0.00,0.00,0.00,0.00,0.00,0.00,57797.00,0.00,0.00,0.00,0.00,1995.37
0.00,0.00,0.00,0.00,0.00,0.00,10.05,0.00,0.00,89.95,0.00,387.00,0.00,0.00,0.00,0.00,0.00,0.00,29444.00,0.00,0.00,0.00,0.00,0.00,0.00,0.00,0.00,0.00,687192,1155168,1353528,66.33,47644,541768,3729300,182.74,833200,355624,68,599448,101956,7360,28752,0,0,0,0.00,0,0.00,0,0,0.00,26648,7648,36912,0,0,460,0.00,0.00,0.02,0,0.00,0.00,0.00,0.00,0.00,0.00,0.00,0.00,0.00,0.00,0.00,0.00,0.00,0.00,58321.00,2431.00,79791.40,137.69,0.00,0.00,0.00,0.00,0.00,0.00,0.00,0.00,0.00,0.00,0.00,0.00,0.00,0.00,0.00,0.00,0.00,0.00,0.00,0.00,0.00,0.00,0.00,0.00,0.00,0.00,0.00,0.00,0.00,0.00,724,3,5,0,0,0,58318.00,0.00,4858.00,2431.00,55890.00,2430.00,0.00,0.00,0.00,0.00,0.00,0.00,0.00,0.00,0.00,0.00,0.00,0.00,0.00,0.00,0.00,0.00,0.00,0.00,0.00,0.00,0.00,0.00,0.00,0.00,0.00,0.00,0.00,0.00,0.00,0.00,0.00,0.00,0.00,0.00,0.00,0.00,0.00,0.00,4860.00,2432.00,2414.00,0.00,1.00,0.00,0.00,0.00,0.00,0.00,0.00,3,2,1,0,0.00,0.00,0.00,0.00,0.00,0.00,0.00,0.00,0.00,0.00,0.00,0.00,0.00,0.00,0.00,0.00,0.00,0.00,0.00,0.00,0.00,0.00,0.00,0.00,0.00,0.00,0.00,0.00,0.00,0.00,0.00,0.00,0.00,0.00,0.00,0.00,0.00,0.00,0.00,0.00,0.00,0.00,0.00,0.00,0.00,0.00,0.00,0.00,0.00,0.00,0.00,0.00,0.00,58370.00,0.00,0.00,0.00,0.00,1995.37
0.51,0.00,0.00,5.58,0.00,0.00,7.61,0.00,0.00,86.29,0.00,374.00,0.00,0.00,0.00,20.00,0.00,0.00,27980.00,0.00,0.00,0.00,0.00,2.00,0.00,2.00,0.00,40.00,687128,1155104,1353592,66.33,47652,541780,3729300,182.74,833200,355624,88,599448,101956,7360,28752,0,0,0,0.00,0,0.00,0,0,0.00,26648,7648,36912,0,0,460,0.00,0.00,0.02,0,0.00,0.00,0.00,0.00,0.00,0.00,2.00,0.00,20.00,10.00,0.00,66.00,0.00,0.00,56924.00,2376.00,77949.84,134.58,0.00,0.00,0.00,0.00,0.00,0.00,0.00,1.00,0.00,0.00,0.00,0.00,0.00,0.00,0.00,0.00,0.00,0.00,0.00,0.00,0.00,0.00,0.00,0.00,0.00,0.00,0.00,0.00,0.00,0.00,724,3,5,0,0,0,56959.00,0.00,4687.00,2378.00,54648.00,2376.00,0.00,0.00,0.00,0.00,0.00,0.00,0.00,0.00,0.00,0.00,0.00,0.00,0.00,0.00,0.00,0.00,0.00,0.00,0.00,0.00,0.00,0.00,0.00,0.00,0.00,0.00,0.00,0.00,0.00,0.00,0.00,0.00,0.00,0.00,0.00,0.00,0.00,0.00,4686.00,2378.00,2310.00,0.00,2.00,0.00,0.00,0.00,0.00,0.00,0.00,3,2,1,0,0.00,0.00,0.00,0.00,0.00,0.00,0.00,0.00,0.00,0.00,0.00,0.00,0.00,0.00,0.00,0.00,0.00,0.00,0.00,0.00,0.00,0.00,0.00,0.00,0.00,0.00,0.00,0.00,0.00,0.00,0.00,0.00,0.00,0.00,0.00,0.00,0.00,0.00,0.00,0.00,0.00,0.00,0.00,0.00,0.00,0.00,0.00,0.00,0.00,0.00,0.00,0.00,0.00,56988.00,0.00,0.00,0.00,0.00,1995.37
0.00,0.00,0.00,0.00,0.00,0.00,9.55,0.00,0.00,90.45,0.00,377.00,0.00,0.00,0.00,0.00,0.00,0.00,27699.00,0.00,0.00,0.00,0.00,0.00,0.00,0.00,0.00,0.00,687192,1155168,1353528,66.33,47652,541796,3729300,182.74,833200,355624,104,599448,101956,7360,28752,0,0,0,0.00,0,0.00,0,0,0.00,26648,7648,36912,0,0,460,0.00,0.00,0.02,0,0.00,0.00,0.00,0.00,0.00,0.00,0.00,0.00,0.00,0.00,0.00,0.00,0.00,0.00,54832.00,2285.00,74934.98,129.42,0.00,0.00,0.00,0.00,0.00,0.00,0.00,0.00,0.00,0.00,0.00,0.00,0.00,0.00,0.00,0.00,0.00,0.00,0.00,0.00,0.00,0.00,0.00,0.00,0.00,0.00,0.00,0.00,0.00,0.00,724,3,5,0,0,0,54786.00,0.00,4626.00,2283.00,52440.00,2280.00,0.00,0.00,0.00,0.00,0.00,0.00,0.00,0.00,0.00,0.00,0.00,0.00,0.00,0.00,0.00,0.00,0.00,0.00,0.00,0.00,0.00,0.00,0.00,0.00,0.00,0.00,0.00,0.00,0.00,0.00,0.00,0.00,0.00,0.00,0.00,0.00,0.00,0.00,4625.00,2282.00,2346.00,0.00,3.00,0.00,0.00,0.00,0.00,0.00,0.00,3,2,1,0,0.00,0.00,0.00,0.00,0.00,0.00,0.00,0.00,0.00,0.00,0.00,0.00,0.00,0.00,0.00,0.00,0.00,0.00,0.00,0.00,0.00,0.00,0.00,0.00,0.00,0.00,0.00,0.00,0.00,0.00,0.00,0.00,0.00,0.00,0.00,0.00,0.00,0.00,0.00,0.00,0.00,0.00,0.00,0.00,0.00,0.00,0.00,0.00,0.00,0.00,0.00,0.00,0.00,54718.00,0.00,0.00,0.00,0.00,1995.37
0.51,0.00,0.00,0.00,0.00,0.00,8.08,0.00,0.00,91.41,0.00,349.00,0.00,0.00,0.00,0.00,0.00,0.00,27492.00,0.00,0.00,0.00,0.00,0.00,0.00,0.00,0.00,0.00,687160,1155136,1353560,66.33,47652,541812,3729300,182.74,833200,355624,120,599448,101956,7360,28752,0,0,0,0.00,0,0.00,0,0,0.00,26648,7648,36912,0,0,460,0.00,0.00,0.02,0,0.00,0.00,0.00,0.00,0.00,0.00,0.00,0.00,0.00,0.00,0.00,0.00,0.00,0.00,54556.00,2280.00,74699.44,129.14,0.00,0.00,0.00,0.00,0.00,0.00,0.00,1.00,0.00,0.00,0.00,0.00,0.00,0.00,0.00,0.00,0.00,0.00,0.00,0.00,0.00,0.00,0.00,0.00,0.00,0.00,0.00,0.00,0.00,0.00,724,3,5,0,0,0,54578.00,0.00,4506.00,2281.00,52348.00,2276.00,0.00,0.00,0.00,0.00,0.00,0.00,0.00,0.00,0.00,0.00,0.00,0.00,0.00,0.00,0.00,0.00,0.00,0.00,0.00,0.00,0.00,0.00,0.00,0.00,0.00,0.00,0.00,0.00,0.00,0.00,0.00,0.00,0.00,0.00,0.00,0.00,0.00,0.00,4507.00,2282.00,2230.00,0.00,5.00,0.00,0.00,0.00,0.00,0.00,0.00,3,2,1,0,0.00,0.00,0.00,0.00,0.00,0.00,0.00,0.00,0.00,0.00,0.00,0.00,0.00,0.00,0.00,0.00,0.00,0.00,0.00,0.00,0.00,0.00,0.00,0.00,0.00,0.00,0.00,0.00,0.00,0.00,0.00,0.00,0.00,0.00,0.00,0.00,0.00,0.00,0.00,0.00,0.00,0.00,0.00,0.00,0.00,0.00,0.00,0.00,0.00,0.00,0.00,0.00,0.00,54624.00,0.00,0.00,0.00,0.00,1995.37
0.00,0.00,0.50,0.00,0.50,0.00,8.50,0.00,0.00,90.50,0.00,349.00,0.00,0.00,0.00,0.00,0.00,0.00,27236.00,0.00,0.00,0.00,0.00,0.00,0.00,0.00,0.00,0.00,687192,1155224,1353528,66.33,47652,541828,3729300,182.74,833208,355672,136,599448,101956,7360,28752,0,0,0,0.00,0,0.00,0,0,0.00,26648,7648,36912,0,0,460,0.00,0.00,0.02,0,0.00,0.00,0.00,0.00,0.00,0.00,0.00,0.00,0.00,0.00,0.00,0.00,0.00,0.00,53808.00,2241.00,73555.04,126.93,0.00,0.00,0.00,0.00,0.00,0.00,0.00,0.00,0.00,0.00,0.00,0.00,0.00,0.00,0.00,0.00,0.00,0.00,0.00,0.00,0.00,0.00,0.00,0.00,0.00,0.00,0.00,0.00,0.00,0.00,724,3,5,0,0,0,53806.00,0.00,4526.00,2241.00,51520.00,2240.00,0.00,0.00,0.00,0.00,0.00,0.00,0.00,0.00,0.00,0.00,0.00,0.00,0.00,0.00,0.00,0.00,0.00,0.00,0.00,0.00,0.00,0.00,0.00,0.00,0.00,0.00,0.00,0.00,0.00,0.00,0.00,0.00,0.00,0.00,0.00,0.00,0.00,0.00,4528.00,2241.00,2288.00,0.00,1.00,0.00,0.00,0.00,0.00,0.00,0.00,3,2,1,0,0.00,0.00,0.00,0.00,0.00,0.00,0.00,0.00,0.00,0.00,0.00,0.00,0.00,0.00,0.00,0.00,0.00,0.00,0.00,0.00,0.00,0.00,0.00,0.00,0.00,0.00,0.00,0.00,0.00,0.00,0.00,0.00,0.00,0.00,0.00,0.00,0.00,0.00,0.00,0.00,0.00,0.00,0.00,0.00,0.00,0.00,0.00,0.00,0.00,0.00,0.00,0.00,0.00,53741.00,0.00,0.00,0.00,0.00,1995.37
0.00,0.00,0.00,0.00,0.00,0.00,9.95,0.00,0.00,90.05,0.00,358.00,0.00,0.00,0.00,0.00,0.00,0.00,28108.00,0.00,0.00,0.00,0.00,0.00,0.00,0.00,0.00,0.00,687192,1155224,1353528,66.33,47652,541844,3729300,182.74,833208,355672,152,599448,101956,7360,28752,0,0,0,0.00,0,0.00,0,0,0.00,26648,7648,36912,0,0,460,0.00,0.00,0.02,0,0.00,0.00,0.00,0.00,0.00,0.00,0.00,0.00,0.00,0.00,0.00,0.00,0.00,0.00,56619.00,2361.00,77460.22,133.73,0.00,0.00,0.00,0.00,0.00,0.00,0.00,1.00,0.00,0.00,0.00,0.00,0.00,0.00,0.00,0.00,0.00,0.00,0.00,0.00,0.00,0.00,0.00,0.00,0.00,0.00,0.00,0.00,0.00,0.00,724,3,5,0,0,0,56581.00,0.00,4705.00,2360.00,54234.00,2358.00,0.00,0.00,0.00,0.00,0.00,0.00,0.00,0.00,0.00,0.00,0.00,0.00,0.00,0.00,0.00,0.00,0.00,0.00,0.00,0.00,0.00,0.00,0.00,0.00,0.00,0.00,0.00,0.00,0.00,0.00,0.00,0.00,0.00,0.00,0.00,0.00,0.00,0.00,4703.00,2360.00,2345.00,0.00,2.00,0.00,0.00,0.00,0.00,0.00,0.00,3,2,1,0,0.00,0.00,0.00,0.00,0.00,0.00,0.00,0.00,0.00,0.00,0.00,0.00,0.00,0.00,0.00,0.00,0.00,0.00,0.00,0.00,0.00,0.00,0.00,0.00,0.00,0.00,0.00,0.00,0.00,0.00,0.00,0.00,0.00,0.00,0.00,0.00,0.00,0.00,0.00,0.00,0.00,0.00,0.00,0.00,0.00,0.00,0.00,0.00,0.00,0.00,0.00,0.00,0.00,56642.00,0.00,0.00,0.00,0.00,1995.37
0.51,0.00,0.00,4.08,0.00,0.00,7.14,0.00,0.00,88.27,0.00,349.00,0.00,0.00,0.00,12.00,0.00,0.00,25372.00,0.00,0.00,0.00,0.00,2.00,0.00,2.00,0.00,24.00,687036,1155068,1353684,66.33,47660,541860,3729300,182.74,833208,355672,168,599448,101960,7360,28752,0,0,0,0.00,0,0.00,0,0,0.00,26648,7648,36912,0,0,460,0.00,0.00,0.02,0,0.00,0.00,0.00,0.00,0.00,0.00,2.00,0.00,12.00,6.00,0.00,50.00,0.00,0.00,51682.00,2166.00,70696.31,122.68,0.00,0.00,0.00,0.00,0.00,0.00,0.00,0.00,0.00,0.00,0.00,0.00,0.00,0.00,0.00,0.00,0.00,0.00,0.00,0.00,0.00,0.00,0.00,0.00,0.00,0.00,0.00,0.00,0.00,0.00,724,3,5,0,0,0,51680.00,0.00,4314.00,2166.00,49519.00,2153.00,0.00,0.00,0.00,0.00,0.00,0.00,0.00,0.00,0.00,0.00,0.00,0.00,0.00,0.00,0.00,0.00,0.00,0.00,0.00,0.00,0.00,0.00,0.00,0.00,0.00,0.00,0.00,0.00,0.00,0.00,0.00,0.00,0.00,0.00,0.00,0.00,0.00,0.00,4313.00,2165.00,2162.00,0.00,13.00,0.00,0.00,0.00,0.00,0.00,0.00,3,2,1,0,0.00,0.00,0.00,0.00,0.00,0.00,0.00,0.00,0.00,0.00,0.00,0.00,0.00,0.00,0.00,0.00,0.00,0.00,0.00,0.00,0.00,0.00,0.00,0.00,0.00,0.00,0.00,0.00,0.00,0.00,0.00,0.00,0.00,0.00,0.00,0.00,0.00,0.00,0.00,0.00,0.00,0.00,0.00,0.00,0.00,0.00,0.00,0.00,0.00,0.00,0.00,0.00,0.00,51659.00,0.00,0.00,0.00,0.00,1995.37
0.00,0.00,0.00,0.00,0.00,0.00,11.27,0.00,0.00,88.73,0.00,380.00,0.00,0.00,0.00,0.00,0.00,0.00,26101.00,0.00,0.00,0.00,0.00,0.00,0.00,0.00,0.00,0.00,687004,1155092,1353716,66.34,47660,541876,3729300,182.74,833216,355720,184,599448,101960,7360,28752,0,0,0,0.00,0,0.00,0,0,0.00,26648,7648,36912,0,0,460,0.00,0.00,0.02,0,0.00,0.00,0.00,0.00,0.00,0.00,0.00,0.00,0.00,0.00,0.00,0.00,0.00,0.00,51674.00,2157.00,70695.89,122.17,0.00,0.00,0.00,0.00,0.00,0.00,0.00,1.00,0.00,0.00,0.00,0.00,0.00,0.00,0.00,0.00,0.00,0.00,0.00,0.00,0.00,0.00,0.00,0.00,0.00,0.00,0.00,0.00,0.00,0.00,724,3,5,0,0,0,51673.00,0.00,4307.00,2157.00,49519.00,2153.00,0.00,0.00,0.00,0.00,0.00,0.00,0.00,0.00,0.00,0.00,0.00,0.00,0.00,0.00,0.00,0.00,0.00,0.00,0.00,0.00,0.00,0.00,0.00,0.00,0.00,0.00,0.00,0.00,0.00,0.00,0.00,0.00,0.00,0.00,0.00,0.00,0.00,0.00,4307.00,2157.00,2154.00,0.00,4.00,0.00,0.00,0.00,0.00,0.00,0.00,3,2,1,0,0.00,0.00,0.00,0.00,0.00,0.00,0.00,0.00,0.00,0.00,0.00,0.00,0.00,0.00,0.00,0.00,0.00,0.00,0.00,0.00,0.00,0.00,0.00,0.00,0.00,0.00,0.00,0.00,0.00,0.00,0.00,0.00,0.00,0.00,0.00,0.00,0.00,0.00,0.00,0.00,0.00,0.00,0.00,0.00,0.00,0.00,0.00,0.00,0.00,0.00,0.00,0.00,0.00,51674.00,0.00,0.00,0.00,0.00,1995.37
0.49,0.00,0.49,0.00,0.00,0.00,9.36,0.00,0.00,89.66,0.00,362.00,0.00,0.00,0.00,0.00,1.00,0.00,25021.00,0.00,0.00,0.00,0.00,0.00,0.00,0.00,0.00,0.00,687004,1155120,1353716,66.34,47660,541892,3729300,182.74,833216,355748,200,599452,101960,7360,28752,0,0,0,0.00,0,0.00,0,0,0.00,26648,7648,36912,0,0,460,0.00,0.00,0.02,0,0.00,0.00,0.00,0.00,0.00,0.00,0.00,0.00,0.00,0.00,0.00,0.00,0.00,0.00,50214.00,2096.00,68693.42,118.72,0.00,0.00,0.00,0.00,0.00,0.00,0.00,1.00,0.00,0.00,0.00,0.00,0.00,0.00,0.00,0.00,0.00,0.00,0.00,0.00,0.00,0.00,0.00,0.00,0.00,0.00,0.00,0.00,0.00,0.00,724,3,5,0,0,0,50282.00,0.00,4192.00,2099.00,48185.00,2095.00,0.00,0.00,0.00,0.00,0.00,0.00,0.00,0.00,0.00,0.00,0.00,0.00,0.00,0.00,0.00,0.00,0.00,0.00,0.00,0.00,0.00,0.00,0.00,0.00,0.00,0.00,0.00,0.00,0.00,0.00,0.00,0.00,0.00,0.00,0.00,0.00,0.00,0.00,4196.00,2101.00,2099.00,0.00,4.00,0.00,0.00,0.00,0.00,0.00,0.00,3,2,1,0,0.00,0.00,0.00,0.00,0.00,0.00,0.00,0.00,0.00,0.00,0.00,0.00,0.00,0.00,0.00,0.00,0.00,0.00,0.00,0.00,0.00,0.00,0.00,0.00,0.00,0.00,0.00,0.00,0.00,0.00,0.00,0.00,0.00,0.00,0.00,0.00,0.00,0.00,0.00,0.00,0.00,0.00,0.00,0.00,0.00,0.00,0.00,0.00,0.00,0.00,0.00,0.00,0.00,50335.00,0.00,0.00,0.00,0.00,1995.37
0.00,0.00,0.00,0.00,0.50,0.00,9.45,0.00,0.00,90.05,0.00,360.00,0.00,0.00,0.00,0.00,0.00,0.00,24644.00,0.00,0.00,0.00,0.00,0.00,0.00,0.00,0.00,0.00,686972,1155088,1353748,66.34,47660,541908,3729300,182.74,833216,355748,216,599452,101960,7360,28752,0,0,0,0.00,0,0.00,0,0,0.00,26648,7648,36912,0,0,460,0.00,0.00,0.02,0,0.00,0.00,0.00,0.00,0.00,0.00,0.00,0.00,0.00,0.00,0.00,0.00,0.00,0.00,48803.00,2034.00,66756.11,115.21,0.00,0.00,0.00,0.00,0.00,0.00,0.00,1.00,0.00,0.00,0.00,0.00,0.00,0.00,0.00,0.00,0.00,0.00,0.00,0.00,0.00,0.00,0.00,0.00,0.00,0.00,0.00,0.00,0.00,0.00,724,3,5,0,0,0,48721.00,0.00,4061.00,2031.00,46690.00,2030.00,0.00,0.00,0.00,0.00,0.00,0.00,0.00,0.00,0.00,0.00,0.00,0.00,0.00,0.00,0.00,0.00,0.00,0.00,0.00,0.00,0.00,0.00,0.00,0.00,0.00,0.00,0.00,0.00,0.00,0.00,0.00,0.00,0.00,0.00,0.00,0.00,0.00,0.00,4059.00,2030.00,2029.00,0.00,1.00,0.00,0.00,0.00,0.00,0.00,0.00,3,2,1,0,0.00,0.00,0.00,0.00,0.00,0.00,0.00,0.00,0.00,0.00,0.00,0.00,0.00,0.00,0.00,0.00,0.00,0.00,0.00,0.00,0.00,0.00,0.00,0.00,0.00,0.00,0.00,0.00,0.00,0.00,0.00,0.00,0.00,0.00,0.00,0.00,0.00,0.00,0.00,0.00,0.00,0.00,0.00,0.00,0.00,0.00,0.00,0.00,0.00,0.00,0.00,0.00,0.00,48684.00,0.00,0.00,0.00,0.00,1995.37
0.00,0.00,0.51,0.00,0.00,0.00,7.11,0.00,0.00,92.39,0.00,336.00,0.00,0.00,0.00,0.00,0.00,0.00,23868.00,0.00,0.00,0.00,0.00,0.00,0.00,0.00,0.00,0.00,687036,1155152,1353684,66.33,47660,541920,3729300,182.74,833216,355748,228,599452,101960,7360,28752,0,0,0,0.00,0,0.00,0,0,0.00,26648,7648,36912,0,0,460,0.00,0.00,0.02,0,0.00,0.00,0.00,0.00,0.00,0.00,0.00,0.00,0.00,0.00,0.00,0.00,0.00,0.00,47426.00,1977.00,64883.92,111.98,0.00,0.00,0.00,0.00,0.00,0.00,0.00,0.00,0.00,0.00,0.00,0.00,0.00,0.00,0.00,0.00,0.00,0.00,0.00,0.00,0.00,0.00,0.00,0.00,0.00,0.00,0.00,0.00,0.00,0.00,724,3,5,0,0,0,47472.00,0.00,3956.00,1979.00,45494.00,1978.00,0.00,0.00,0.00,0.00,0.00,0.00,0.00,0.00,0.00,0.00,0.00,0.00,0.00,0.00,0.00,0.00,0.00,0.00,0.00,0.00,0.00,0.00,0.00,0.00,0.00,0.00,0.00,0.00,0.00,0.00,0.00,0.00,0.00,0.00,0.00,0.00,0.00,0.00,3954.00,1978.00,1977.00,0.00,1.00,0.00,0.00,0.00,0.00,0.00,0.00,3,2,1,0,0.00,0.00,0.00,0.00,0.00,0.00,0.00,0.00,0.00,0.00,0.00,0.00,0.00,0.00,0.00,0.00,0.00,0.00,0.00,0.00,0.00,0.00,0.00,0.00,0.00,0.00,0.00,0.00,0.00,0.00,0.00,0.00,0.00,0.00,0.00,0.00,0.00,0.00,0.00,0.00,0.00,0.00,0.00,0.00,0.00,0.00,0.00,0.00,0.00,0.00,0.00,0.00,0.00,47447.00,0.00,0.00,0.00,0.00,1995.37
0.50,0.00,0.00,3.98,0.00,0.00,7.46,0.00,0.00,88.06,0.00,349.00,0.00,0.00,0.00,12.00,0.00,0.00,22884.00,0.00,0.00,0.00,0.00,2.00,0.00,2.00,0.00,24.00,686912,1155080,1353808,66.34,47668,541936,3729300,182.74,833228,355792,244,599452,101960,7360,28752,0,0,0,0.00,0,0.00,0,0,0.00,26648,7648,36912,0,0,460,0.00,0.00,0.02,0,0.00,0.00,0.00,0.00,0.00,0.00,2.00,0.00,12.00,6.00,0.00,50.00,0.00,0.00,47592.00,1985.00,65113.67,112.43,0.00,0.00,0.00,0.00,0.00,0.00,0.00,1.00,0.00,0.00,0.00,0.00,0.00,0.00,0.00,0.00,0.00,0.00,0.00,0.00,0.00,0.00,0.00,0.00,0.00,0.00,0.00,0.00,0.00,0.00,724,3,5,0,0,0,47569.00,0.00,3965.00,1984.00,45586.00,1982.00,0.00,0.00,0.00,0.00,0.00,0.00,0.00,0.00,0.00,0.00,0.00,0.00,0.00,0.00,0.00,0.00,0.00,0.00,0.00,0.00,0.00,0.00,0.00,0.00,0.00,0.00,0.00,0.00,0.00,0.00,0.00,0.00,0.00,0.00,0.00,0.00,0.00,0.00,3967.00,1985.00,1984.00,0.00,2.00,0.00,0.00,0.00,0.00,0.00,0.00,3,2,1,0,0.00,0.00,0.00,0.00,0.00,0.00,0.00,0.00,0.00,0.00,0.00,0.00,0.00,0.00,0.00,0.00,0.00,0.00,0.00,0.00,0.00,0.00,0.00,0.00,0.00,0.00,0.00,0.00,0.00,0.00,0.00,0.00,0.00,0.00,0.00,0.00,0.00,0.00,0.00,0.00,0.00,0.00,0.00,0.00,0.00,0.00,0.00,0.00,0.00,0.00,0.00,0.00,0.00,47594.00,0.00,0.00,0.00,0.00,1995.37
0.00,0.00,0.00,0.00,0.49,0.00,9.85,0.00,0.00,89.66,0.00,359.00,0.00,0.00,0.00,252.00,2.00,0.00,22404.00,0.00,0.00,0.00,0.00,2.00,0.00,2.00,0.00,504.00,686944,1155136,1353776,66.34,47668,541952,3729300,182.74,833228,355816,0,599452,101960,7360,28752,0,0,0,0.00,0,0.00,0,0,0.00,26648,7648,36912,0,0,460,0.00,0.00,0.02,0,0.00,0.00,0.00,0.00,0.00,0.00,2.00,0.00,252.00,126.00,0.01,8.00,4.00,0.80,45364.00,1891.00,62061.36,107.11,0.00,0.00,0.00,0.00,0.00,0.00,0.00,0.00,0.00,0.00,0.00,0.00,0.00,0.00,0.00,0.00,0.00,0.00,0.00,0.00,0.00,0.00,0.00,0.00,0.00,0.00,0.00,0.00,0.00,0.00,724,3,5,0,0,0,45362.00,0.00,3782.00,1891.00,43470.00,1890.00,0.00,0.00,0.00,0.00,0.00,0.00,0.00,0.00,0.00,0.00,0.00,0.00,0.00,0.00,0.00,0.00,0.00,0.00,0.00,0.00,0.00,0.00,0.00,0.00,0.00,0.00,0.00,0.00,0.00,0.00,0.00,0.00,0.00,0.00,0.00,0.00,0.00,0.00,3780.00,1890.00,1891.00,0.00,1.00,0.00,0.00,0.00,0.00,0.00,0.00,3,2,1,0,0.00,0.00,0.00,0.00,0.00,0.00,0.00,0.00,0.00,0.00,0.00,0.00,0.00,0.00,0.00,0.00,0.00,0.00,0.00,0.00,0.00,0.00,0.00,0.00,0.00,0.00,0.00,0.00,0.00,0.00,0.00,0.00,0.00,0.00,0.00,0.00,0.00,0.00,0.00,0.00,0.00,0.00,0.00,0.00,0.00,0.00,0.00,0.00,0.00,0.00,0.00,0.00,0.00,45340.00,0.00,0.00,0.00,0.00,1995.37
0.50,0.00,0.50,0.00,0.00,0.00,8.91,0.00,0.00,90.10,0.00,353.00,0.00,0.00,0.00,0.00,0.00,0.00,23356.00,0.00,0.00,0.00,0.00,0.00,0.00,0.00,0.00,0.00,686848,1155040,1353872,66.34,47668,541968,3729300,182.74,833228,355816,20,599452,101960,7360,28752,0,0,0,0.00,0,0.00,0,0,0.00,26648,7648,36912,0,0,460,0.00,0.00,0.02,0,0.00,0.00,0.00,0.00,0.00,0.00,0.00,0.00,0.00,0.00,0.00,0.00,0.00,0.00,46185.00,1924.00,63176.88,108.98,0.00,0.00,0.00,0.00,0.00,0.00,0.00,1.00,0.00,0.00,0.00,0.00,0.00,0.00,0.00,0.00,0.00,0.00,0.00,0.00,0.00,0.00,0.00,0.00,0.00,0.00,0.00,0.00,0.00,0.00,724,3,5,0,0,0,46152.00,0.00,3846.00,1923.00,44229.00,1923.00,0.00,0.00,0.00,0.00,0.00,0.00,0.00,0.00,0.00,0.00,0.00,0.00,0.00,0.00,0.00,0.00,0.00,0.00,0.00,0.00,0.00,0.00,0.00,0.00,0.00,0.00,0.00,0.00,0.00,0.00,0.00,0.00,0.00,0.00,0.00,0.00,0.00,0.00,3846.00,1924.00,1922.00,0.00,0.00,0.00,0.00,0.00,0.00,0.00,0.00,3,2,1,0,0.00,0.00,0.00,0.00,0.00,0.00,0.00,0.00,0.00,0.00,0.00,0.00,0.00,0.00,0.00,0.00,0.00,0.00,0.00,0.00,0.00,0.00,0.00,0.00,0.00,0.00,0.00,0.00,0.00,0.00,0.00,0.00,0.00,0.00,0.00,0.00,0.00,0.00,0.00,0.00,0.00,0.00,0.00,0.00,0.00,0.00,0.00,0.00,0.00,0.00,0.00,0.00,0.00,46185.00,0.00,0.00,0.00,0.00,1995.37
0.00,0.00,0.00,0.00,0.00,0.00,8.96,0.00,0.00,91.04,0.00,347.00,0.00,0.00,0.00,0.00,0.00,0.00,21668.00,0.00,0.00,0.00,0.00,0.00,0.00,0.00,0.00,0.00,686944,1155136,1353776,66.34,47668,541984,3729300,182.74,833228,355816,36,599452,101960,7360,28752,0,0,0,0.00,0,0.00,0,0,0.00,26648,7648,36912,0,0,460,0.00,0.00,0.02,0,0.00,0.00,0.00,0.00,0.00,0.00,0.00,0.00,0.00,0.00,0.00,0.00,0.00,0.00,42867.00,1787.00,58645.15,101.22,0.00,0.00,0.00,0.00,0.00,0.00,0.00,0.00,0.00,0.00,0.00,0.00,0.00,0.00,0.00,0.00,0.00,0.00,0.00,0.00,0.00,0.00,0.00,0.00,0.00,0.00,0.00,0.00,0.00,0.00,724,3,5,0,0,0,42886.00,0.00,3572.00,1788.00,41101.00,1787.00,0.00,0.00,0.00,0.00,0.00,0.00,0.00,0.00,0.00,0.00,0.00,0.00,0.00,0.00,0.00,0.00,0.00,0.00,0.00,0.00,0.00,0.00,0.00,0.00,0.00,0.00,0.00,0.00,0.00,0.00,0.00,0.00,0.00,0.00,0.00,0.00,0.00,0.00,3573.00,1788.00,1786.00,0.00,1.00,0.00,0.00,0.00,0.00,0.00,0.00,3,2,1,0,0.00,0.00,0.00,0.00,0.00,0.00,0.00,0.00,0.00,0.00,0.00,0.00,0.00,0.00,0.00,0.00,0.00,0.00,0.00,0.00,0.00,0.00,0.00,0.00,0.00,0.00,0.00,0.00,0.00,0.00,0.00,0.00,0.00,0.00,0.00,0.00,0.00,0.00,0.00,0.00,0.00,0.00,0.00,0.00,0.00,0.00,0.00,0.00,0.00,0.00,0.00,0.00,0.00,42936.00,0.00,0.00,0.00,0.00,1995.37
0.00,0.00,0.00,0.00,0.00,0.00,10.29,0.00,0.00,89.71,0.00,365.00,0.00,0.00,0.00,0.00,0.00,0.00,21644.00,0.00,0.00,0.00,0.00,0.00,0.00,0.00,0.00,0.00,686976,1155172,1353744,66.34,47668,542000,3729300,182.74,833228,355816,52,599452,101964,7360,28752,0,0,0,0.00,0,0.00,0,0,0.00,26648,7648,36912,0,0,460,0.00,0.00,0.02,0,0.00,0.00,0.00,0.00,0.00,0.00,0.00,0.00,0.00,0.00,0.00,0.00,0.00,0.00,43751.00,1824.00,59859.88,103.31,0.00,0.00,0.00,0.00,0.00,0.00,0.00,1.00,0.00,0.00,0.00,0.00,0.00,0.00,0.00,0.00,0.00,0.00,0.00,0.00,0.00,0.00,0.00,0.00,0.00,0.00,0.00,0.00,0.00,0.00,724,3,5,0,0,0,43725.00,0.00,3641.00,1823.00,41906.00,1822.00,0.00,0.00,0.00,0.00,0.00,0.00,0.00,0.00,0.00,0.00,0.00,0.00,0.00,0.00,0.00,0.00,0.00,0.00,0.00,0.00,0.00,0.00,0.00,0.00,0.00,0.00,0.00,0.00,0.00,0.00,0.00,0.00,0.00,0.00,0.00,0.00,0.00,0.00,3641.00,1823.00,1819.00,0.00,1.00,0.00,0.00,0.00,0.00,0.00,0.00,3,2,1,0,0.00,0.00,0.00,0.00,0.00,0.00,0.00,0.00,0.00,0.00,0.00,0.00,0.00,0.00,0.00,0.00,0.00,0.00,0.00,0.00,0.00,0.00,0.00,0.00,0.00,0.00,0.00,0.00,0.00,0.00,0.00,0.00,0.00,0.00,0.00,0.00,0.00,0.00,0.00,0.00,0.00,0.00,0.00,0.00,0.00,0.00,0.00,0.00,0.00,0.00,0.00,0.00,0.00,43681.00,0.00,0.00,0.00,0.00,1995.37
0.00,0.00,0.00,3.98,0.50,0.00,7.96,0.00,0.00,87.56,0.00,365.00,0.00,0.00,0.00,20.00,0.00,0.00,20108.00,0.00,0.00,0.00,0.00,2.00,0.00,2.00,0.00,40.00,686912,1155164,1353808,66.34,47676,542016,3729300,182.74,833232,355868,76,599452,101964,7360,28752,0,0,0,0.00,0,0.00,0,0,0.00,26648,7648,36912,0,0,460,0.00,0.00,0.02,0,0.00,0.00,0.00,0.00,0.00,0.00,2.00,0.00,20.00,10.00,0.00,46.00,0.00,0.00,41956.00,1751.00,57397.45,99.18,0.00,0.00,0.00,0.00,0.00,0.00,0.00,0.00,0.00,0.00,0.00,0.00,0.00,0.00,0.00,0.00,0.00,0.00,0.00,0.00,0.00,0.00,0.00,0.00,0.00,0.00,0.00,0.00,0.00,0.00,724,3,5,0,0,0,41953.00,0.00,3497.00,1751.00,40204.00,1748.00,0.00,0.00,0.00,0.00,0.00,0.00,0.00,0.00,0.00,0.00,0.00,0.00,0.00,0.00,0.00,0.00,0.00,0.00,0.00,0.00,0.00,0.00,0.00,0.00,0.00,0.00,0.00,0.00,0.00,0.00,0.00,0.00,0.00,0.00,0.00,0.00,0.00,0.00,3497.00,1751.00,1749.00,0.00,3.00,0.00,0.00,0.00,0.00,0.00,0.00,3,2,1,0,0.00,0.00,0.00,0.00,0.00,0.00,0.00,0.00,0.00,0.00,0.00,0.00,0.00,0.00,0.00,0.00,0.00,0.00,0.00,0.00,0.00,0.00,0.00,0.00,0.00,0.00,0.00,0.00,0.00,0.00,0.00,0.00,0.00,0.00,0.00,0.00,0.00,0.00,0.00,0.00,0.00,0.00,0.00,0.00,0.00,0.00,0.00,0.00,0.00,0.00,0.00,0.00,0.00,41956.00,0.00,0.00,0.00,0.00,1995.37
0.49,0.00,0.49,0.00,0.00,0.00,9.31,0.00,0.00,89.71,0.00,359.00,0.00,0.00,0.00,0.00,0.00,0.00,20421.00,0.00,0.00,0.00,0.00,0.00,0.00,0.00,0.00,0.00,686944,1155196,1353776,66.34,47676,542032,3729300,182.74,833232,355868,92,599452,101964,7360,28752,0,0,0,0.00,0,0.00,0,0,0.00,26648,7648,36912,0,0,460,0.00,0.00,0.02,0,0.00,0.00,0.00,0.00,0.00,0.00,0.00,0.00,0.00,0.00,0.00,0.00,0.00,0.00,41558.00,1733.00,56839.82,98.16,0.00,0.00,0.00,0.00,0.00,0.00,0.00,1.00,0.00,0.00,0.00,0.00,0.00,0.00,0.00,0.00,0.00,0.00,0.00,0.00,0.00,0.00,0.00,0.00,0.00,0.00,0.00,0.00,0.00,0.00,724,3,5,0,0,0,41570.00,0.00,3466.00,1734.00,39836.00,1732.00,0.00,0.00,0.00,0.00,0.00,0.00,0.00,0.00,0.00,0.00,0.00,0.00,0.00,0.00,0.00,0.00,0.00,0.00,0.00,0.00,0.00,0.00,0.00,0.00,0.00,0.00,0.00,0.00,0.00,0.00,0.00,0.00,0.00,0.00,0.00,0.00,0.00,0.00,3464.00,1733.00,1733.00,0.00,2.00,0.00,0.00,0.00,0.00,0.00,0.00,3,2,1,0,0.00,0.00,0.00,0.00,0.00,0.00,0.00,0.00,0.00,0.00,0.00,0.00,0.00,0.00,0.00,0.00,0.00,0.00,0.00,0.00,0.00,0.00,0.00,0.00,0.00,0.00,0.00,0.00,0.00,0.00,0.00,0.00,0.00,0.00,0.00,0.00,0.00,0.00,0.00,0.00,0.00,0.00,0.00,0.00,0.00,0.00,0.00,0.00,0.00,0.00,0.00,0.00,0.00,41558.00,0.00,0.00,0.00,0.00,1995.37
0.00,0.00,0.00,0.00,0.00,0.00,9.85,0.00,0.00,90.15,0.00,364.00,0.00,0.00,0.00,0.00,0.00,0.00,19877.00,0.00,0.00,0.00,0.00,0.00,0.00,0.00,0.00,0.00,686848,1155100,1353872,66.34,47676,542044,3729300,182.74,833232,355868,104,599452,101964,7360,28752,0,0,0,0.00,0,0.00,0,0,0.00,26648,7648,36912,0,0,460,0.00,0.00,0.02,0,0.00,0.00,0.00,0.00,0.00,0.00,0.00,0.00,0.00,0.00,0.00,0.00,0.00,0.00,41952.00,1749.00,57397.22,99.06,0.00,0.00,0.00,0.00,0.00,0.00,0.00,0.00,0.00,0.00,0.00,0.00,0.00,0.00,0.00,0.00,0.00,0.00,0.00,0.00,0.00,0.00,0.00,0.00,0.00,0.00,0.00,0.00,0.00,0.00,724,3,5,0,0,0,41927.00,0.00,3493.00,1748.00,40181.00,1747.00,0.00,0.00,0.00,0.00,0.00,0.00,0.00,0.00,0.00,0.00,0.00,0.00,0.00,0.00,0.00,0.00,0.00,0.00,0.00,0.00,0.00,0.00,0.00,0.00,0.00,0.00,0.00,0.00,0.00,0.00,0.00,0.00,0.00,0.00,0.00,0.00,0.00,0.00,3494.00,1749.00,1746.00,0.00,1.00,0.00,0.00,0.00,0.00,0.00,0.00,3,2,1,0,0.00,0.00,0.00,0.00,0.00,0.00,0.00,0.00,0.00,0.00,0.00,0.00,0.00,0.00,0.00,0.00,0.00,0.00,0.00,0.00,0.00,0.00,0.00,0.00,0.00,0.00,0.00,0.00,0.00,0.00,0.00,0.00,0.00,0.00,0.00,0.00,0.00,0.00,0.00,0.00,0.00,0.00,0.00,0.00,0.00,0.00,0.00,0.00,0.00,0.00,0.00,0.00,0.00,41951.00,0.00,0.00,0.00,0.00,1995.37
0.49,0.00,0.00,0.00,0.00,0.00,8.82,0.00,0.00,90.69,0.00,345.00,0.00,0.00,0.00,0.00,0.00,0.00,19604.00,0.00,0.00,0.00,0.00,0.00,0.00,0.00,0.00,0.00,686848,1155156,1353872,66.34,47676,542060,3729300,182.74,833232,355924,120,599452,101964,7360,28752,0,0,0,0.00,0,0.00,0,0,0.00,26648,7648,36912,0,0,460,0.00,0.00,0.02,0,0.00,0.00,0.00,0.00,0.00,0.00,0.00,0.00,0.00,0.00,0.00,0.00,0.00,0.00,39677.00,1658.00,54278.09,93.89,0.00,0.00,0.00,0.00,0.00,0.00,0.00,1.00,0.00,0.00,0.00,0.00,0.00,0.00,0.00,0.00,0.00,0.00,0.00,0.00,0.00,0.00,0.00,0.00,0.00,0.00,0.00,0.00,0.00,0.00,724,3,5,0,0,0,39675.00,0.00,3309.00,1657.00,38019.00,1653.00,0.00,0.00,0.00,0.00,0.00,0.00,0.00,0.00,0.00,0.00,0.00,0.00,0.00,0.00,0.00,0.00,0.00,0.00,0.00,0.00,0.00,0.00,0.00,0.00,0.00,0.00,0.00,0.00,0.00,0.00,0.00,0.00,0.00,0.00,0.00,0.00,0.00,0.00,3310.00,1657.00,1657.00,0.00,4.00,0.00,0.00,0.00,0.00,0.00,0.00,3,2,1,0,0.00,0.00,0.00,0.00,0.00,0.00,0.00,0.00,0.00,0.00,0.00,0.00,0.00,0.00,0.00,0.00,0.00,0.00,0.00,0.00,0.00,0.00,0.00,0.00,0.00,0.00,0.00,0.00,0.00,0.00,0.00,0.00,0.00,0.00,0.00,0.00,0.00,0.00,0.00,0.00,0.00,0.00,0.00,0.00,0.00,0.00,0.00,0.00,0.00,0.00,0.00,0.00,0.00,39678.00,0.00,0.00,0.00,0.00,1995.37
0.50,0.00,0.00,0.00,0.00,0.00,8.42,0.00,0.00,91.09,0.00,350.00,0.00,0.00,0.00,0.00,0.00,0.00,19524.00,0.00,0.00,0.00,0.00,0.00,0.00,0.00,0.00,0.00,686848,1155156,1353872,66.34,47676,542076,3729300,182.74,833232,355924,136,599452,101964,7360,28752,0,0,0,0.00,0,0.00,0,0,0.00,26648,7648,36912,0,0,460,0.00,0.00,0.02,0,0.00,0.00,0.00,0.00,0.00,0.00,0.00,0.00,0.00,0.00,0.00,0.00,0.00,0.00,38591.00,1609.00,52800.14,91.13,0.00,0.00,0.00,0.00,0.00,0.00,0.00,0.00,0.00,0.00,0.00,0.00,0.00,0.00,0.00,0.00,0.00,0.00,0.00,0.00,0.00,0.00,0.00,0.00,0.00,0.00,0.00,0.00,0.00,0.00,724,3,5,0,0,0,38589.00,0.00,3213.00,1609.00,36984.00,1608.00,0.00,0.00,0.00,0.00,0.00,0.00,0.00,0.00,0.00,0.00,0.00,0.00,0.00,0.00,0.00,0.00,0.00,0.00,0.00,0.00,0.00,0.00,0.00,0.00,0.00,0.00,0.00,0.00,0.00,0.00,0.00,0.00,0.00,0.00,0.00,0.00,0.00,0.00,3213.00,1609.00,1605.00,0.00,1.00,0.00,0.00,0.00,0.00,0.00,0.00,3,2,1,0,0.00,0.00,0.00,0.00,0.00,0.00,0.00,0.00,0.00,0.00,0.00,0.00,0.00,0.00,0.00,0.00,0.00,0.00,0.00,0.00,0.00,0.00,0.00,0.00,0.00,0.00,0.00,0.00,0.00,0.00,0.00,0.00,0.00,0.00,0.00,0.00,0.00,0.00,0.00,0.00,0.00,0.00,0.00,0.00,0.00,0.00,0.00,0.00,0.00,0.00,0.00,0.00,0.00,38615.00,0.00,0.00,0.00,0.00,1995.37
0.00,0.00,0.49,0.99,0.49,0.00,8.37,0.00,0.00,89.66,0.00,360.00,0.00,0.00,0.00,12.00,0.00,0.00,18884.00,0.00,0.00,0.00,0.00,2.00,0.00,2.00,0.00,24.00,686848,1155156,1353872,66.34,47684,542092,3729300,182.74,833232,355924,152,599452,101964,7360,28752,0,0,0,0.00,0,0.00,0,0,0.00,26648,7648,36912,0,0,460,0.00,0.00,0.02,0,0.00,0.00,0.00,0.00,0.00,0.00,2.00,0.00,12.00,6.00,0.00,18.00,0.00,0.00,37454.00,1563.00,51224.88,88.53,0.00,0.00,0.00,0.00,0.00,0.00,0.00,1.00,0.00,0.00,0.00,0.00,0.00,0.00,0.00,0.00,0.00,0.00,0.00,0.00,0.00,0.00,0.00,0.00,0.00,0.00,0.00,0.00,0.00,0.00,724,3,5,0,0,0,37441.00,0.00,3121.00,1563.00,35880.00,1560.00,0.00,0.00,0.00,0.00,0.00,0.00,0.00,0.00,0.00,0.00,0.00,0.00,0.00,0.00,0.00,0.00,0.00,0.00,0.00,0.00,0.00,0.00,0.00,0.00,0.00,0.00,0.00,0.00,0.00,0.00,0.00,0.00,0.00,0.00,0.00,0.00,0.00,0.00,3119.00,1562.00,1560.00,0.00,3.00,0.00,0.00,0.00,0.00,0.00,0.00,3,2,1,0,0.00,0.00,0.00,0.00,0.00,0.00,0.00,0.00,0.00,0.00,0.00,0.00,0.00,0.00,0.00,0.00,0.00,0.00,0.00,0.00,0.00,0.00,0.00,0.00,0.00,0.00,0.00,0.00,0.00,0.00,0.00,0.00,0.00,0.00,0.00,0.00,0.00,0.00,0.00,0.00,0.00,0.00,0.00,0.00,0.00,0.00,0.00,0.00,0.00,0.00,0.00,0.00,0.00,37430.00,0.00,0.00,0.00,0.00,1995.37
0.00,0.00,0.00,0.00,0.00,0.00,8.00,0.00,0.00,92.00,0.00,337.00,0.00,0.00,0.00,0.00,0.00,0.00,19044.00,0.00,0.00,0.00,0.00,0.00,0.00,0.00,0.00,0.00,686724,1155088,1353996,66.35,47684,542108,3729300,182.74,833240,355972,168,599452,101964,7360,28752,0,0,0,0.00,0,0.00,0,0,0.00,26648,7648,36912,0,0,460,0.00,0.00,0.02,0,0.00,0.00,0.00,0.00,0.00,0.00,0.00,0.00,0.00,0.00,0.00,0.00,0.00,0.00,37611.00,1568.00,51454.09,88.81,0.00,0.00,0.00,0.00,0.00,0.00,0.00,0.00,0.00,0.00,0.00,0.00,0.00,0.00,0.00,0.00,0.00,0.00,0.00,0.00,0.00,0.00,0.00,0.00,0.00,0.00,0.00,0.00,0.00,0.00,724,3,5,0,0,0,37607.00,0.00,3133.00,1568.00,36041.00,1567.00,0.00,0.00,0.00,0.00,0.00,0.00,0.00,0.00,0.00,0.00,0.00,0.00,0.00,0.00,0.00,0.00,0.00,0.00,0.00,0.00,0.00,0.00,0.00,0.00,0.00,0.00,0.00,0.00,0.00,0.00,0.00,0.00,0.00,0.00,0.00,0.00,0.00,0.00,3135.00,1569.00,1567.00,0.00,1.00,0.00,0.00,0.00,0.00,0.00,0.00,3,2,1,0,0.00,0.00,0.00,0.00,0.00,0.00,0.00,0.00,0.00,0.00,0.00,0.00,0.00,0.00,0.00,0.00,0.00,0.00,0.00,0.00,0.00,0.00,0.00,0.00,0.00,0.00,0.00,0.00,0.00,0.00,0.00,0.00,0.00,0.00,0.00,0.00,0.00,0.00,0.00,0.00,0.00,0.00,0.00,0.00,0.00,0.00,0.00,0.00,0.00,0.00,0.00,0.00,0.00,37612.00,0.00,0.00,0.00,0.00,1995.37
0.50,0.00,0.00,0.00,0.00,0.00,7.50,0.00,0.00,92.00,0.00,341.00,0.00,0.00,0.00,0.00,0.00,0.00,17044.00,0.00,0.00,0.00,0.00,0.00,0.00,0.00,0.00,0.00,686820,1155184,1353900,66.34,47684,542124,3729300,182.74,833240,355972,184,599452,101964,7360,28752,0,0,0,0.00,0,0.00,0,0,0.00,26648,7648,36912,0,0,460,0.00,0.00,0.02,0,0.00,0.00,0.00,0.00,0.00,0.00,0.00,0.00,0.00,0.00,0.00,0.00,0.00,0.00,35189.00,1469.00,48137.78,83.21,0.00,0.00,0.00,0.00,0.00,0.00,0.00,1.00,0.00,0.00,0.00,0.00,0.00,0.00,0.00,0.00,0.00,0.00,0.00,0.00,0.00,0.00,0.00,0.00,0.00,0.00,0.00,0.00,0.00,0.00,724,3,5,0,0,0,35185.00,0.00,2933.00,1469.00,33718.00,1466.00,0.00,0.00,0.00,0.00,0.00,0.00,0.00,0.00,0.00,0.00,0.00,0.00,0.00,0.00,0.00,0.00,0.00,0.00,0.00,0.00,0.00,0.00,0.00,0.00,0.00,0.00,0.00,0.00,0.00,0.00,0.00,0.00,0.00,0.00,0.00,0.00,0.00,0.00,2931.00,1468.00,1466.00,0.00,3.00,0.00,0.00,0.00,0.00,0.00,0.00,3,2,1,0,0.00,0.00,0.00,0.00,0.00,0.00,0.00,0.00,0.00,0.00,0.00,0.00,0.00,0.00,0.00,0.00,0.00,0.00,0.00,0.00,0.00,0.00,0.00,0.00,0.00,0.00,0.00,0.00,0.00,0.00,0.00,0.00,0.00,0.00,0.00,0.00,0.00,0.00,0.00,0.00,0.00,0.00,0.00,0.00,0.00,0.00,0.00,0.00,0.00,0.00,0.00,0.00,0.00,35188.00,0.00,0.00,0.00,0.00,1995.37
0.49,0.00,0.49,0.00,0.00,0.00,8.78,0.00,0.00,90.24,0.00,362.00,0.00,0.00,0.00,0.00,0.00,0.00,16916.00,0.00,0.00,0.00,0.00,0.00,0.00,0.00,0.00,0.00,686724,1155088,1353996,66.35,47684,542140,3729300,182.74,833240,355972,200,599452,101968,7360,28752,0,0,0,0.00,0,0.00,0,0,0.00,26648,7648,36912,0,0,460,0.00,0.00,0.02,0,0.00,0.00,0.00,0.00,0.00,0.00,0.00,0.00,0.00,0.00,0.00,0.00,0.00,0.00,33725.00,1406.00,46134.79,79.64,0.00,0.00,0.00,0.00,0.00,0.00,0.00,0.00,0.00,0.00,0.00,0.00,0.00,0.00,0.00,0.00,0.00,0.00,0.00,0.00,0.00,0.00,0.00,0.00,0.00,0.00,0.00,0.00,0.00,0.00,724,3,5,0,0,0,33743.00,0.00,2811.00,1407.00,32338.00,1406.00,0.00,0.00,0.00,0.00,0.00,0.00,0.00,0.00,0.00,0.00,0.00,0.00,0.00,0.00,0.00,0.00,0.00,0.00,0.00,0.00,0.00,0.00,0.00,0.00,0.00,0.00,0.00,0.00,0.00,0.00,0.00,0.00,0.00,0.00,0.00,0.00,0.00,0.00,2812.00,1408.00,1405.00,0.00,1.00,0.00,0.00,0.00,0.00,0.00,0.00,3,2,1,0,0.00,0.00,0.00,0.00,0.00,0.00,0.00,0.00,0.00,0.00,0.00,0.00,0.00,0.00,0.00,0.00,0.00,0.00,0.00,0.00,0.00,0.00,0.00,0.00,0.00,0.00,0.00,0.00,0.00,0.00,0.00,0.00,0.00,0.00,0.00,0.00,0.00,0.00,0.00,0.00,0.00,0.00,0.00,0.00,0.00,0.00,0.00,0.00,0.00,0.00,0.00,0.00,0.00,33795.00,0.00,0.00,0.00,0.00,1995.37
0.00,0.00,0.00,0.00,0.50,0.00,7.46,0.00,0.00,92.04,0.00,334.00,0.00,0.00,0.00,0.00,0.00,0.00,16492.00,0.00,0.00,0.00,0.00,0.00,0.00,0.00,0.00,0.00,686820,1155184,1353900,66.34,47684,542156,3729300,182.74,833240,355972,216,599452,101968,7360,28752,0,0,0,0.00,0,0.00,0,0,0.00,26648,7648,36912,0,0,460,0.00,0.00,0.02,0,0.00,0.00,0.00,0.00,0.00,0.00,0.00,0.00,0.00,0.00,0.00,0.00,0.00,0.00,33538.00,1398.00,45872.40,79.18,0.00,0.00,0.00,0.00,0.00,0.00,0.00,1.00,0.00,0.00,0.00,0.00,0.00,0.00,0.00,0.00,0.00,0.00,0.00,0.00,0.00,0.00,0.00,0.00,0.00,0.00,0.00,0.00,0.00,0.00,724,3,5,0,0,0,33503.00,0.00,2791.00,1397.00,32108.00,1396.00,0.00,0.00,0.00,0.00,0.00,0.00,0.00,0.00,0.00,0.00,0.00,0.00,0.00,0.00,0.00,0.00,0.00,0.00,0.00,0.00,0.00,0.00,0.00,0.00,0.00,0.00,0.00,0.00,0.00,0.00,0.00,0.00,0.00,0.00,0.00,0.00,0.00,0.00,2792.00,1397.00,1396.00,0.00,1.00,0.00,0.00,0.00,0.00,0.00,0.00,3,2,1,0,0.00,0.00,0.00,0.00,0.00,0.00,0.00,0.00,0.00,0.00,0.00,0.00,0.00,0.00,0.00,0.00,0.00,0.00,0.00,0.00,0.00,0.00,0.00,0.00,0.00,0.00,0.00,0.00,0.00,0.00,0.00,0.00,0.00,0.00,0.00,0.00,0.00,0.00,0.00,0.00,0.00,0.00,0.00,0.00,0.00,0.00,0.00,0.00,0.00,0.00,0.00,0.00,0.00,33444.00,0.00,0.00,0.00,0.00,1995.37
0.51,0.00,0.00,1.52,0.00,0.00,6.06,0.00,0.00,91.92,0.00,341.00,0.00,0.00,0.00,12.00,0.00,0.00,16932.00,0.00,0.00,0.00,0.00,2.00,0.00,2.00,0.00,24.00,686756,1155176,1353964,66.35,47692,542164,3729300,182.74,833240,356028,232,599452,101968,7360,28752,0,0,0,0.00,0,0.00,0,0,0.00,26648,7648,36912,0,0,460,0.00,0.00,0.02,0,0.00,0.00,0.00,0.00,0.00,0.00,2.00,0.00,12.00,6.00,0.00,16.00,0.00,0.00,33654.00,1403.00,46036.36,79.47,0.00,0.00,0.00,0.00,0.00,0.00,0.00,2.00,0.00,0.00,0.00,0.00,0.00,0.00,0.00,0.00,0.00,0.00,0.00,0.00,0.00,0.00,0.00,0.00,0.00,0.00,0.00,0.00,0.00,0.00,724,3,5,0,0,0,33649.00,0.00,2805.00,1403.00,32246.00,1402.00,0.00,0.00,0.00,0.00,0.00,0.00,0.00,0.00,0.00,0.00,0.00,0.00,0.00,0.00,0.00,0.00,0.00,0.00,0.00,0.00,0.00,0.00,0.00,0.00,0.00,0.00,0.00,0.00,0.00,0.00,0.00,0.00,0.00,0.00,0.00,0.00,0.00,0.00,2805.00,1403.00,1403.00,0.00,1.00,0.00,0.00,0.00,0.00,0.00,0.00,3,2,1,0,0.00,0.00,0.00,0.00,0.00,0.00,0.00,0.00,0.00,0.00,0.00,0.00,0.00,0.00,0.00,0.00,0.00,0.00,0.00,0.00,0.00,0.00,0.00,0.00,0.00,0.00,0.00,0.00,0.00,0.00,0.00,0.00,0.00,0.00,0.00,0.00,0.00,0.00,0.00,0.00,0.00,0.00,0.00,0.00,0.00,0.00,0.00,0.00,0.00,0.00,0.00,0.00,0.00,33701.00,0.00,0.00,0.00,0.00,1995.37
0.00,0.00,0.51,0.00,0.00,0.00,6.06,0.00,0.00,93.43,0.00,328.00,0.00,0.00,0.00,0.00,0.00,0.00,17709.00,0.00,0.00,0.00,0.00,0.00,0.00,0.00,0.00,0.00,686820,1155240,1353900,66.34,47692,542184,3729300,182.74,833240,356028,248,599452,101968,7360,28752,0,0,0,0.00,0,0.00,0,0,0.00,26648,7648,36912,0,0,460,0.00,0.00,0.02,0,0.00,0.00,0.00,0.00,0.00,0.00,0.00,0.00,0.00,0.00,0.00,0.00,0.00,0.00,35407.00,1477.00,48433.90,83.66,0.00,0.00,0.00,0.00,0.00,0.00,0.00,1.00,0.00,0.00,0.00,0.00,0.00,0.00,0.00,0.00,0.00,0.00,0.00,0.00,0.00,0.00,0.00,0.00,0.00,0.00,0.00,0.00,0.00,0.00,724,3,5,0,0,0,35403.00,0.00,2951.00,1477.00,33925.00,1475.00,0.00,0.00,0.00,0.00,0.00,0.00,0.00,0.00,0.00,0.00,0.00,0.00,0.00,0.00,0.00,0.00,0.00,0.00,0.00,0.00,0.00,0.00,0.00,0.00,0.00,0.00,0.00,0.00,0.00,0.00,0.00,0.00,0.00,0.00,0.00,0.00,0.00,0.00,2950.00,1477.00,1475.00,0.00,2.00,0.00,0.00,0.00,0.00,0.00,0.00,3,2,1,0,0.00,0.00,0.00,0.00,0.00,0.00,0.00,0.00,0.00,0.00,0.00,0.00,0.00,0.00,0.00,0.00,0.00,0.00,0.00,0.00,0.00,0.00,0.00,0.00,0.00,0.00,0.00,0.00,0.00,0.00,0.00,0.00,0.00,0.00,0.00,0.00,0.00,0.00,0.00,0.00,0.00,0.00,0.00,0.00,0.00,0.00,0.00,0.00,0.00,0.00,0.00,0.00,0.00,35360.00,0.00,0.00,0.00,0.00,1995.37
0.51,0.00,0.00,0.00,0.00,0.00,6.09,0.00,0.00,93.40,0.00,334.00,0.00,0.00,0.00,0.00,0.00,0.00,15429.00,0.00,0.00,0.00,0.00,0.00,0.00,0.00,0.00,0.00,686756,1155176,1353964,66.35,47692,542200,3729300,182.74,833240,356028,264,599452,101968,7360,28752,0,0,0,0.00,0,0.00,0,0,0.00,26648,7648,36912,0,0,460,0.00,0.00,0.02,0,0.00,0.00,0.00,0.00,0.00,0.00,0.00,0.00,0.00,0.00,0.00,0.00,0.00,0.00,31538.00,1315.00,43146.55,74.48,0.00,0.00,0.00,0.00,0.00,0.00,0.00,0.00,0.00,0.00,0.00,0.00,0.00,0.00,0.00,0.00,0.00,0.00,0.00,0.00,0.00,0.00,0.00,0.00,0.00,0.00,0.00,0.00,0.00,0.00,724,3,5,0,0,0,31557.00,0.00,2627.00,1316.00,30245.00,1315.00,0.00,0.00,0.00,0.00,0.00,0.00,0.00,0.00,0.00,0.00,0.00,0.00,0.00,0.00,0.00,0.00,0.00,0.00,0.00,0.00,0.00,0.00,0.00,0.00,0.00,0.00,0.00,0.00,0.00,0.00,0.00,0.00,0.00,0.00,0.00,0.00,0.00,0.00,2626.00,1315.00,1312.00,0.00,1.00,0.00,0.00,0.00,0.00,0.00,0.00,3,2,1,0,0.00,0.00,0.00,0.00,0.00,0.00,0.00,0.00,0.00,0.00,0.00,0.00,0.00,0.00,0.00,0.00,0.00,0.00,0.00,0.00,0.00,0.00,0.00,0.00,0.00,0.00,0.00,0.00,0.00,0.00,0.00,0.00,0.00,0.00,0.00,0.00,0.00,0.00,0.00,0.00,0.00,0.00,0.00,0.00,0.00,0.00,0.00,0.00,0.00,0.00,0.00,0.00,0.00,31562.00,0.00,0.00,0.00,0.00,1995.37
0.49,0.00,0.00,0.00,0.49,0.00,8.78,0.00,0.00,90.24,0.00,347.00,0.00,0.00,0.00,0.00,0.00,0.00,14828.00,0.00,0.00,0.00,0.00,0.00,0.00,0.00,0.00,0.00,686820,1155296,1353900,66.34,47692,542216,3729300,182.74,833248,356076,280,599452,101968,7360,28752,0,0,0,0.00,0,0.00,0,0,0.00,26648,7648,36912,0,0,460,0.00,0.00,0.02,0,0.00,0.00,0.00,0.00,0.00,0.00,0.00,0.00,0.00,0.00,0.00,0.00,0.00,0.00,29893.00,1248.00,40881.49,70.67,0.00,0.00,0.00,0.00,0.00,0.00,0.00,1.00,0.00,0.00,0.00,0.00,0.00,0.00,0.00,0.00,0.00,0.00,0.00,0.00,0.00,0.00,0.00,0.00,0.00,0.00,0.00,0.00,0.00,0.00,724,3,5,0,0,0,29859.00,0.00,2491.00,1246.00,28612.00,1244.00,0.00,0.00,0.00,0.00,0.00,0.00,0.00,0.00,0.00,0.00,0.00,0.00,0.00,0.00,0.00,0.00,0.00,0.00,0.00,0.00,0.00,0.00,0.00,0.00,0.00,0.00,0.00,0.00,0.00,0.00,0.00,0.00,0.00,0.00,0.00,0.00,0.00,0.00,2493.00,1247.00,1248.00,0.00,2.00,0.00,0.00,0.00,0.00,0.00,0.00,3,2,1,0,0.00,0.00,0.00,0.00,0.00,0.00,0.00,0.00,0.00,0.00,0.00,0.00,0.00,0.00,0.00,0.00,0.00,0.00,0.00,0.00,0.00,0.00,0.00,0.00,0.00,0.00,0.00,0.00,0.00,0.00,0.00,0.00,0.00,0.00,0.00,0.00,0.00,0.00,0.00,0.00,0.00,0.00,0.00,0.00,0.00,0.00,0.00,0.00,0.00,0.00,0.00,0.00,0.00,29869.00,0.00,0.00,0.00,0.00,1995.37
0.50,0.00,0.00,0.00,0.00,0.00,6.97,0.00,0.00,92.54,0.00,335.00,0.00,0.00,0.00,0.00,0.00,0.00,14116.00,0.00,0.00,0.00,0.00,0.00,0.00,0.00,0.00,0.00,686600,1155076,1354120,66.36,47692,542232,3729300,182.74,833248,356076,296,599452,101968,7360,28752,0,0,0,0.00,0,0.00,0,0,0.00,26648,7648,36912,0,0,460,0.00,0.00,0.02,0,0.00,0.00,0.00,0.00,0.00,0.00,0.00,0.00,0.00,0.00,0.00,0.00,0.00,0.00,28040.00,1170.00,38352.83,66.27,0.00,0.00,0.00,0.00,0.00,0.00,0.00,0.00,0.00,0.00,0.00,0.00,0.00,0.00,0.00,0.00,0.00,0.00,0.00,0.00,0.00,0.00,0.00,0.00,0.00,0.00,0.00,0.00,0.00,0.00,724,3,5,0,0,0,28034.00,0.00,2338.00,1170.00,26864.00,1168.00,0.00,0.00,0.00,0.00,0.00,0.00,0.00,0.00,0.00,0.00,0.00,0.00,0.00,0.00,0.00,0.00,0.00,0.00,0.00,0.00,0.00,0.00,0.00,0.00,0.00,0.00,0.00,0.00,0.00,0.00,0.00,0.00,0.00,0.00,0.00,0.00,0.00,0.00,2337.00,1170.00,1169.00,0.00,2.00,0.00,0.00,0.00,0.00,0.00,0.00,3,2,1,0,0.00,0.00,0.00,0.00,0.00,0.00,0.00,0.00,0.00,0.00,0.00,0.00,0.00,0.00,0.00,0.00,0.00,0.00,0.00,0.00,0.00,0.00,0.00,0.00,0.00,0.00,0.00,0.00,0.00,0.00,0.00,0.00,0.00,0.00,0.00,0.00,0.00,0.00,0.00,0.00,0.00,0.00,0.00,0.00,0.00,0.00,0.00,0.00,0.00,0.00,0.00,0.00,0.00,28064.00,0.00,0.00,0.00,0.00,1995.37
0.00,0.00,0.51,0.00,0.00,0.00,4.08,0.00,0.00,95.41,0.00,303.00,0.00,0.00,0.00,0.00,0.00,0.00,13932.00,0.00,0.00,0.00,0.00,0.00,0.00,0.00,0.00,0.00,686632,1155108,1354088,66.35,47692,542248,3729300,182.74,833248,356076,312,599452,101968,7360,28752,0,0,0,0.00,0,0.00,0,0,0.00,26648,7648,36912,0,0,460,0.00,0.00,0.02,0,0.00,0.00,0.00,0.00,0.00,0.00,0.00,0.00,0.00,0.00,0.00,0.00,0.00,0.00,27606.00,1150.00,37761.68,65.14,0.00,0.00,0.00,0.00,0.00,0.00,0.00,1.00,0.00,0.00,0.00,0.00,0.00,0.00,0.00,0.00,0.00,0.00,0.00,0.00,0.00,0.00,0.00,0.00,0.00,0.00,0.00,0.00,0.00,0.00,724,3,5,0,0,0,27623.00,0.00,2301.00,1151.00,26473.00,1151.00,0.00,0.00,0.00,0.00,0.00,0.00,0.00,0.00,0.00,0.00,0.00,0.00,0.00,0.00,0.00,0.00,0.00,0.00,0.00,0.00,0.00,0.00,0.00,0.00,0.00,0.00,0.00,0.00,0.00,0.00,0.00,0.00,0.00,0.00,0.00,0.00,0.00,0.00,2301.00,1151.00,1150.00,0.00,0.00,0.00,0.00,0.00,0.00,0.00,0.00,3,2,1,0,0.00,0.00,0.00,0.00,0.00,0.00,0.00,0.00,0.00,0.00,0.00,0.00,0.00,0.00,0.00,0.00,0.00,0.00,0.00,0.00,0.00,0.00,0.00,0.00,0.00,0.00,0.00,0.00,0.00,0.00,0.00,0.00,0.00,0.00,0.00,0.00,0.00,0.00,0.00,0.00,0.00,0.00,0.00,0.00,0.00,0.00,0.00,0.00,0.00,0.00,0.00,0.00,0.00,27605.00,0.00,0.00,0.00,0.00,1995.37
0.00,0.00,0.00,4.50,0.50,0.00,6.00,0.00,0.00,89.00,0.00,344.00,0.00,0.00,0.00,12.00,0.00,0.00,13660.00,0.00,0.00,0.00,0.00,2.00,0.00,2.00,0.00,24.00,686664,1155196,1354056,66.35,47700,542264,3729300,182.74,833256,356124,328,599452,101968,7360,28752,0,0,0,0.00,0,0.00,0,0,0.00,26648,7648,36912,0,0,460,0.00,0.00,0.02,0,0.00,0.00,0.00,0.00,0.00,0.00,2.00,0.00,12.00,6.00,0.00,50.00,0.00,0.00,27174.00,1133.00,37170.64,64.17,0.00,0.00,0.00,0.00,0.00,0.00,0.00,0.00,0.00,0.00,0.00,0.00,0.00,0.00,0.00,0.00,0.00,0.00,0.00,0.00,0.00,0.00,0.00,0.00,0.00,0.00,0.00,0.00,0.00,0.00,724,3,5,0,0,0,27143.00,0.00,2261.00,1132.00,26013.00,1131.00,0.00,0.00,0.00,0.00,0.00,0.00,0.00,0.00,0.00,0.00,0.00,0.00,0.00,0.00,0.00,0.00,0.00,0.00,0.00,0.00,0.00,0.00,0.00,0.00,0.00,0.00,0.00,0.00,0.00,0.00,0.00,0.00,0.00,0.00,0.00,0.00,0.00,0.00,2260.00,1131.00,1130.00,0.00,1.00,0.00,0.00,0.00,0.00,0.00,0.00,3,2,1,0,0.00,0.00,0.00,0.00,0.00,0.00,0.00,0.00,0.00,0.00,0.00,0.00,0.00,0.00,0.00,0.00,0.00,0.00,0.00,0.00,0.00,0.00,0.00,0.00,0.00,0.00,0.00,0.00,0.00,0.00,0.00,0.00,0.00,0.00,0.00,0.00,0.00,0.00,0.00,0.00,0.00,0.00,0.00,0.00,0.00,0.00,0.00,0.00,0.00,0.00,0.00,0.00,0.00,27152.00,0.00,0.00,0.00,0.00,1995.37
0.50,0.00,0.50,0.00,0.00,0.00,5.53,0.00,0.00,93.47,0.00,317.00,0.00,0.00,0.00,0.00,0.00,0.00,12988.00,0.00,0.00,0.00,0.00,0.00,0.00,0.00,0.00,0.00,686696,1155232,1354024,66.35,47700,542280,3729300,182.74,833256,356124,344,599452,101972,7360,28752,0,0,0,0.00,0,0.00,0,0,0.00,26648,7648,36912,0,0,460,0.00,0.00,0.02,0,0.00,0.00,0.00,0.00,0.00,0.00,0.00,0.00,0.00,0.00,0.00,0.00,0.00,0.00,26452.00,1101.00,36154.50,62.36,0.00,0.00,0.00,0.00,0.00,0.00,0.00,1.00,0.00,0.00,0.00,0.00,0.00,0.00,0.00,0.00,0.00,0.00,0.00,0.00,0.00,0.00,0.00,0.00,0.00,0.00,0.00,0.00,0.00,0.00,724,3,5,0,0,0,26457.00,0.00,2209.00,1102.00,25346.00,1102.00,0.00,0.00,0.00,0.00,0.00,0.00,0.00,0.00,0.00,0.00,0.00,0.00,0.00,0.00,0.00,0.00,0.00,0.00,0.00,0.00,0.00,0.00,0.00,0.00,0.00,0.00,0.00,0.00,0.00,0.00,0.00,0.00,0.00,0.00,0.00,0.00,0.00,0.00,2205.00,1102.00,1103.00,0.00,0.00,0.00,0.00,0.00,0.00,0.00,0.00,3,2,1,0,0.00,0.00,0.00,0.00,0.00,0.00,0.00,0.00,0.00,0.00,0.00,0.00,0.00,0.00,0.00,0.00,0.00,0.00,0.00,0.00,0.00,0.00,0.00,0.00,0.00,0.00,0.00,0.00,0.00,0.00,0.00,0.00,0.00,0.00,0.00,0.00,0.00,0.00,0.00,0.00,0.00,0.00,0.00,0.00,0.00,0.00,0.00,0.00,0.00,0.00,0.00,0.00,0.00,26498.00,0.00,0.00,0.00,0.00,1995.37
0.00,0.00,0.00,0.00,0.00,0.00,8.78,0.00,0.00,91.22,0.00,332.00,0.00,0.00,0.00,0.00,0.00,0.00,12844.00,0.00,0.00,0.00,0.00,0.00,0.00,0.00,0.00,0.00,686600,1155136,1354120,66.36,47700,542296,3729300,182.74,833256,356124,360,599452,101972,7360,28752,0,0,0,0.00,0,0.00,0,0,0.00,26648,7648,36912,0,0,460,0.00,0.00,0.02,0,0.00,0.00,0.00,0.00,0.00,0.00,0.00,0.00,0.00,0.00,0.00,0.00,0.00,0.00,26092.00,1088.00,35692.89,61.62,0.00,0.00,0.00,0.00,0.00,0.00,0.00,0.00,0.00,0.00,0.00,0.00,0.00,0.00,0.00,0.00,0.00,0.00,0.00,0.00,0.00,0.00,0.00,0.00,0.00,0.00,0.00,0.00,0.00,0.00,724,3,5,0,0,0,26065.00,0.00,2173.00,1087.00,24978.00,1086.00,0.00,0.00,0.00,0.00,0.00,0.00,0.00,0.00,0.00,0.00,0.00,0.00,0.00,0.00,0.00,0.00,0.00,0.00,0.00,0.00,0.00,0.00,0.00,0.00,0.00,0.00,0.00,0.00,0.00,0.00,0.00,0.00,0.00,0.00,0.00,0.00,0.00,0.00,2173.00,1087.00,1087.00,0.00,1.00,0.00,0.00,0.00,0.00,0.00,0.00,3,2,1,0,0.00,0.00,0.00,0.00,0.00,0.00,0.00,0.00,0.00,0.00,0.00,0.00,0.00,0.00,0.00,0.00,0.00,0.00,0.00,0.00,0.00,0.00,0.00,0.00,0.00,0.00,0.00,0.00,0.00,0.00,0.00,0.00,0.00,0.00,0.00,0.00,0.00,0.00,0.00,0.00,0.00,0.00,0.00,0.00,0.00,0.00,0.00,0.00,0.00,0.00,0.00,0.00,0.00,26068.00,0.00,0.00,0.00,0.00,1995.37
0.00,0.00,0.50,0.00,0.50,0.00,5.97,0.00,0.00,93.03,0.00,316.00,0.00,0.00,0.00,0.00,0.00,0.00,12188.00,0.00,0.00,0.00,0.00,0.00,0.00,0.00,0.00,0.00,686664,1155200,1354056,66.35,47700,542308,3729300,182.74,833256,356124,372,599452,101972,7360,28752,0,0,0,0.00,0,0.00,0,0,0.00,26648,7648,36912,0,0,460,0.00,0.00,0.02,0,0.00,0.00,0.00,0.00,0.00,0.00,0.00,0.00,0.00,0.00,0.00,0.00,0.00,0.00,24585.00,1025.00,33624.53,58.06,0.00,0.00,0.00,0.00,0.00,0.00,0.00,1.00,0.00,0.00,0.00,0.00,0.00,0.00,0.00,0.00,0.00,0.00,0.00,0.00,0.00,0.00,0.00,0.00,0.00,0.00,0.00,0.00,0.00,0.00,724,3,5,0,0,0,24576.00,0.00,2048.00,1025.00,23552.00,1024.00,0.00,0.00,0.00,0.00,0.00,0.00,0.00,0.00,0.00,0.00,0.00,0.00,0.00,0.00,0.00,0.00,0.00,0.00,0.00,0.00,0.00,0.00,0.00,0.00,0.00,0.00,0.00,0.00,0.00,0.00,0.00,0.00,0.00,0.00,0.00,0.00,0.00,0.00,2049.00,1026.00,1024.00,0.00,1.00,0.00,0.00,0.00,0.00,0.00,0.00,3,2,1,0,0.00,0.00,0.00,0.00,0.00,0.00,0.00,0.00,0.00,0.00,0.00,0.00,0.00,0.00,0.00,0.00,0.00,0.00,0.00,0.00,0.00,0.00,0.00,0.00,0.00,0.00,0.00,0.00,0.00,0.00,0.00,0.00,0.00,0.00,0.00,0.00,0.00,0.00,0.00,0.00,0.00,0.00,0.00,0.00,0.00,0.00,0.00,0.00,0.00,0.00,0.00,0.00,0.00,24608.00,0.00,0.00,0.00,0.00,1995.37
0.50,0.00,0.00,0.00,0.00,0.00,5.50,0.00,0.00,94.00,0.00,333.00,0.00,0.00,0.00,0.00,0.00,0.00,11420.00,0.00,0.00,0.00,0.00,0.00,0.00,0.00,0.00,0.00,686664,1155256,1354056,66.35,47700,542324,3729300,182.74,833256,356180,388,599452,101972,7360,28752,0,0,0,0.00,0,0.00,0,0,0.00,26648,7648,36912,0,0,460,0.00,0.00,0.02,0,0.00,0.00,0.00,0.00,0.00,0.00,0.00,0.00,0.00,0.00,0.00,0.00,0.00,0.00,22972.00,959.00,31424.24,54.32,0.00,0.00,0.00,0.00,0.00,0.00,0.00,0.00,0.00,0.00,0.00,0.00,0.00,0.00,0.00,0.00,0.00,0.00,0.00,0.00,0.00,0.00,0.00,0.00,0.00,0.00,0.00,0.00,0.00,0.00,724,3,5,0,0,0,22967.00,0.00,1913.00,959.00,22011.00,957.00,0.00,0.00,0.00,0.00,0.00,0.00,0.00,0.00,0.00,0.00,0.00,0.00,0.00,0.00,0.00,0.00,0.00,0.00,0.00,0.00,0.00,0.00,0.00,0.00,0.00,0.00,0.00,0.00,0.00,0.00,0.00,0.00,0.00,0.00,0.00,0.00,0.00,0.00,1912.00,958.00,956.00,0.00,2.00,0.00,0.00,0.00,0.00,0.00,0.00,3,2,1,0,0.00,0.00,0.00,0.00,0.00,0.00,0.00,0.00,0.00,0.00,0.00,0.00,0.00,0.00,0.00,0.00,0.00,0.00,0.00,0.00,0.00,0.00,0.00,0.00,0.00,0.00,0.00,0.00,0.00,0.00,0.00,0.00,0.00,0.00,0.00,0.00,0.00,0.00,0.00,0.00,0.00,0.00,0.00,0.00,0.00,0.00,0.00,0.00,0.00,0.00,0.00,0.00,0.00,22904.00,0.00,0.00,0.00,0.00,1995.37
0.00,0.00,0.00,0.50,0.00,0.00,5.53,0.00,0.00,93.97,0.00,341.00,0.00,0.00,0.00,12.00,0.00,0.00,10821.00,0.00,0.00,0.00,0.00,2.00,0.00,2.00,0.00,24.00,686636,1155228,1354084,66.35,47708,542340,3729300,182.74,833256,356180,404,599452,101972,7360,28752,0,0,0,0.00,0,0.00,0,0,0.00,26648,7648,36912,0,0,460,0.00,0.00,0.02,0,0.00,0.00,0.00,0.00,0.00,0.00,2.00,0.00,12.00,6.00,0.00,8.00,0.00,0.00,22241.00,927.00,30407.07,52.51,0.00,0.00,0.00,0.00,0.00,0.00,0.00,1.00,0.00,0.00,0.00,0.00,0.00,0.00,0.00,0.00,0.00,0.00,0.00,0.00,0.00,0.00,0.00,0.00,0.00,0.00,0.00,0.00,0.00,0.00,724,3,5,0,0,0,22224.00,0.00,1852.00,927.00,21298.00,926.00,0.00,0.00,0.00,0.00,0.00,0.00,0.00,0.00,0.00,0.00,0.00,0.00,0.00,0.00,0.00,0.00,0.00,0.00,0.00,0.00,0.00,0.00,0.00,0.00,0.00,0.00,0.00,0.00,0.00,0.00,0.00,0.00,0.00,0.00,0.00,0.00,0.00,0.00,1852.00,927.00,926.00,0.00,1.00,0.00,0.00,0.00,0.00,0.00,0.00,3,2,1,0,0.00,0.00,0.00,0.00,0.00,0.00,0.00,0.00,0.00,0.00,0.00,0.00,0.00,0.00,0.00,0.00,0.00,0.00,0.00,0.00,0.00,0.00,0.00,0.00,0.00,0.00,0.00,0.00,0.00,0.00,0.00,0.00,0.00,0.00,0.00,0.00,0.00,0.00,0.00,0.00,0.00,0.00,0.00,0.00,0.00,0.00,0.00,0.00,0.00,0.00,0.00,0.00,0.00,22264.00,0.00,0.00,0.00,0.00,1995.37
0.49,0.00,0.00,0.00,0.49,0.00,6.86,0.00,0.00,92.16,0.00,334.00,0.00,0.00,0.00,0.00,0.00,0.00,10501.00,0.00,0.00,0.00,0.00,0.00,0.00,0.00,0.00,0.00,686572,1155164,1354148,66.36,47708,542356,3729300,182.74,833256,356180,420,599452,101972,7360,28752,0,0,0,0.00,0,0.00,0,0,0.00,26648,7648,36912,0,0,460,0.00,0.00,0.02,0,0.00,0.00,0.00,0.00,0.00,0.00,0.00,0.00,0.00,0.00,0.00,0.00,0.00,0.00,20812.00,868.00,28468.99,49.16,0.00,0.00,0.00,0.00,0.00,0.00,0.00,0.00,0.00,0.00,0.00,0.00,0.00,0.00,0.00,0.00,0.00,0.00,0.00,0.00,0.00,0.00,0.00,0.00,0.00,0.00,0.00,0.00,0.00,0.00,724,3,5,0,0,0,20808.00,0.00,1734.00,868.00,19941.00,867.00,0.00,0.00,0.00,0.00,0.00,0.00,0.00,0.00,0.00,0.00,0.00,0.00,0.00,0.00,0.00,0.00,0.00,0.00,0.00,0.00,0.00,0.00,0.00,0.00,0.00,0.00,0.00,0.00,0.00,0.00,0.00,0.00,0.00,0.00,0.00,0.00,0.00,0.00,1735.00,868.00,868.00,0.00,1.00,0.00,0.00,0.00,0.00,0.00,0.00,3,2,1,0,0.00,0.00,0.00,0.00,0.00,0.00,0.00,0.00,0.00,0.00,0.00,0.00,0.00,0.00,0.00,0.00,0.00,0.00,0.00,0.00,0.00,0.00,0.00,0.00,0.00,0.00,0.00,0.00,0.00,0.00,0.00,0.00,0.00,0.00,0.00,0.00,0.00,0.00,0.00,0.00,0.00,0.00,0.00,0.00,0.00,0.00,0.00,0.00,0.00,0.00,0.00,0.00,0.00,20834.00,0.00,0.00,0.00,0.00,1995.37
0.00,0.00,0.49,0.00,0.00,0.00,5.91,0.00,0.00,93.60,0.00,313.00,0.00,0.00,0.00,0.00,0.00,0.00,9908.00,0.00,0.00,0.00,0.00,0.00,0.00,0.00,0.00,0.00,686668,1155316,1354052,66.35,47708,542372,3729300,182.74,833264,356228,436,599452,101972,7360,28752,0,0,0,0.00,0,0.00,0,0,0.00,26648,7648,36912,0,0,460,0.00,0.00,0.02,0,0.00,0.00,0.00,0.00,0.00,0.00,0.00,0.00,0.00,0.00,0.00,0.00,0.00,0.00,19808.00,826.00,27090.11,46.79,0.00,0.00,0.00,0.00,0.00,0.00,0.00,1.00,0.00,0.00,0.00,0.00,0.00,0.00,0.00,0.00,0.00,0.00,0.00,0.00,0.00,0.00,0.00,0.00,0.00,0.00,0.00,0.00,0.00,0.00,724,3,5,0,0,0,19802.00,0.00,1652.00,826.00,18975.00,825.00,0.00,0.00,0.00,0.00,0.00,0.00,0.00,0.00,0.00,0.00,0.00,0.00,0.00,0.00,0.00,0.00,0.00,0.00,0.00,0.00,0.00,0.00,0.00,0.00,0.00,0.00,0.00,0.00,0.00,0.00,0.00,0.00,0.00,0.00,0.00,0.00,0.00,0.00,1651.00,826.00,826.00,0.00,1.00,0.00,0.00,0.00,0.00,0.00,0.00,3,2,1,0,0.00,0.00,0.00,0.00,0.00,0.00,0.00,0.00,0.00,0.00,0.00,0.00,0.00,0.00,0.00,0.00,0.00,0.00,0.00,0.00,0.00,0.00,0.00,0.00,0.00,0.00,0.00,0.00,0.00,0.00,0.00,0.00,0.00,0.00,0.00,0.00,0.00,0.00,0.00,0.00,0.00,0.00,0.00,0.00,0.00,0.00,0.00,0.00,0.00,0.00,0.00,0.00,0.00,19784.00,0.00,0.00,0.00,0.00,1995.37
0.51,0.00,0.51,0.00,0.00,0.00,3.55,0.00,0.00,95.43,0.00,311.00,0.00,0.00,0.00,0.00,0.00,0.00,10204.00,0.00,0.00,0.00,0.00,0.00,0.00,0.00,0.00,0.00,686572,1155220,1354148,66.36,47708,542388,3729300,182.74,833264,356228,452,599452,101972,7360,28752,0,0,0,0.00,0,0.00,0,0,0.00,26648,7648,36912,0,0,460,0.00,0.00,0.02,0,0.00,0.00,0.00,0.00,0.00,0.00,0.00,0.00,0.00,0.00,0.00,0.00,0.00,0.00,20548.00,856.00,28107.81,48.48,0.00,0.00,0.00,0.00,0.00,0.00,0.00,0.00,0.00,0.00,0.00,0.00,0.00,0.00,0.00,0.00,0.00,0.00,0.00,0.00,0.00,0.00,0.00,0.00,0.00,0.00,0.00,0.00,0.00,0.00,724,3,5,0,0,0,20542.00,0.00,1710.00,856.00,19688.00,856.00,0.00,0.00,0.00,0.00,0.00,0.00,0.00,0.00,0.00,0.00,0.00,0.00,0.00,0.00,0.00,0.00,0.00,0.00,0.00,0.00,0.00,0.00,0.00,0.00,0.00,0.00,0.00,0.00,0.00,0.00,0.00,0.00,0.00,0.00,0.00,0.00,0.00,0.00,1710.00,856.00,854.00,0.00,0.00,0.00,0.00,0.00,0.00,0.00,0.00,3,2,1,0,0.00,0.00,0.00,0.00,0.00,0.00,0.00,0.00,0.00,0.00,0.00,0.00,0.00,0.00,0.00,0.00,0.00,0.00,0.00,0.00,0.00,0.00,0.00,0.00,0.00,0.00,0.00,0.00,0.00,0.00,0.00,0.00,0.00,0.00,0.00,0.00,0.00,0.00,0.00,0.00,0.00,0.00,0.00,0.00,0.00,0.00,0.00,0.00,0.00,0.00,0.00,0.00,0.00,20549.00,0.00,0.00,0.00,0.00,1995.37
0.00,0.00,0.00,0.00,0.51,0.00,3.55,0.00,0.00,95.94,0.00,300.00,0.00,0.00,0.00,0.00,0.00,0.00,9342.57,0.00,0.00,0.00,0.00,0.00,0.00,0.00,0.00,0.00,686604,1155252,1354116,66.35,47708,542404,3729300,182.74,833264,356228,468,599452,101972,7360,28752,0,0,0,0.00,0,0.00,0,0,0.00,26648,7648,36912,0,0,460,0.00,0.00,0.02,0,0.00,0.00,0.00,0.00,0.00,0.00,0.00,0.00,0.00,0.00,0.00,0.00,0.00,0.00,19053.47,794.06,26042.49,44.98,0.00,0.00,0.00,0.00,0.00,0.00,0.00,0.99,0.00,0.00,0.00,0.00,0.00,0.00,0.00,0.00,0.00,0.00,0.00,0.00,0.00,0.00,0.00,0.00,0.00,0.00,0.00,0.00,0.00,0.00,724,3,5,0,0,0,19058.42,0.00,1588.12,795.05,18263.37,794.06,0.00,0.00,0.00,0.00,0.00,0.00,0.00,0.00,0.00,0.00,0.00,0.00,0.00,0.00,0.00,0.00,0.00,0.00,0.00,0.00,0.00,0.00,0.00,0.00,0.00,0.00,0.00,0.00,0.00,0.00,0.00,0.00,0.00,0.00,0.00,0.00,0.00,0.00,1588.12,795.05,794.06,0.00,0.99,0.00,0.00,0.00,0.00,0.00,0.00,3,2,1,0,0.00,0.00,0.00,0.00,0.00,0.00,0.00,0.00,0.00,0.00,0.00,0.00,0.00,0.00,0.00,0.00,0.00,0.00,0.00,0.00,0.00,0.00,0.00,0.00,0.00,0.00,0.00,0.00,0.00,0.00,0.00,0.00,0.00,0.00,0.00,0.00,0.00,0.00,0.00,0.00,0.00,0.00,0.00,0.00,0.00,0.00,0.00,0.00,0.00,0.00,0.00,0.00,0.00,19076.24,0.00,0.00,0.00,0.00,1995.37
0.00,0.00,0.00,1.02,0.00,0.00,4.06,0.00,0.00,94.92,0.00,318.00,0.00,0.00,0.00,12.00,0.00,0.00,8844.00,0.00,0.00,0.00,0.00,2.00,0.00,2.00,0.00,24.00,686604,1155308,1354116,66.35,47716,542420,3729300,182.74,833272,356276,484,599452,101976,7360,28752,0,0,0,0.00,0,0.00,0,0,0.00,26648,7648,36912,0,0,460,0.00,0.00,0.02,0,0.00,0.00,0.00,0.00,0.00,0.00,2.00,0.00,12.00,6.00,0.00,18.00,0.00,0.00,17600.00,734.00,24069.36,41.57,0.00,0.00,0.00,0.00,0.00,0.00,0.00,0.00,0.00,0.00,0.00,0.00,0.00,0.00,0.00,0.00,0.00,0.00,0.00,0.00,0.00,0.00,0.00,0.00,0.00,0.00,0.00,0.00,0.00,0.00,724,3,5,0,0,0,17569.00,0.00,1464.00,733.00,16836.00,732.00,0.00,0.00,0.00,0.00,0.00,0.00,0.00,0.00,0.00,0.00,0.00,0.00,0.00,0.00,0.00,0.00,0.00,0.00,0.00,0.00,0.00,0.00,0.00,0.00,0.00,0.00,0.00,0.00,0.00,0.00,0.00,0.00,0.00,0.00,0.00,0.00,0.00,0.00,1464.00,733.00,732.00,0.00,1.00,0.00,0.00,0.00,0.00,0.00,0.00,3,2,1,0,0.00,0.00,0.00,0.00,0.00,0.00,0.00,0.00,0.00,0.00,0.00,0.00,0.00,0.00,0.00,0.00,0.00,0.00,0.00,0.00,0.00,0.00,0.00,0.00,0.00,0.00,0.00,0.00,0.00,0.00,0.00,0.00,0.00,0.00,0.00,0.00,0.00,0.00,0.00,0.00,0.00,0.00,0.00,0.00,0.00,0.00,0.00,0.00,0.00,0.00,0.00,0.00,0.00,17553.00,0.00,0.00,0.00,0.00,1995.37
0.50,0.00,0.00,0.00,0.00,0.00,5.00,0.00,0.00,94.50,0.00,310.00,0.00,0.00,0.00,484.00,0.00,0.00,9956.00,0.00,0.00,0.00,0.00,2.00,0.00,2.00,0.00,968.00,686540,1155268,1354180,66.36,47716,542432,3729300,182.74,833276,356296,12,599452,101976,7360,28752,0,0,0,0.00,0,0.00,0,0,0.00,26648,7648,36912,0,0,460,0.00,0.00,0.02,0,0.00,0.00,0.00,0.00,0.00,0.00,2.00,0.00,484.00,242.00,0.00,0.00,0.00,0.00,20146.00,840.00,27550.08,47.58,0.00,0.00,0.00,0.00,0.00,0.00,0.00,1.00,0.00,0.00,0.00,0.00,0.00,0.00,0.00,0.00,0.00,0.00,0.00,0.00,0.00,0.00,0.00,0.00,0.00,0.00,0.00,0.00,0.00,0.00,724,3,5,0,0,0,20162.00,0.00,1681.00,841.00,19320.00,840.00,0.00,0.00,0.00,0.00,0.00,0.00,0.00,0.00,0.00,0.00,0.00,0.00,0.00,0.00,0.00,0.00,0.00,0.00,0.00,0.00,0.00,0.00,0.00,0.00,0.00,0.00,0.00,0.00,0.00,0.00,0.00,0.00,0.00,0.00,0.00,0.00,0.00,0.00,1681.00,841.00,841.00,0.00,1.00,0.00,0.00,0.00,0.00,0.00,0.00,3,2,1,0,0.00,0.00,0.00,0.00,0.00,0.00,0.00,0.00,0.00,0.00,0.00,0.00,0.00,0.00,0.00,0.00,0.00,0.00,0.00,0.00,0.00,0.00,0.00,0.00,0.00,0.00,0.00,0.00,0.00,0.00,0.00,0.00,0.00,0.00,0.00,0.00,0.00,0.00,0.00,0.00,0.00,0.00,0.00,0.00,0.00,0.00,0.00,0.00,0.00,0.00,0.00,0.00,0.00,20216.00,0.00,0.00,0.00,0.00,1995.37
0.00,0.00,0.50,0.00,0.50,0.00,4.48,0.00,0.00,94.53,0.00,320.00,0.00,0.00,0.00,0.00,0.00,0.00,9060.00,0.00,0.00,0.00,0.00,0.00,0.00,0.00,0.00,0.00,686416,1155144,1354304,66.36,47716,542448,3729300,182.74,833276,356296,32,599452,101976,7360,28752,0,0,0,0.00,0,0.00,0,0,0.00,26648,7648,36912,0,0,460,0.00,0.00,0.02,0,0.00,0.00,0.00,0.00,0.00,0.00,0.00,0.00,0.00,0.00,0.00,0.00,0.00,0.00,17995.00,751.00,24626.88,42.53,0.00,0.00,0.00,0.00,0.00,0.00,0.00,0.00,0.00,0.00,0.00,0.00,0.00,0.00,0.00,0.00,0.00,0.00,0.00,0.00,0.00,0.00,0.00,0.00,0.00,0.00,0.00,0.00,0.00,0.00,724,3,5,0,0,0,17966.00,0.00,1487.00,750.00,17227.00,749.00,0.00,0.00,0.00,0.00,0.00,0.00,0.00,0.00,0.00,0.00,0.00,0.00,0.00,0.00,0.00,0.00,0.00,0.00,0.00,0.00,0.00,0.00,0.00,0.00,0.00,0.00,0.00,0.00,0.00,0.00,0.00,0.00,0.00,0.00,0.00,0.00,0.00,0.00,1488.00,750.00,739.00,0.00,1.00,0.00,0.00,0.00,0.00,0.00,0.00,3,2,1,0,0.00,0.00,0.00,0.00,0.00,0.00,0.00,0.00,0.00,0.00,0.00,0.00,0.00,0.00,0.00,0.00,0.00,0.00,0.00,0.00,0.00,0.00,0.00,0.00,0.00,0.00,0.00,0.00,0.00,0.00,0.00,0.00,0.00,0.00,0.00,0.00,0.00,0.00,0.00,0.00,0.00,0.00,0.00,0.00,0.00,0.00,0.00,0.00,0.00,0.00,0.00,0.00,0.00,17926.00,0.00,0.00,0.00,0.00,1995.37
0.00,0.00,0.49,0.00,0.00,0.00,5.88,0.00,0.00,93.63,0.00,319.00,0.00,0.00,0.00,0.00,0.00,0.00,7868.00,0.00,0.00,0.00,0.00,0.00,0.00,0.00,0.00,0.00,686512,1155240,1354208,66.36,47716,542464,3729300,182.74,833276,356296,48,599452,101976,7360,28752,0,0,0,0.00,0,0.00,0,0,0.00,26648,7648,36912,0,0,460,0.00,0.00,0.02,0,0.00,0.00,0.00,0.00,0.00,0.00,0.00,0.00,0.00,0.00,0.00,0.00,0.00,0.00,15837.00,669.00,21640.05,37.89,0.00,0.00,0.00,0.00,0.00,0.00,0.00,1.00,0.00,0.00,0.00,0.00,0.00,0.00,0.00,0.00,0.00,0.00,0.00,0.00,0.00,0.00,0.00,0.00,0.00,0.00,0.00,0.00,0.00,0.00,724,3,5,0,0,0,15826.00,0.00,1328.00,669.00,15157.00,659.00,0.00,0.00,0.00,0.00,0.00,0.00,0.00,0.00,0.00,0.00,0.00,0.00,0.00,0.00,0.00,0.00,0.00,0.00,0.00,0.00,0.00,0.00,0.00,0.00,0.00,0.00,0.00,0.00,0.00,0.00,0.00,0.00,0.00,0.00,0.00,0.00,0.00,0.00,1327.00,669.00,668.00,0.00,10.00,0.00,0.00,0.00,0.00,0.00,0.00,3,2,1,0,0.00,0.00,0.00,0.00,0.00,0.00,0.00,0.00,0.00,0.00,0.00,0.00,0.00,0.00,0.00,0.00,0.00,0.00,0.00,0.00,0.00,0.00,0.00,0.00,0.00,0.00,0.00,0.00,0.00,0.00,0.00,0.00,0.00,0.00,0.00,0.00,0.00,0.00,0.00,0.00,0.00,0.00,0.00,0.00,0.00,0.00,0.00,0.00,0.00,0.00,0.00,0.00,0.00,15882.00,0.00,0.00,0.00,0.00,1995.37
0.50,0.00,0.00,0.00,0.00,0.00,4.98,0.00,0.00,94.53,0.00,309.00,0.00,0.00,0.00,0.00,0.00,0.00,7196.00,0.00,0.00,0.00,0.00,0.00,0.00,0.00,0.00,0.00,686352,1155080,1354368,66.37,47716,542480,3729300,182.74,833276,356296,64,599452,101976,7360,28752,0,0,0,0.00,0,0.00,0,0,0.00,26648,7648,36912,0,0,460,0.00,0.00,0.02,0,0.00,0.00,0.00,0.00,0.00,0.00,0.00,0.00,0.00,0.00,0.00,0.00,0.00,0.00,14480.00,605.00,19800.53,34.27,0.00,0.00,0.00,0.00,0.00,0.00,0.00,0.00,0.00,0.00,0.00,0.00,0.00,0.00,0.00,0.00,0.00,0.00,0.00,0.00,0.00,0.00,0.00,0.00,0.00,0.00,0.00,0.00,0.00,0.00,724,3,5,0,0,0,14474.00,0.00,1208.00,605.00,13869.00,603.00,0.00,0.00,0.00,0.00,0.00,0.00,0.00,0.00,0.00,0.00,0.00,0.00,0.00,0.00,0.00,0.00,0.00,0.00,0.00,0.00,0.00,0.00,0.00,0.00,0.00,0.00,0.00,0.00,0.00,0.00,0.00,0.00,0.00,0.00,0.00,0.00,0.00,0.00,1208.00,605.00,605.00,0.00,2.00,0.00,0.00,0.00,0.00,0.00,0.00,3,2,1,0,0.00,0.00,0.00,0.00,0.00,0.00,0.00,0.00,0.00,0.00,0.00,0.00,0.00,0.00,0.00,0.00,0.00,0.00,0.00,0.00,0.00,0.00,0.00,0.00,0.00,0.00,0.00,0.00,0.00,0.00,0.00,0.00,0.00,0.00,0.00,0.00,0.00,0.00,0.00,0.00,0.00,0.00,0.00,0.00,0.00,0.00,0.00,0.00,0.00,0.00,0.00,0.00,0.00,14434.00,0.00,0.00,0.00,0.00,1995.37
0.50,0.00,0.00,5.97,0.50,0.00,3.48,0.00,0.00,89.55,0.00,314.00,0.00,0.00,0.00,20.00,0.00,0.00,6605.00,0.00,0.00,0.00,0.00,2.00,0.00,2.00,0.00,40.00,686344,1155132,1354376,66.37,47724,542496,3729300,182.74,833280,356348,80,599452,101984,7360,28752,0,0,0,0.00,0,0.00,0,0,0.00,26648,7648,36912,0,0,460,0.00,0.00,0.02,0,0.00,0.00,0.00,0.00,0.00,0.00,2.00,0.00,20.00,10.00,0.00,64.00,0.00,0.00,13229.00,551.00,18092.89,31.21,0.00,0.00,0.00,0.00,0.00,0.00,0.00,1.00,0.00,0.00,0.00,0.00,0.00,0.00,0.00,0.00,0.00,0.00,0.00,0.00,0.00,0.00,0.00,0.00,0.00,0.00,0.00,0.00,0.00,0.00,724,3,5,0,0,0,13224.00,0.00,1102.00,551.00,12673.00,551.00,0.00,0.00,0.00,0.00,0.00,0.00,0.00,0.00,0.00,0.00,0.00,0.00,0.00,0.00,0.00,0.00,0.00,0.00,0.00,0.00,0.00,0.00,0.00,0.00,0.00,0.00,0.00,0.00,0.00,0.00,0.00,0.00,0.00,0.00,0.00,0.00,0.00,0.00,1102.00,551.00,551.00,0.00,0.00,0.00,0.00,0.00,0.00,0.00,0.00,3,2,1,0,0.00,0.00,0.00,0.00,0.00,0.00,0.00,0.00,0.00,0.00,0.00,0.00,0.00,0.00,0.00,0.00,0.00,0.00,0.00,0.00,0.00,0.00,0.00,0.00,0.00,0.00,0.00,0.00,0.00,0.00,0.00,0.00,0.00,0.00,0.00,0.00,0.00,0.00,0.00,0.00,0.00,0.00,0.00,0.00,0.00,0.00,0.00,0.00,0.00,0.00,0.00,0.00,0.00,13252.00,0.00,0.00,0.00,0.00,1995.37
0.00,0.00,0.00,0.00,0.00,0.00,3.05,0.00,0.00,96.95,0.00,367.00,0.00,0.00,0.00,8.00,11.00,0.00,5894.00,0.00,0.00,0.00,0.00,2.00,0.00,2.00,0.00,16.00,686312,1155100,1354408,66.37,47724,542512,3729300,182.74,833280,356348,96,599468,101984,7360,28752,0,0,0,0.00,0,0.00,0,0,0.00,26648,7648,36912,0,0,460,0.00,0.00,0.02,0,0.00,0.00,0.00,0.00,0.00,0.00,2.00,0.00,8.00,4.00,0.00,0.00,0.00,0.00,12242.00,510.00,16746.45,28.89,0.00,0.00,0.00,0.00,0.00,0.00,0.00,0.00,0.00,0.00,0.00,0.00,0.00,0.00,0.00,0.00,0.00,0.00,0.00,0.00,0.00,0.00,0.00,0.00,0.00,0.00,0.00,0.00,0.00,0.00,724,3,5,0,0,0,12239.00,0.00,1019.00,510.00,11730.00,510.00,0.00,0.00,0.00,0.00,0.00,0.00,0.00,0.00,0.00,0.00,0.00,0.00,0.00,0.00,0.00,0.00,0.00,0.00,0.00,0.00,0.00,0.00,0.00,0.00,0.00,0.00,0.00,0.00,0.00,0.00,0.00,0.00,0.00,0.00,0.00,0.00,0.00,0.00,1019.00,510.00,509.00,0.00,0.00,0.00,0.00,0.00,0.00,0.00,0.00,3,2,1,0,0.00,0.00,0.00,0.00,0.00,0.00,0.00,0.00,0.00,0.00,0.00,0.00,0.00,0.00,0.00,0.00,0.00,0.00,0.00,0.00,0.00,0.00,0.00,0.00,0.00,0.00,0.00,0.00,0.00,0.00,0.00,0.00,0.00,0.00,0.00,0.00,0.00,0.00,0.00,0.00,0.00,0.00,0.00,0.00,0.00,0.00,0.00,0.00,0.00,0.00,0.00,0.00,0.00,12219.00,0.00,0.00,0.00,0.00,1995.37
0.00,0.00,1.01,1.51,0.00,0.00,2.51,0.00,0.00,94.97,3.00,322.00,0.00,0.00,0.00,40.00,468.00,0.00,5381.00,0.00,0.00,0.00,0.00,2.00,0.00,2.00,0.00,72.00,685952,1154772,1354768,66.39,47732,542520,3733272,182.94,833384,356376,100,599560,101984,7384,28876,0,0,0,0.00,0,0.00,0,0,0.00,26648,7648,36912,0,0,460,0.00,0.00,0.02,1,0.00,0.00,0.00,0.00,0.00,0.00,2.00,0.00,36.00,18.00,0.00,0.00,0.00,0.00,10094.00,421.00,13791.92,23.85,0.00,0.00,0.00,0.00,0.00,0.00,0.00,1.00,0.00,0.00,0.00,0.00,0.00,0.00,0.00,0.00,0.00,0.00,0.00,0.00,0.00,0.00,0.00,0.00,0.00,0.00,0.00,0.00,0.00,0.00,724,3,5,0,0,0,10079.00,0.00,839.00,421.00,9660.00,420.00,0.00,0.00,0.00,0.00,0.00,0.00,0.00,0.00,0.00,0.00,0.00,0.00,0.00,0.00,0.00,0.00,0.00,0.00,0.00,0.00,0.00,0.00,0.00,0.00,0.00,0.00,0.00,0.00,0.00,0.00,0.00,0.00,0.00,0.00,0.00,0.00,0.00,0.00,839.00,421.00,419.00,0.00,1.00,0.00,0.00,0.00,0.00,0.00,0.00,3,2,1,0,0.00,0.00,0.00,0.00,0.00,0.00,0.00,0.00,0.00,0.00,0.00,0.00,0.00,0.00,0.00,0.00,0.00,0.00,0.00,0.00,0.00,0.00,0.00,0.00,0.00,0.00,0.00,0.00,0.00,0.00,0.00,0.00,0.00,0.00,0.00,0.00,0.00,0.00,0.00,0.00,0.00,0.00,0.00,0.00,0.00,0.00,0.00,0.00,0.00,0.00,0.00,0.00,0.00,10118.00,0.00,0.00,0.00,0.00,1995.37
0.00,0.00,0.50,2.01,0.50,0.00,2.51,0.00,0.00,94.47,0.00,320.00,0.00,0.00,0.00,0.00,38.00,0.00,5966.00,0.00,0.00,0.00,0.00,1.00,0.00,1.00,0.00,8.00,685972,1154816,1354748,66.39,47732,542544,3733272,182.94,833308,356392,284,599468,102044,7360,28752,0,0,0,0.00,0,0.00,0,0,0.00,26648,7648,36912,0,0,460,0.00,0.00,0.02,0,0.00,0.00,0.00,0.00,0.00,0.00,1.00,0.00,4.00,4.00,0.00,76.00,0.00,0.00,11957.00,499.00,16352.59,28.26,0.00,0.00,0.00,0.00,0.00,0.00,0.00,0.00,0.00,0.00,0.00,0.00,0.00,0.00,0.00,0.00,0.00,0.00,0.00,0.00,0.00,0.00,0.00,0.00,0.00,0.00,0.00,0.00,0.00,0.00,724,3,5,0,0,0,11952.00,0.00,996.00,499.00,11454.00,498.00,0.00,0.00,0.00,0.00,0.00,0.00,0.00,0.00,0.00,0.00,0.00,0.00,0.00,0.00,0.00,0.00,0.00,0.00,0.00,0.00,0.00,0.00,0.00,0.00,0.00,0.00,0.00,0.00,0.00,0.00,0.00,0.00,0.00,0.00,0.00,0.00,0.00,0.00,996.00,499.00,498.00,0.00,1.00,0.00,0.00,0.00,0.00,0.00,0.00,3,2,1,0,0.00,0.00,0.00,0.00,0.00,0.00,0.00,0.00,0.00,0.00,0.00,0.00,0.00,0.00,0.00,0.00,0.00,0.00,0.00,0.00,0.00,0.00,0.00,0.00,0.00,0.00,0.00,0.00,0.00,0.00,0.00,0.00,0.00,0.00,0.00,0.00,0.00,0.00,0.00,0.00,0.00,0.00,0.00,0.00,0.00,0.00,0.00,0.00,0.00,0.00,0.00,0.00,0.00,11933.00,0.00,0.00,0.00,0.00,1995.37
0.00,0.00,0.00,0.00,0.00,0.00,9.55,0.00,0.00,90.45,0.00,354.00,0.00,0.00,0.00,0.00,4.00,0.00,32562.00,0.00,0.00,0.00,0.00,0.00,0.00,0.00,0.00,0.00,664048,1139828,1376672,67.46,47648,549760,3740092,183.27,848572,364824,24,616060,100468,7360,28932,0,0,0,0.00,0,0.00,0,0,0.00,26609,7648,36872,0,0,460,0.03,0.01,0.00,0,0.00,0.00,0.00,0.00,0.00,0.00,0.00,0.00,0.00,0.00,0.00,0.00,0.00,0.00,66149.00,2756.00,90496.21,156.10,0.00,0.00,0.00,0.00,0.00,0.00,0.00,1.00,0.00,0.00,0.00,0.00,0.00,0.00,0.00,0.00,0.00,0.00,0.00,0.00,0.00,0.00,0.00,0.00,0.00,0.00,0.00,0.00,0.00,0.00,723,3,5,0,0,0,66123.00,0.00,5513.00,2755.00,63365.00,2755.00,0.00,0.00,0.00,0.00,0.00,0.00,0.00,0.00,0.00,0.00,0.00,0.00,0.00,0.00,0.00,0.00,0.00,0.00,0.00,0.00,0.00,0.00,0.00,0.00,0.00,0.00,0.00,0.00,0.00,0.00,0.00,0.00,0.00,0.00,0.00,0.00,0.00,0.00,5512.00,2756.00,2756.00,0.00,0.00,0.00,0.00,0.00,0.00,0.00,0.00,3,2,1,0,0.00,0.00,0.00,0.00,0.00,0.00,0.00,0.00,0.00,0.00,0.00,0.00,0.00,0.00,0.00,0.00,0.00,0.00,0.00,0.00,0.00,0.00,0.00,0.00,0.00,0.00,0.00,0.00,0.00,0.00,0.00,0.00,0.00,0.00,0.00,0.00,0.00,0.00,0.00,0.00,0.00,0.00,0.00,0.00,0.00,0.00,0.00,0.00,0.00,0.00,0.00,0.00,0.00,66173.00,0.00,0.00,0.00,0.00,1995.37
0.00,0.00,0.49,0.00,0.00,0.00,11.27,0.00,0.00,88.24,0.00,383.00,0.00,0.00,0.00,0.00,4.00,0.00,32027.00,0.00,0.00,0.00,0.00,0.00,0.00,0.00,0.00,0.00,663952,1139732,1376768,67.46,47648,549776,3740092,183.27,848572,364824,40,616068,100468,7360,28932,0,0,0,0.00,0,0.00,0,0,0.00,26609,7648,36872,0,0,460,0.03,0.01,0.00,0,0.00,0.00,0.00,0.00,0.00,0.00,0.00,0.00,0.00,0.00,0.00,0.00,0.00,0.00,63797.00,2659.00,87278.23,150.61,0.00,0.00,0.00,0.00,0.00,0.00,0.00,0.00,0.00,0.00,0.00,0.00,0.00,0.00,0.00,0.00,0.00,0.00,0.00,0.00,0.00,0.00,0.00,0.00,0.00,0.00,0.00,0.00,0.00,0.00,723,3,5,0,0,0,63792.00,0.00,5314.00,2659.00,61134.00,2658.00,0.00,0.00,0.00,0.00,0.00,0.00,0.00,0.00,0.00,0.00,0.00,0.00,0.00,0.00,0.00,0.00,0.00,0.00,0.00,0.00,0.00,0.00,0.00,0.00,0.00,0.00,0.00,0.00,0.00,0.00,0.00,0.00,0.00,0.00,0.00,0.00,0.00,0.00,5314.00,2658.00,2657.00,0.00,1.00,0.00,0.00,0.00,0.00,0.00,0.00,3,2,1,0,0.00,0.00,0.00,0.00,0.00,0.00,0.00,0.00,0.00,0.00,0.00,0.00,0.00,0.00,0.00,0.00,0.00,0.00,0.00,0.00,0.00,0.00,0.00,0.00,0.00,0.00,0.00,0.00,0.00,0.00,0.00,0.00,0.00,0.00,0.00,0.00,0.00,0.00,0.00,0.00,0.00,0.00,0.00,0.00,0.00,0.00,0.00,0.00,0.00,0.00,0.00,0.00,0.00,63787.00,0.00,0.00,0.00,0.00,1995.37
0.50,0.00,0.00,0.00,0.00,0.00,9.05,0.00,0.00,90.45,0.00,365.00,0.00,0.00,0.00,0.00,0.00,0.00,31755.00,0.00,0.00,0.00,0.00,0.00,0.00,0.00,0.00,0.00,664048,1139828,1376672,67.46,47648,549788,3740092,183.27,848572,364824,52,616068,100468,7360,28932,0,0,0,0.00,0,0.00,0,0,0.00,26609,7648,36872,0,0,460,0.02,0.01,0.00,0,0.00,0.00,0.00,0.00,0.00,0.00,0.00,0.00,0.00,0.00,0.00,0.00,0.00,0.00,63004.00,2625.00,86194.64,148.68,0.00,0.00,0.00,0.00,0.00,0.00,0.00,1.00,0.00,0.00,0.00,0.00,0.00,0.00,0.00,0.00,0.00,0.00,0.00,0.00,0.00,0.00,0.00,0.00,0.00,0.00,0.00,0.00,0.00,0.00,723,3,5,0,1,0,63047.00,0.00,5253.00,2627.00,60421.00,2627.00,0.00,0.00,0.00,0.00,0.00,0.00,0.00,0.00,0.00,0.00,0.00,0.00,0.00,0.00,0.00,0.00,0.00,0.00,0.00,0.00,0.00,0.00,0.00,0.00,0.00,0.00,0.00,0.00,0.00,0.00,0.00,0.00,0.00,0.00,0.00,0.00,0.00,0.00,5251.00,2627.00,2624.00,0.00,0.00,0.00,0.00,0.00,0.00,0.00,0.00,3,2,1,0,0.00,0.00,0.00,0.00,0.00,0.00,0.00,0.00,0.00,0.00,0.00,0.00,0.00,0.00,0.00,0.00,0.00,0.00,0.00,0.00,0.00,0.00,0.00,0.00,0.00,0.00,0.00,0.00,0.00,0.00,0.00,0.00,0.00,0.00,0.00,0.00,0.00,0.00,0.00,0.00,0.00,0.00,0.00,0.00,0.00,0.00,0.00,0.00,0.00,0.00,0.00,0.00,0.00,63017.00,0.00,0.00,0.00,0.00,1995.37
0.00,0.00,0.00,0.00,0.00,0.00,10.45,0.00,0.00,89.55,0.00,364.00,0.00,0.00,0.00,0.00,0.00,0.00,30531.00,0.00,0.00,0.00,0.00,0.00,0.00,0.00,0.00,0.00,663952,1139732,1376768,67.46,47648,549804,3740092,183.27,848572,364824,68,616068,100468,7360,28932,0,0,0,0.00,0,0.00,0,0,0.00,26609,7648,36872,0,0,460,0.02,0.01,0.00,0,0.00,0.00,0.00,0.00,0.00,0.00,0.00,0.00,0.00,0.00,0.00,0.00,0.00,0.00,61904.00,2582.00,84684.37,146.25,0.00,0.00,0.00,0.00,0.00,0.00,0.00,0.00,0.00,0.00,0.00,0.00,0.00,0.00,0.00,0.00,0.00,0.00,0.00,0.00,0.00,0.00,0.00,0.00,0.00,0.00,0.00,0.00,0.00,0.00,723,3,5,0,0,0,61875.00,0.00,5159.00,2581.00,59294.00,2578.00,0.00,0.00,0.00,0.00,0.00,0.00,0.00,0.00,0.00,0.00,0.00,0.00,0.00,0.00,0.00,0.00,0.00,0.00,0.00,0.00,0.00,0.00,0.00,0.00,0.00,0.00,0.00,0.00,0.00,0.00,0.00,0.00,0.00,0.00,0.00,0.00,0.00,0.00,5158.00,2582.00,2579.00,0.00,3.00,0.00,0.00,0.00,0.00,0.00,0.00,3,2,1,0,0.00,0.00,0.00,0.00,0.00,0.00,0.00,0.00,0.00,0.00,0.00,0.00,0.00,0.00,0.00,0.00,0.00,0.00,0.00,0.00,0.00,0.00,0.00,0.00,0.00,0.00,0.00,0.00,0.00,0.00,0.00,0.00,0.00,0.00,0.00,0.00,0.00,0.00,0.00,0.00,0.00,0.00,0.00,0.00,0.00,0.00,0.00,0.00,0.00,0.00,0.00,0.00,0.00,61877.00,0.00,0.00,0.00,0.00,1995.37
0.51,0.00,0.00,0.00,0.51,0.00,7.61,0.00,0.00,91.37,0.00,333.00,0.00,0.00,0.00,0.00,0.00,0.00,29708.00,0.00,0.00,0.00,0.00,0.00,0.00,0.00,0.00,0.00,663924,1139760,1376796,67.47,47648,549820,3740092,183.27,848572,364880,84,616068,100468,7360,28932,0,0,0,0.00,0,0.00,0,0,0.00,26609,7648,36872,0,0,460,0.02,0.01,0.00,0,0.00,0.00,0.00,0.00,0.00,0.00,0.00,0.00,0.00,0.00,0.00,0.00,0.00,0.00,59980.00,2501.00,82057.29,141.64,0.00,0.00,0.00,0.00,0.00,0.00,0.00,1.00,0.00,0.00,0.00,0.00,0.00,0.00,0.00,0.00,0.00,0.00,0.00,0.00,0.00,0.00,0.00,0.00,0.00,0.00,0.00,0.00,0.00,0.00,723,3,5,0,1,0,59974.00,0.00,4996.00,2500.00,57477.00,2499.00,0.00,0.00,0.00,0.00,0.00,0.00,0.00,0.00,0.00,0.00,0.00,0.00,0.00,0.00,0.00,0.00,0.00,0.00,0.00,0.00,0.00,0.00,0.00,0.00,0.00,0.00,0.00,0.00,0.00,0.00,0.00,0.00,0.00,0.00,0.00,0.00,0.00,0.00,4995.00,2499.00,2496.00,0.00,1.00,0.00,0.00,0.00,0.00,0.00,0.00,3,2,1,0,0.00,0.00,0.00,0.00,0.00,0.00,0.00,0.00,0.00,0.00,0.00,0.00,0.00,0.00,0.00,0.00,0.00,0.00,0.00,0.00,0.00,0.00,0.00,0.00,0.00,0.00,0.00,0.00,0.00,0.00,0.00,0.00,0.00,0.00,0.00,0.00,0.00,0.00,0.00,0.00,0.00,0.00,0.00,0.00,0.00,0.00,0.00,0.00,0.00,0.00,0.00,0.00,0.00,60004.00,0.00,0.00,0.00,0.00,1995.37
0.00,0.00,0.00,3.09,0.00,0.00,7.22,0.00,0.00,89.69,0.00,374.00,0.00,0.00,0.00,160.00,0.00,0.00,29780.00,0.00,0.00,0.00,0.00,10.00,0.00,10.00,0.00,320.00,663860,1139724,1376860,67.47,47656,549836,3740092,183.27,848580,364900,0,616068,100468,7360,28932,0,0,0,0.00,0,0.00,0,0,0.00,26609,7648,36872,0,0,460,0.02,0.01,0.00,0,0.00,0.00,0.00,0.00,0.00,0.00,10.00,0.00,160.00,16.00,0.08,16.80,2.40,2.40,59597.00,2487.00,81531.99,140.87,0.00,0.00,0.00,0.00,0.00,0.00,0.00,0.00,0.00,0.00,0.00,0.00,0.00,0.00,0.00,0.00,0.00,0.00,0.00,0.00,0.00,0.00,0.00,0.00,0.00,0.00,0.00,0.00,0.00,0.00,723,3,5,0,0,0,59570.00,0.00,4966.00,2486.00,57086.00,2482.00,0.00,0.00,0.00,0.00,0.00,0.00,0.00,0.00,0.00,0.00,0.00,0.00,0.00,0.00,0.00,0.00,0.00,0.00,0.00,0.00,0.00,0.00,0.00,0.00,0.00,0.00,0.00,0.00,0.00,0.00,0.00,0.00,0.00,0.00,0.00,0.00,0.00,0.00,4964.00,2487.00,2482.00,0.00,4.00,0.00,0.00,0.00,0.00,0.00,0.00,3,2,1,0,0.00,0.00,0.00,0.00,0.00,0.00,0.00,0.00,0.00,0.00,0.00,0.00,0.00,0.00,0.00,0.00,0.00,0.00,0.00,0.00,0.00,0.00,0.00,0.00,0.00,0.00,0.00,0.00,0.00,0.00,0.00,0.00,0.00,0.00,0.00,0.00,0.00,0.00,0.00,0.00,0.00,0.00,0.00,0.00,0.00,0.00,0.00,0.00,0.00,0.00,0.00,0.00,0.00,59550.00,0.00,0.00,0.00,0.00,1995.37
0.50,0.00,0.00,0.00,0.00,0.00,10.40,0.00,0.00,89.11,0.00,376.00,0.00,0.00,0.00,0.00,0.00,0.00,28516.00,0.00,0.00,0.00,0.00,0.00,0.00,0.00,0.00,0.00,663828,1139692,1376892,67.47,47656,549852,3740092,183.27,848580,364900,20,616068,100468,7360,28932,0,0,0,0.00,0,0.00,0,0,0.00,26609,7648,36872,0,0,460,0.02,0.01,0.00,0,0.00,0.00,0.00,0.00,0.00,0.00,0.00,0.00,0.00,0.00,0.00,0.00,0.00,0.00,58348.00,2434.00,79824.45,137.86,0.00,0.00,0.00,0.00,0.00,0.00,0.00,1.00,0.00,0.00,0.00,0.00,0.00,0.00,0.00,0.00,0.00,0.00,0.00,0.00,0.00,0.00,0.00,0.00,0.00,0.00,0.00,0.00,0.00,0.00,723,3,5,0,0,0,58365.00,0.00,4861.00,2435.00,55936.00,2432.00,0.00,0.00,0.00,0.00,0.00,0.00,0.00,0.00,0.00,0.00,0.00,0.00,0.00,0.00,0.00,0.00,0.00,0.00,0.00,0.00,0.00,0.00,0.00,0.00,0.00,0.00,0.00,0.00,0.00,0.00,0.00,0.00,0.00,0.00,0.00,0.00,0.00,0.00,4860.00,2434.00,2429.00,0.00,3.00,0.00,0.00,0.00,0.00,0.00,0.00,3,2,1,0,0.00,0.00,0.00,0.00,0.00,0.00,0.00,0.00,0.00,0.00,0.00,0.00,0.00,0.00,0.00,0.00,0.00,0.00,0.00,0.00,0.00,0.00,0.00,0.00,0.00,0.00,0.00,0.00,0.00,0.00,0.00,0.00,0.00,0.00,0.00,0.00,0.00,0.00,0.00,0.00,0.00,0.00,0.00,0.00,0.00,0.00,0.00,0.00,0.00,0.00,0.00,0.00,0.00,58348.00,0.00,0.00,0.00,0.00,1995.37
0.00,0.00,0.49,0.00,0.00,0.00,8.87,0.00,0.00,90.64,0.00,356.00,0.00,0.00,0.00,0.00,0.00,0.00,28788.00,0.00,0.00,0.00,0.00,0.00,0.00,0.00,0.00,0.00,663892,1139756,1376828,67.47,47656,549868,3740092,183.27,848580,364900,36,616068,100468,7360,28932,0,0,0,0.00,0,0.00,0,0,0.00,26609,7648,36872,0,0,460,0.02,0.01,0.00,0,0.00,0.00,0.00,0.00,0.00,0.00,0.00,0.00,0.00,0.00,0.00,0.00,0.00,0.00,57353.00,2395.00,78446.23,135.65,0.00,0.00,0.00,0.00,0.00,0.00,0.00,0.00,0.00,0.00,0.00,0.00,0.00,0.00,0.00,0.00,0.00,0.00,0.00,0.00,0.00,0.00,0.00,0.00,0.00,0.00,0.00,0.00,0.00,0.00,723,3,5,0,0,0,57321.00,0.00,4785.00,2394.00,54924.00,2388.00,0.00,0.00,0.00,0.00,0.00,0.00,0.00,0.00,0.00,0.00,0.00,0.00,0.00,0.00,0.00,0.00,0.00,0.00,0.00,0.00,0.00,0.00,0.00,0.00,0.00,0.00,0.00,0.00,0.00,0.00,0.00,0.00,0.00,0.00,0.00,0.00,0.00,0.00,4783.00,2395.00,2394.00,0.00,6.00,0.00,0.00,0.00,0.00,0.00,0.00,3,2,1,0,0.00,0.00,0.00,0.00,0.00,0.00,0.00,0.00,0.00,0.00,0.00,0.00,0.00,0.00,0.00,0.00,0.00,0.00,0.00,0.00,0.00,0.00,0.00,0.00,0.00,0.00,0.00,0.00,0.00,0.00,0.00,0.00,0.00,0.00,0.00,0.00,0.00,0.00,0.00,0.00,0.00,0.00,0.00,0.00,0.00,0.00,0.00,0.00,0.00,0.00,0.00,0.00,0.00,57376.00,0.00,0.00,0.00,0.00,1995.37
0.00,0.00,0.00,0.00,0.51,0.00,8.12,0.00,0.00,91.37,0.00,362.00,0.00,0.00,0.00,0.00,0.00,0.00,29477.00,0.00,0.00,0.00,0.00,0.00,0.00,0.00,0.00,0.00,663864,1139732,1376856,67.47,47656,549884,3740092,183.27,848580,364900,52,616068,100472,7360,28932,0,0,0,0.00,0,0.00,0,0,0.00,26609,7648,36872,0,0,460,0.02,0.01,0.00,0,0.00,0.00,0.00,0.00,0.00,0.00,0.00,0.00,0.00,0.00,0.00,0.00,0.00,0.00,58666.00,2446.00,80251.67,138.54,0.00,0.00,0.00,0.00,0.00,0.00,0.00,1.00,0.00,0.00,0.00,0.00,0.00,0.00,0.00,0.00,0.00,0.00,0.00,0.00,0.00,0.00,0.00,0.00,0.00,0.00,0.00,0.00,0.00,0.00,723,3,5,0,0,0,58683.00,0.00,4893.00,2447.00,56235.00,2445.00,0.00,0.00,0.00,0.00,0.00,0.00,0.00,0.00,0.00,0.00,0.00,0.00,0.00,0.00,0.00,0.00,0.00,0.00,0.00,0.00,0.00,0.00,0.00,0.00,0.00,0.00,0.00,0.00,0.00,0.00,0.00,0.00,0.00,0.00,0.00,0.00,0.00,0.00,4891.00,2447.00,2446.00,0.00,2.00,0.00,0.00,0.00,0.00,0.00,0.00,3,2,1,0,0.00,0.00,0.00,0.00,0.00,0.00,0.00,0.00,0.00,0.00,0.00,0.00,0.00,0.00,0.00,0.00,0.00,0.00,0.00,0.00,0.00,0.00,0.00,0.00,0.00,0.00,0.00,0.00,0.00,0.00,0.00,0.00,0.00,0.00,0.00,0.00,0.00,0.00,0.00,0.00,0.00,0.00,0.00,0.00,0.00,0.00,0.00,0.00,0.00,0.00,0.00,0.00,0.00,58689.00,0.00,0.00,0.00,0.00,1995.37
0.52,0.00,0.00,0.00,0.00,0.00,6.70,0.00,0.00,92.78,0.00,357.00,0.00,0.00,0.00,0.00,1.00,0.00,29261.00,0.00,0.00,0.00,0.00,0.00,0.00,0.00,0.00,0.00,663704,1139636,1377016,67.48,47656,549900,3740092,183.27,848580,364964,68,616072,100472,7360,28932,0,0,0,0.00,0,0.00,0,0,0.00,26609,7648,36872,0,0,460,0.02,0.01,0.00,0,0.00,0.00,0.00,0.00,0.00,0.00,0.00,0.00,0.00,0.00,0.00,0.00,0.00,0.00,58782.00,2449.00,80415.59,138.71,0.00,0.00,0.00,0.00,0.00,0.00,0.00,0.00,0.00,0.00,0.00,0.00,0.00,0.00,0.00,0.00,0.00,0.00,0.00,0.00,0.00,0.00,0.00,0.00,0.00,0.00,0.00,0.00,0.00,0.00,723,3,5,0,0,0,58753.00,0.00,4897.00,2448.00,56304.00,2448.00,0.00,0.00,0.00,0.00,0.00,0.00,0.00,0.00,0.00,0.00,0.00,0.00,0.00,0.00,0.00,0.00,0.00,0.00,0.00,0.00,0.00,0.00,0.00,0.00,0.00,0.00,0.00,0.00,0.00,0.00,0.00,0.00,0.00,0.00,0.00,0.00,0.00,0.00,4896.00,2447.00,2449.00,0.00,0.00,0.00,0.00,0.00,0.00,0.00,0.00,3,2,1,0,0.00,0.00,0.00,0.00,0.00,0.00,0.00,0.00,0.00,0.00,0.00,0.00,0.00,0.00,0.00,0.00,0.00,0.00,0.00,0.00,0.00,0.00,0.00,0.00,0.00,0.00,0.00,0.00,0.00,0.00,0.00,0.00,0.00,0.00,0.00,0.00,0.00,0.00,0.00,0.00,0.00,0.00,0.00,0.00,0.00,0.00,0.00,0.00,0.00,0.00,0.00,0.00,0.00,58759.00,0.00,0.00,0.00,0.00,1995.37
0.00,0.00,0.00,6.12,0.00,0.00,8.16,0.00,0.00,85.71,0.00,388.00,0.00,0.00,0.00,20.00,0.00,0.00,28916.00,0.00,0.00,0.00,0.00,2.00,0.00,2.00,0.00,40.00,663768,1139700,1376952,67.47,47664,549912,3740092,183.27,848580,364964,88,616072,100472,7360,28932,0,0,0,0.00,0,0.00,0,0,0.00,26609,7648,36872,0,0,460,0.02,0.01,0.00,0,0.00,0.00,0.00,0.00,0.00,0.00,2.00,0.00,20.00,10.00,0.00,62.00,0.00,0.00,57581.00,2400.00,78773.78,135.94,0.00,0.00,0.00,0.00,0.00,0.00,0.00,3.00,0.00,0.00,0.00,0.00,0.00,0.00,0.00,0.00,0.00,0.00,0.00,0.00,0.00,0.00,0.00,0.00,0.00,0.00,0.00,0.00,0.00,0.00,723,3,5,0,0,0,57599.00,0.00,4799.00,2401.00,55200.00,2400.00,0.00,0.00,0.00,0.00,0.00,0.00,0.00,0.00,0.00,0.00,0.00,0.00,0.00,0.00,0.00,0.00,0.00,0.00,0.00,0.00,0.00,0.00,0.00,0.00,0.00,0.00,0.00,0.00,0.00,0.00,0.00,0.00,0.00,0.00,0.00,0.00,0.00,0.00,4798.00,2401.00,2398.00,0.00,1.00,0.00,0.00,0.00,0.00,0.00,0.00,3,2,1,0,0.00,0.00,0.00,0.00,0.00,0.00,0.00,0.00,0.00,0.00,0.00,0.00,0.00,0.00,0.00,0.00,0.00,0.00,0.00,0.00,0.00,0.00,0.00,0.00,0.00,0.00,0.00,0.00,0.00,0.00,0.00,0.00,0.00,0.00,0.00,0.00,0.00,0.00,0.00,0.00,0.00,0.00,0.00,0.00,0.00,0.00,0.00,0.00,0.00,0.00,0.00,0.00,0.00,57582.00,0.00,0.00,0.00,0.00,1995.37
0.50,0.00,0.00,0.00,0.00,0.00,9.95,0.00,0.00,89.55,0.00,382.00,0.00,0.00,0.00,0.00,0.00,0.00,28180.00,0.00,0.00,0.00,0.00,0.00,0.00,0.00,0.00,0.00,663580,1139512,1377140,67.48,47664,549928,3740092,183.27,848580,364964,104,616072,100472,7360,28932,0,0,0,0.00,0,0.00,0,0,0.00,26609,7648,36872,0,0,460,0.02,0.01,0.00,0,0.00,0.00,0.00,0.00,0.00,0.00,0.00,0.00,0.00,0.00,0.00,0.00,0.00,0.00,57203.00,2384.00,78248.71,135.03,0.00,0.00,0.00,0.00,0.00,0.00,0.00,0.00,0.00,0.00,0.00,0.00,0.00,0.00,0.00,0.00,0.00,0.00,0.00,0.00,0.00,0.00,0.00,0.00,0.00,0.00,0.00,0.00,0.00,0.00,723,3,5,0,0,0,57173.00,0.00,4767.00,2383.00,54786.00,2382.00,0.00,0.00,0.00,0.00,0.00,0.00,0.00,0.00,0.00,0.00,0.00,0.00,0.00,0.00,0.00,0.00,0.00,0.00,0.00,0.00,0.00,0.00,0.00,0.00,0.00,0.00,0.00,0.00,0.00,0.00,0.00,0.00,0.00,0.00,0.00,0.00,0.00,0.00,4766.00,2383.00,2384.00,0.00,1.00,0.00,0.00,0.00,0.00,0.00,0.00,3,2,1,0,0.00,0.00,0.00,0.00,0.00,0.00,0.00,0.00,0.00,0.00,0.00,0.00,0.00,0.00,0.00,0.00,0.00,0.00,0.00,0.00,0.00,0.00,0.00,0.00,0.00,0.00,0.00,0.00,0.00,0.00,0.00,0.00,0.00,0.00,0.00,0.00,0.00,0.00,0.00,0.00,0.00,0.00,0.00,0.00,0.00,0.00,0.00,0.00,0.00,0.00,0.00,0.00,0.00,57156.00,0.00,0.00,0.00,0.00,1995.37
0.00,0.00,0.00,0.00,0.00,0.00,8.12,0.00,0.00,91.88,0.00,372.00,0.00,0.00,0.00,0.00,0.00,0.00,27740.00,0.00,0.00,0.00,0.00,0.00,0.00,0.00,0.00,0.00,663612,1139596,1377108,67.48,47664,549944,3740092,183.27,848592,365008,120,616072,100472,7360,28932,0,0,0,0.00,0,0.00,0,0,0.00,26609,7648,36872,0,0,460,0.02,0.01,0.00,0,0.00,0.00,0.00,0.00,0.00,0.00,0.00,0.00,0.00,0.00,0.00,0.00,0.00,0.00,55491.00,2312.00,75916.89,130.95,0.00,0.00,0.00,0.00,0.00,0.00,0.00,1.00,0.00,0.00,0.00,0.00,0.00,0.00,0.00,0.00,0.00,0.00,0.00,0.00,0.00,0.00,0.00,0.00,0.00,0.00,0.00,0.00,0.00,0.00,723,3,5,0,0,0,55489.00,0.00,4625.00,2312.00,53176.00,2312.00,0.00,0.00,0.00,0.00,0.00,0.00,0.00,0.00,0.00,0.00,0.00,0.00,0.00,0.00,0.00,0.00,0.00,0.00,0.00,0.00,0.00,0.00,0.00,0.00,0.00,0.00,0.00,0.00,0.00,0.00,0.00,0.00,0.00,0.00,0.00,0.00,0.00,0.00,4626.00,2313.00,2313.00,0.00,0.00,0.00,0.00,0.00,0.00,0.00,0.00,3,2,1,0,0.00,0.00,0.00,0.00,0.00,0.00,0.00,0.00,0.00,0.00,0.00,0.00,0.00,0.00,0.00,0.00,0.00,0.00,0.00,0.00,0.00,0.00,0.00,0.00,0.00,0.00,0.00,0.00,0.00,0.00,0.00,0.00,0.00,0.00,0.00,0.00,0.00,0.00,0.00,0.00,0.00,0.00,0.00,0.00,0.00,0.00,0.00,0.00,0.00,0.00,0.00,0.00,0.00,55538.00,0.00,0.00,0.00,0.00,1995.37
0.50,0.00,0.00,0.00,0.50,0.00,9.41,0.00,0.00,89.60,0.00,396.00,0.00,0.00,0.00,0.00,0.00,0.00,26524.00,0.00,0.00,0.00,0.00,0.00,0.00,0.00,0.00,0.00,663708,1139692,1377012,67.48,47664,549960,3740092,183.27,848592,365008,136,616072,100472,7360,28932,0,0,0,0.00,0,0.00,0,0,0.00,26609,7648,36872,0,0,460,0.02,0.01,0.00,0,0.00,0.00,0.00,0.00,0.00,0.00,0.00,0.00,0.00,0.00,0.00,0.00,0.00,0.00,54147.00,2257.00,74078.08,127.84,0.00,0.00,0.00,0.00,0.00,0.00,0.00,0.00,0.00,0.00,0.00,0.00,0.00,0.00,0.00,0.00,0.00,0.00,0.00,0.00,0.00,0.00,0.00,0.00,0.00,0.00,0.00,0.00,0.00,0.00,723,3,5,0,0,0,54182.00,0.00,4515.00,2258.00,51924.00,2257.00,0.00,0.00,0.00,0.00,0.00,0.00,0.00,0.00,0.00,0.00,0.00,0.00,0.00,0.00,0.00,0.00,0.00,0.00,0.00,0.00,0.00,0.00,0.00,0.00,0.00,0.00,0.00,0.00,0.00,0.00,0.00,0.00,0.00,0.00,0.00,0.00,0.00,0.00,4513.00,2258.00,2256.00,0.00,1.00,0.00,0.00,0.00,0.00,0.00,0.00,3,2,1,0,0.00,0.00,0.00,0.00,0.00,0.00,0.00,0.00,0.00,0.00,0.00,0.00,0.00,0.00,0.00,0.00,0.00,0.00,0.00,0.00,0.00,0.00,0.00,0.00,0.00,0.00,0.00,0.00,0.00,0.00,0.00,0.00,0.00,0.00,0.00,0.00,0.00,0.00,0.00,0.00,0.00,0.00,0.00,0.00,0.00,0.00,0.00,0.00,0.00,0.00,0.00,0.00,0.00,54145.00,0.00,0.00,0.00,0.00,1995.37
0.00,0.00,0.00,0.00,0.00,0.00,11.33,0.00,0.00,88.67,0.00,393.00,0.00,0.00,0.00,0.00,2.00,0.00,26900.00,0.00,0.00,0.00,0.00,0.00,0.00,0.00,0.00,0.00,663644,1139628,1377076,67.48,47664,549976,3740092,183.27,848644,365008,152,616072,100472,7360,28932,0,0,0,0.00,0,0.00,0,0,0.00,26609,7648,36872,0,0,460,0.02,0.01,0.00,0,0.00,0.00,0.00,0.00,0.00,0.00,0.00,0.00,0.00,0.00,0.00,0.00,0.00,0.00,53237.00,2218.00,72830.46,125.63,0.00,0.00,0.00,0.00,0.00,0.00,0.00,1.00,0.00,0.00,0.00,0.00,0.00,0.00,0.00,0.00,0.00,0.00,0.00,0.00,0.00,0.00,0.00,0.00,0.00,0.00,0.00,0.00,0.00,0.00,723,3,5,0,0,0,53222.00,0.00,4439.00,2218.00,51001.00,2218.00,0.00,0.00,0.00,0.00,0.00,0.00,0.00,0.00,0.00,0.00,0.00,0.00,0.00,0.00,0.00,0.00,0.00,0.00,0.00,0.00,0.00,0.00,0.00,0.00,0.00,0.00,0.00,0.00,0.00,0.00,0.00,0.00,0.00,0.00,0.00,0.00,0.00,0.00,4435.00,2217.00,2218.00,0.00,0.00,0.00,0.00,0.00,0.00,0.00,0.00,3,2,1,0,0.00,0.00,0.00,0.00,0.00,0.00,0.00,0.00,0.00,0.00,0.00,0.00,0.00,0.00,0.00,0.00,0.00,0.00,0.00,0.00,0.00,0.00,0.00,0.00,0.00,0.00,0.00,0.00,0.00,0.00,0.00,0.00,0.00,0.00,0.00,0.00,0.00,0.00,0.00,0.00,0.00,0.00,0.00,0.00,0.00,0.00,0.00,0.00,0.00,0.00,0.00,0.00,0.00,53215.00,0.00,0.00,0.00,0.00,1995.37
0.50,0.00,0.00,0.00,0.00,0.00,8.96,0.00,0.00,90.55,0.00,375.00,0.00,0.00,0.00,8.00,0.00,0.00,25244.00,0.00,0.00,0.00,0.00,0.00,0.00,0.00,0.00,0.00,663644,1139628,1377076,67.48,47668,549992,3740092,183.27,848644,365008,168,616072,100472,7360,28932,0,0,0,0.00,0,0.00,0,0,0.00,26609,7648,36872,0,0,460,0.02,0.01,0.00,1,0.00,0.00,0.00,0.00,0.00,0.00,0.00,0.00,0.00,0.00,0.00,0.00,0.00,0.00,51465.00,2145.00,70400.81,121.49,0.00,0.00,0.00,0.00,0.00,0.00,0.00,0.00,0.00,0.00,0.00,0.00,0.00,0.00,0.00,0.00,0.00,0.00,0.00,0.00,0.00,0.00,0.00,0.00,0.00,0.00,0.00,0.00,0.00,0.00,723,3,5,0,0,0,51457.00,0.00,4289.00,2144.00,49312.00,2144.00,0.00,0.00,0.00,0.00,0.00,0.00,0.00,0.00,0.00,0.00,0.00,0.00,0.00,0.00,0.00,0.00,0.00,0.00,0.00,0.00,0.00,0.00,0.00,0.00,0.00,0.00,0.00,0.00,0.00,0.00,0.00,0.00,0.00,0.00,0.00,0.00,0.00,0.00,4289.00,2145.00,2144.00,0.00,0.00,0.00,0.00,0.00,0.00,0.00,0.00,3,2,1,0,0.00,0.00,0.00,0.00,0.00,0.00,0.00,0.00,0.00,0.00,0.00,0.00,0.00,0.00,0.00,0.00,0.00,0.00,0.00,0.00,0.00,0.00,0.00,0.00,0.00,0.00,0.00,0.00,0.00,0.00,0.00,0.00,0.00,0.00,0.00,0.00,0.00,0.00,0.00,0.00,0.00,0.00,0.00,0.00,0.00,0.00,0.00,0.00,0.00,0.00,0.00,0.00,0.00,51488.00,0.00,0.00,0.00,0.00,1995.37
0.00,0.00,0.50,3.48,0.00,0.00,9.95,0.00,0.00,86.07,0.00,404.00,0.00,0.00,0.00,4.00,0.00,0.00,25444.00,0.00,0.00,0.00,0.00,2.00,0.00,2.00,0.00,24.00,663676,1139716,1377044,67.48,47672,550008,3740092,183.27,848648,365060,184,616072,100472,7360,28932,0,0,0,0.00,0,0.00,0,0,0.00,26609,7648,36872,0,0,460,0.02,0.01,0.00,0,0.00,0.00,0.00,0.00,0.00,0.00,2.00,0.00,12.00,6.00,0.00,38.00,0.00,0.00,51342.00,2138.00,70236.47,121.10,0.00,0.00,0.00,0.00,0.00,0.00,0.00,1.00,0.00,0.00,0.00,0.00,0.00,0.00,0.00,0.00,0.00,0.00,0.00,0.00,0.00,0.00,0.00,0.00,0.00,0.00,0.00,0.00,0.00,0.00,723,3,5,0,0,0,51311.00,0.00,4275.00,2138.00,49174.00,2138.00,0.00,0.00,0.00,0.00,0.00,0.00,0.00,0.00,0.00,0.00,0.00,0.00,0.00,0.00,0.00,0.00,0.00,0.00,0.00,0.00,0.00,0.00,0.00,0.00,0.00,0.00,0.00,0.00,0.00,0.00,0.00,0.00,0.00,0.00,0.00,0.00,0.00,0.00,4273.00,2137.00,2136.00,0.00,0.00,0.00,0.00,0.00,0.00,0.00,0.00,3,2,1,0,0.00,0.00,0.00,0.00,0.00,0.00,0.00,0.00,0.00,0.00,0.00,0.00,0.00,0.00,0.00,0.00,0.00,0.00,0.00,0.00,0.00,0.00,0.00,0.00,0.00,0.00,0.00,0.00,0.00,0.00,0.00,0.00,0.00,0.00,0.00,0.00,0.00,0.00,0.00,0.00,0.00,0.00,0.00,0.00,0.00,0.00,0.00,0.00,0.00,0.00,0.00,0.00,0.00,51319.00,0.00,0.00,0.00,0.00,1995.37
0.00,0.00,0.00,0.00,0.00,0.00,10.34,0.00,0.00,89.66,0.00,396.00,0.00,0.00,0.00,0.00,0.00,0.00,24796.00,0.00,0.00,0.00,0.00,0.00,0.00,0.00,0.00,0.00,663580,1139620,1377140,67.48,47672,550024,3740092,183.27,848648,365060,200,616072,100476,7360,28932,0,0,0,0.00,0,0.00,0,0,0.00,26609,7648,36872,0,0,460,0.02,0.01,0.00,0,0.00,0.00,0.00,0.00,0.00,0.00,0.00,0.00,0.00,0.00,0.00,0.00,0.00,0.00,49907.00,2082.00,68266.61,117.93,0.00,0.00,0.00,0.00,0.00,0.00,0.00,0.00,0.00,0.00,0.00,0.00,0.00,0.00,0.00,0.00,0.00,0.00,0.00,0.00,0.00,0.00,0.00,0.00,0.00,0.00,0.00,0.00,0.00,0.00,723,3,5,0,0,0,49915.00,0.00,4161.00,2082.00,47833.00,2079.00,0.00,0.00,0.00,0.00,0.00,0.00,0.00,0.00,0.00,0.00,0.00,0.00,0.00,0.00,0.00,0.00,0.00,0.00,0.00,0.00,0.00,0.00,0.00,0.00,0.00,0.00,0.00,0.00,0.00,0.00,0.00,0.00,0.00,0.00,0.00,0.00,0.00,0.00,4160.00,2083.00,2080.00,0.00,3.00,0.00,0.00,0.00,0.00,0.00,0.00,3,2,1,0,0.00,0.00,0.00,0.00,0.00,0.00,0.00,0.00,0.00,0.00,0.00,0.00,0.00,0.00,0.00,0.00,0.00,0.00,0.00,0.00,0.00,0.00,0.00,0.00,0.00,0.00,0.00,0.00,0.00,0.00,0.00,0.00,0.00,0.00,0.00,0.00,0.00,0.00,0.00,0.00,0.00,0.00,0.00,0.00,0.00,0.00,0.00,0.00,0.00,0.00,0.00,0.00,0.00,49931.00,0.00,0.00,0.00,0.00,1995.37
0.50,0.00,0.00,0.00,0.50,0.00,8.50,0.00,0.00,90.50,0.00,376.00,0.00,0.00,0.00,0.00,0.00,0.00,24725.00,0.00,0.00,0.00,0.00,0.00,0.00,0.00,0.00,0.00,663584,1139624,1377136,67.48,47672,550040,3740092,183.27,848648,365060,216,616072,100476,7360,28932,0,0,0,0.00,0,0.00,0,0,0.00,26609,7648,36872,0,0,460,0.02,0.01,0.00,0,0.00,0.00,0.00,0.00,0.00,0.00,0.00,0.00,0.00,0.00,0.00,0.00,0.00,0.00,49038.00,2043.00,67084.18,115.72,0.00,0.00,0.00,0.00,0.00,0.00,0.00,1.00,0.00,0.00,0.00,0.00,0.00,0.00,0.00,0.00,0.00,0.00,0.00,0.00,0.00,0.00,0.00,0.00,0.00,0.00,0.00,0.00,0.00,0.00,723,3,5,0,0,0,49039.00,0.00,4087.00,2044.00,46996.00,2044.00,0.00,0.00,0.00,0.00,0.00,0.00,0.00,0.00,0.00,0.00,0.00,0.00,0.00,0.00,0.00,0.00,0.00,0.00,0.00,0.00,0.00,0.00,0.00,0.00,0.00,0.00,0.00,0.00,0.00,0.00,0.00,0.00,0.00,0.00,0.00,0.00,0.00,0.00,4086.00,2043.00,2043.00,0.00,0.00,0.00,0.00,0.00,0.00,0.00,0.00,3,2,1,0,0.00,0.00,0.00,0.00,0.00,0.00,0.00,0.00,0.00,0.00,0.00,0.00,0.00,0.00,0.00,0.00,0.00,0.00,0.00,0.00,0.00,0.00,0.00,0.00,0.00,0.00,0.00,0.00,0.00,0.00,0.00,0.00,0.00,0.00,0.00,0.00,0.00,0.00,0.00,0.00,0.00,0.00,0.00,0.00,0.00,0.00,0.00,0.00,0.00,0.00,0.00,0.00,0.00,49014.00,0.00,0.00,0.00,0.00,1995.37
0.50,0.00,0.00,0.00,0.00,0.00,8.50,0.00,0.00,91.00,0.00,375.00,0.00,0.00,0.00,0.00,0.00,0.00,23981.00,0.00,0.00,0.00,0.00,0.00,0.00,0.00,0.00,0.00,663648,1139744,1377072,67.48,47672,550052,3740092,183.27,848648,365116,228,616072,100476,7360,28932,0,0,0,0.00,0,0.00,0,0,0.00,26609,7648,36872,0,0,460,0.02,0.01,0.00,0,0.00,0.00,0.00,0.00,0.00,0.00,0.00,0.00,0.00,0.00,0.00,0.00,0.00,0.00,48419.00,2019.00,66231.02,114.36,0.00,0.00,0.00,0.00,0.00,0.00,0.00,1.00,0.00,0.00,0.00,0.00,0.00,0.00,0.00,0.00,0.00,0.00,0.00,0.00,0.00,0.00,0.00,0.00,0.00,0.00,0.00,0.00,0.00,0.00,723,3,5,0,0,0,48387.00,0.00,4035.00,2018.00,46368.00,2016.00,0.00,0.00,0.00,0.00,0.00,0.00,0.00,0.00,0.00,0.00,0.00,0.00,0.00,0.00,0.00,0.00,0.00,0.00,0.00,0.00,0.00,0.00,0.00,0.00,0.00,0.00,0.00,0.00,0.00,0.00,0.00,0.00,0.00,0.00,0.00,0.00,0.00,0.00,4036.00,2019.00,2019.00,0.00,2.00,0.00,0.00,0.00,0.00,0.00,0.00,3,2,1,0,0.00,0.00,0.00,0.00,0.00,0.00,0.00,0.00,0.00,0.00,0.00,0.00,0.00,0.00,0.00,0.00,0.00,0.00,0.00,0.00,0.00,0.00,0.00,0.00,0.00,0.00,0.00,0.00,0.00,0.00,0.00,0.00,0.00,0.00,0.00,0.00,0.00,0.00,0.00,0.00,0.00,0.00,0.00,0.00,0.00,0.00,0.00,0.00,0.00,0.00,0.00,0.00,0.00,48418.00,0.00,0.00,0.00,0.00,1995.37
0.00,0.00,0.00,0.00,0.00,0.00,9.45,0.00,0.00,90.55,0.00,377.00,0.00,0.00,0.00,0.00,0.00,0.00,22988.00,0.00,0.00,0.00,0.00,0.00,0.00,0.00,0.00,0.00,663424,1139520,1377296,67.49,47672,550068,3740092,183.27,848648,365116,244,616072,100476,7360,28932,0,0,0,0.00,0,0.00,0,0,0.00,26609,7648,36872,0,0,460,0.02,0.01,0.00,0,0.00,0.00,0.00,0.00,0.00,0.00,0.00,0.00,0.00,0.00,0.00,0.00,0.00,0.00,47735.00,1990.00,65310.64,112.71,0.00,0.00,0.00,0.00,0.00,0.00,0.00,1.00,0.00,0.00,0.00,0.00,0.00,0.00,0.00,0.00,0.00,0.00,0.00,0.00,0.00,0.00,0.00,0.00,0.00,0.00,0.00,0.00,0.00,0.00,723,3,5,0,0,0,47753.00,0.00,3975.00,1990.00,45767.00,1989.00,0.00,0.00,0.00,0.00,0.00,0.00,0.00,0.00,0.00,0.00,0.00,0.00,0.00,0.00,0.00,0.00,0.00,0.00,0.00,0.00,0.00,0.00,0.00,0.00,0.00,0.00,0.00,0.00,0.00,0.00,0.00,0.00,0.00,0.00,0.00,0.00,0.00,0.00,3976.00,1990.00,1987.00,0.00,1.00,0.00,0.00,0.00,0.00,0.00,0.00,3,2,1,0,0.00,0.00,0.00,0.00,0.00,0.00,0.00,0.00,0.00,0.00,0.00,0.00,0.00,0.00,0.00,0.00,0.00,0.00,0.00,0.00,0.00,0.00,0.00,0.00,0.00,0.00,0.00,0.00,0.00,0.00,0.00,0.00,0.00,0.00,0.00,0.00,0.00,0.00,0.00,0.00,0.00,0.00,0.00,0.00,0.00,0.00,0.00,0.00,0.00,0.00,0.00,0.00,0.00,47760.00,0.00,0.00,0.00,0.00,1995.37
0.00,0.00,0.50,4.00,0.00,0.00,8.50,0.00,0.00,87.00,0.00,396.00,0.00,0.00,0.00,264.00,0.00,0.00,22244.00,0.00,0.00,0.00,0.00,3.00,0.00,3.00,0.00,528.00,663456,1139596,1377264,67.49,47680,550084,3740092,183.27,848660,365148,0,616072,100476,7360,28932,0,0,0,0.00,0,0.00,0,0,0.00,26609,7648,36872,0,0,460,0.02,0.01,0.00,0,0.00,0.00,0.00,0.00,0.00,0.00,3.00,0.00,264.00,88.00,0.00,29.33,0.00,0.00,46080.00,1922.00,63045.00,108.86,0.00,0.00,0.00,0.00,0.00,0.00,0.00,0.00,0.00,0.00,0.00,0.00,0.00,0.00,0.00,0.00,0.00,0.00,0.00,0.00,0.00,0.00,0.00,0.00,0.00,0.00,0.00,0.00,0.00,0.00,723,3,5,0,0,0,46081.00,0.00,3840.00,1922.00,44161.00,1920.00,0.00,0.00,0.00,0.00,0.00,0.00,0.00,0.00,0.00,0.00,0.00,0.00,0.00,0.00,0.00,0.00,0.00,0.00,0.00,0.00,0.00,0.00,0.00,0.00,0.00,0.00,0.00,0.00,0.00,0.00,0.00,0.00,0.00,0.00,0.00,0.00,0.00,0.00,3839.00,1922.00,1919.00,0.00,2.00,0.00,0.00,0.00,0.00,0.00,0.00,3,2,1,0,0.00,0.00,0.00,0.00,0.00,0.00,0.00,0.00,0.00,0.00,0.00,0.00,0.00,0.00,0.00,0.00,0.00,0.00,0.00,0.00,0.00,0.00,0.00,0.00,0.00,0.00,0.00,0.00,0.00,0.00,0.00,0.00,0.00,0.00,0.00,0.00,0.00,0.00,0.00,0.00,0.00,0.00,0.00,0.00,0.00,0.00,0.00,0.00,0.00,0.00,0.00,0.00,0.00,46079.00,0.00,0.00,0.00,0.00,1995.37
0.49,0.00,0.00,0.00,0.49,0.00,10.19,0.00,0.00,88.83,0.00,386.00,0.00,0.00,0.00,0.00,0.00,0.00,21364.00,0.00,0.00,0.00,0.00,0.00,0.00,0.00,0.00,0.00,663552,1139692,1377168,67.48,47680,550100,3740092,183.27,848660,365148,20,616072,100476,7360,28932,0,0,0,0.00,0,0.00,0,0,0.00,26609,7648,36872,0,0,460,0.02,0.01,0.00,0,0.00,0.00,0.00,0.00,0.00,0.00,0.00,0.00,0.00,0.00,0.00,0.00,0.00,0.00,44614.00,1861.00,61041.91,105.41,0.00,0.00,0.00,0.00,0.00,0.00,0.00,1.00,0.00,0.00,0.00,0.00,0.00,0.00,0.00,0.00,0.00,0.00,0.00,0.00,0.00,0.00,0.00,0.00,0.00,0.00,0.00,0.00,0.00,0.00,723,3,5,0,0,0,44593.00,0.00,3716.00,1861.00,42736.00,1859.00,0.00,0.00,0.00,0.00,0.00,0.00,0.00,0.00,0.00,0.00,0.00,0.00,0.00,0.00,0.00,0.00,0.00,0.00,0.00,0.00,0.00,0.00,0.00,0.00,0.00,0.00,0.00,0.00,0.00,0.00,0.00,0.00,0.00,0.00,0.00,0.00,0.00,0.00,3715.00,1860.00,1857.00,0.00,2.00,0.00,0.00,0.00,0.00,0.00,0.00,3,2,1,0,0.00,0.00,0.00,0.00,0.00,0.00,0.00,0.00,0.00,0.00,0.00,0.00,0.00,0.00,0.00,0.00,0.00,0.00,0.00,0.00,0.00,0.00,0.00,0.00,0.00,0.00,0.00,0.00,0.00,0.00,0.00,0.00,0.00,0.00,0.00,0.00,0.00,0.00,0.00,0.00,0.00,0.00,0.00,0.00,0.00,0.00,0.00,0.00,0.00,0.00,0.00,0.00,0.00,44568.00,0.00,0.00,0.00,0.00,1995.37
0.00,0.00,0.00,0.00,0.00,0.00,8.54,0.00,0.00,91.46,0.00,373.00,0.00,0.00,0.00,0.00,0.00,0.00,21460.00,0.00,0.00,0.00,0.00,0.00,0.00,0.00,0.00,0.00,663584,1139724,1377136,67.48,47680,550116,3740092,183.27,848660,365148,36,616072,100476,7360,28932,0,0,0,0.00,0,0.00,0,0,0.00,26609,7648,36872,0,0,460,0.02,0.01,0.00,0,0.00,0.00,0.00,0.00,0.00,0.00,0.00,0.00,0.00,0.00,0.00,0.00,0.00,0.00,43440.00,1813.00,59433.06,102.69,0.00,0.00,0.00,0.00,0.00,0.00,0.00,0.00,0.00,0.00,0.00,0.00,0.00,0.00,0.00,0.00,0.00,0.00,0.00,0.00,0.00,0.00,0.00,0.00,0.00,0.00,0.00,0.00,0.00,0.00,723,3,5,0,0,0,43484.00,0.00,3620.00,1815.00,41676.00,1812.00,0.00,0.00,0.00,0.00,0.00,0.00,0.00,0.00,0.00,0.00,0.00,0.00,0.00,0.00,0.00,0.00,0.00,0.00,0.00,0.00,0.00,0.00,0.00,0.00,0.00,0.00,0.00,0.00,0.00,0.00,0.00,0.00,0.00,0.00,0.00,0.00,0.00,0.00,3623.00,1816.00,1810.00,0.00,3.00,0.00,0.00,0.00,0.00,0.00,0.00,3,2,1,0,0.00,0.00,0.00,0.00,0.00,0.00,0.00,0.00,0.00,0.00,0.00,0.00,0.00,0.00,0.00,0.00,0.00,0.00,0.00,0.00,0.00,0.00,0.00,0.00,0.00,0.00,0.00,0.00,0.00,0.00,0.00,0.00,0.00,0.00,0.00,0.00,0.00,0.00,0.00,0.00,0.00,0.00,0.00,0.00,0.00,0.00,0.00,0.00,0.00,0.00,0.00,0.00,0.00,43537.00,0.00,0.00,0.00,0.00,1995.37
0.50,0.00,0.50,0.00,0.00,0.00,7.04,0.00,0.00,91.96,0.00,354.00,0.00,0.00,0.00,0.00,0.00,0.00,20868.00,0.00,0.00,0.00,0.00,0.00,0.00,0.00,0.00,0.00,663488,1139628,1377232,67.49,47680,550132,3740092,183.27,848660,365148,52,616072,100476,7360,28932,0,0,0,0.00,0,0.00,0,0,0.00,26609,7648,36872,0,0,460,0.02,0.01,0.00,0,0.00,0.00,0.00,0.00,0.00,0.00,0.00,0.00,0.00,0.00,0.00,0.00,0.00,0.00,42634.00,1782.00,58317.18,100.93,0.00,0.00,0.00,0.00,0.00,0.00,0.00,1.00,0.00,0.00,0.00,0.00,0.00,0.00,0.00,0.00,0.00,0.00,0.00,0.00,0.00,0.00,0.00,0.00,0.00,0.00,0.00,0.00,0.00,0.00,723,3,5,0,0,0,42581.00,0.00,3553.00,1780.00,40802.00,1774.00,0.00,0.00,0.00,0.00,0.00,0.00,0.00,0.00,0.00,0.00,0.00,0.00,0.00,0.00,0.00,0.00,0.00,0.00,0.00,0.00,0.00,0.00,0.00,0.00,0.00,0.00,0.00,0.00,0.00,0.00,0.00,0.00,0.00,0.00,0.00,0.00,0.00,0.00,3551.00,1779.00,1778.00,0.00,6.00,0.00,0.00,0.00,0.00,0.00,0.00,3,2,1,0,0.00,0.00,0.00,0.00,0.00,0.00,0.00,0.00,0.00,0.00,0.00,0.00,0.00,0.00,0.00,0.00,0.00,0.00,0.00,0.00,0.00,0.00,0.00,0.00,0.00,0.00,0.00,0.00,0.00,0.00,0.00,0.00,0.00,0.00,0.00,0.00,0.00,0.00,0.00,0.00,0.00,0.00,0.00,0.00,0.00,0.00,0.00,0.00,0.00,0.00,0.00,0.00,0.00,42560.00,0.00,0.00,0.00,0.00,1995.37
0.00,0.00,0.00,0.00,0.00,0.00,8.96,0.00,0.00,91.04,0.00,389.00,0.00,0.00,0.00,0.00,0.00,0.00,20980.00,0.00,0.00,0.00,0.00,0.00,0.00,0.00,0.00,0.00,663396,1139592,1377324,67.49,47680,550148,3740092,183.27,848660,365204,68,616072,100476,7360,28932,0,0,0,0.00,0,0.00,0,0,0.00,26609,7648,36872,0,0,460,0.02,0.01,0.00,0,0.00,0.00,0.00,0.00,0.00,0.00,0.00,0.00,0.00,0.00,0.00,0.00,0.00,0.00,42414.00,1770.00,58021.45,100.24,0.00,0.00,0.00,0.00,0.00,0.00,0.00,0.00,0.00,0.00,0.00,0.00,0.00,0.00,0.00,0.00,0.00,0.00,0.00,0.00,0.00,0.00,0.00,0.00,0.00,0.00,0.00,0.00,0.00,0.00,723,3,5,0,1,0,42431.00,0.00,3534.00,1769.00,40664.00,1768.00,0.00,0.00,0.00,0.00,0.00,0.00,0.00,0.00,0.00,0.00,0.00,0.00,0.00,0.00,0.00,0.00,0.00,0.00,0.00,0.00,0.00,0.00,0.00,0.00,0.00,0.00,0.00,0.00,0.00,0.00,0.00,0.00,0.00,0.00,0.00,0.00,0.00,0.00,3535.00,1770.00,1767.00,0.00,2.00,0.00,0.00,0.00,0.00,0.00,0.00,3,2,1,0,0.00,0.00,0.00,0.00,0.00,0.00,0.00,0.00,0.00,0.00,0.00,0.00,0.00,0.00,0.00,0.00,0.00,0.00,0.00,0.00,0.00,0.00,0.00,0.00,0.00,0.00,0.00,0.00,0.00,0.00,0.00,0.00,0.00,0.00,0.00,0.00,0.00,0.00,0.00,0.00,0.00,0.00,0.00,0.00,0.00,0.00,0.00,0.00,0.00,0.00,0.00,0.00,0.00,42413.00,0.00,0.00,0.00,0.00,1995.37
0.00,0.00,0.00,2.54,0.00,0.00,7.11,0.00,0.00,90.36,0.00,373.00,0.00,0.00,0.00,20.00,0.00,0.00,20844.00,0.00,0.00,0.00,0.00,2.00,0.00,2.00,0.00,40.00,663396,1139596,1377324,67.49,47688,550164,3740092,183.27,848660,365204,92,616072,100480,7360,28932,0,0,0,0.00,0,0.00,0,0,0.00,26609,7648,36872,0,0,460,0.02,0.01,0.00,0,0.00,0.00,0.00,0.00,0.00,0.00,2.00,0.00,20.00,10.00,0.00,24.00,0.00,0.00,41889.00,1746.00,57299.22,98.89,0.00,0.00,0.00,0.00,0.00,0.00,0.00,1.00,0.00,0.00,0.00,0.00,0.00,0.00,0.00,0.00,0.00,0.00,0.00,0.00,0.00,0.00,0.00,0.00,0.00,0.00,0.00,0.00,0.00,0.00,723,3,5,0,0,0,41883.00,0.00,3494.00,1747.00,40135.00,1745.00,0.00,0.00,0.00,0.00,0.00,0.00,0.00,0.00,0.00,0.00,0.00,0.00,0.00,0.00,0.00,0.00,0.00,0.00,0.00,0.00,0.00,0.00,0.00,0.00,0.00,0.00,0.00,0.00,0.00,0.00,0.00,0.00,0.00,0.00,0.00,0.00,0.00,0.00,3494.00,1747.00,1748.00,0.00,1.00,0.00,0.00,0.00,0.00,0.00,0.00,3,2,1,0,0.00,0.00,0.00,0.00,0.00,0.00,0.00,0.00,0.00,0.00,0.00,0.00,0.00,0.00,0.00,0.00,0.00,0.00,0.00,0.00,0.00,0.00,0.00,0.00,0.00,0.00,0.00,0.00,0.00,0.00,0.00,0.00,0.00,0.00,0.00,0.00,0.00,0.00,0.00,0.00,0.00,0.00,0.00,0.00,0.00,0.00,0.00,0.00,0.00,0.00,0.00,0.00,0.00,41937.00,0.00,0.00,0.00,0.00,1995.37
0.49,0.00,0.49,0.00,0.49,0.00,7.88,0.00,0.00,90.64,0.00,375.00,0.00,0.00,0.00,0.00,0.00,0.00,19476.00,0.00,0.00,0.00,0.00,0.00,0.00,0.00,0.00,0.00,663364,1139564,1377356,67.49,47688,550176,3740092,183.27,848660,365204,104,616072,100480,7360,28932,0,0,0,0.00,0,0.00,0,0,0.00,26609,7648,36872,0,0,460,0.02,0.01,0.00,0,0.00,0.00,0.00,0.00,0.00,0.00,0.00,0.00,0.00,0.00,0.00,0.00,0.00,0.00,40424.00,1685.00,55296.19,95.44,0.00,0.00,0.00,0.00,0.00,0.00,0.00,0.00,0.00,0.00,0.00,0.00,0.00,0.00,0.00,0.00,0.00,0.00,0.00,0.00,0.00,0.00,0.00,0.00,0.00,0.00,0.00,0.00,0.00,0.00,723,3,5,0,0,0,40416.00,0.00,3367.00,1684.00,38732.00,1683.00,0.00,0.00,0.00,0.00,0.00,0.00,0.00,0.00,0.00,0.00,0.00,0.00,0.00,0.00,0.00,0.00,0.00,0.00,0.00,0.00,0.00,0.00,0.00,0.00,0.00,0.00,0.00,0.00,0.00,0.00,0.00,0.00,0.00,0.00,0.00,0.00,0.00,0.00,3366.00,1684.00,1684.00,0.00,1.00,0.00,0.00,0.00,0.00,0.00,0.00,3,2,1,0,0.00,0.00,0.00,0.00,0.00,0.00,0.00,0.00,0.00,0.00,0.00,0.00,0.00,0.00,0.00,0.00,0.00,0.00,0.00,0.00,0.00,0.00,0.00,0.00,0.00,0.00,0.00,0.00,0.00,0.00,0.00,0.00,0.00,0.00,0.00,0.00,0.00,0.00,0.00,0.00,0.00,0.00,0.00,0.00,0.00,0.00,0.00,0.00,0.00,0.00,0.00,0.00,0.00,40400.00,0.00,0.00,0.00,0.00,1995.37
0.00,0.00,0.51,0.00,0.00,0.00,7.07,0.00,0.00,92.42,0.00,363.00,0.00,0.00,0.00,0.00,0.00,0.00,19229.00,0.00,0.00,0.00,0.00,0.00,0.00,0.00,0.00,0.00,663460,1139716,1377260,67.49,47688,550192,3740092,183.27,848668,365252,120,616072,100480,7360,28932,0,0,0,0.00,0,0.00,0,0,0.00,26609,7648,36872,0,0,460,0.02,0.01,0.00,0,0.00,0.00,0.00,0.00,0.00,0.00,0.00,0.00,0.00,0.00,0.00,0.00,0.00,0.00,39126.00,1631.00,53522.93,92.38,0.00,0.00,0.00,0.00,0.00,0.00,0.00,1.00,0.00,0.00,0.00,0.00,0.00,0.00,0.00,0.00,0.00,0.00,0.00,0.00,0.00,0.00,0.00,0.00,0.00,0.00,0.00,0.00,0.00,0.00,723,3,5,0,1,0,39120.00,0.00,3260.00,1631.00,37490.00,1631.00,0.00,0.00,0.00,0.00,0.00,0.00,0.00,0.00,0.00,0.00,0.00,0.00,0.00,0.00,0.00,0.00,0.00,0.00,0.00,0.00,0.00,0.00,0.00,0.00,0.00,0.00,0.00,0.00,0.00,0.00,0.00,0.00,0.00,0.00,0.00,0.00,0.00,0.00,3261.00,1631.00,1630.00,0.00,1.00,0.00,0.00,0.00,0.00,0.00,0.00,3,2,1,0,0.00,0.00,0.00,0.00,0.00,0.00,0.00,0.00,0.00,0.00,0.00,0.00,0.00,0.00,0.00,0.00,0.00,0.00,0.00,0.00,0.00,0.00,0.00,0.00,0.00,0.00,0.00,0.00,0.00,0.00,0.00,0.00,0.00,0.00,0.00,0.00,0.00,0.00,0.00,0.00,0.00,0.00,0.00,0.00,0.00,0.00,0.00,0.00,0.00,0.00,0.00,0.00,0.00,39103.00,0.00,0.00,0.00,0.00,1995.37
0.51,0.00,0.00,0.00,0.00,0.00,6.09,0.00,0.00,93.40,0.00,344.00,0.00,0.00,0.00,0.00,0.00,0.00,18389.00,0.00,0.00,0.00,0.00,0.00,0.00,0.00,0.00,0.00,663364,1139620,1377356,67.49,47688,550208,3740092,183.27,848668,365252,136,616072,100480,7360,28932,0,0,0,0.00,0,0.00,0,0,0.00,26609,7648,36872,0,0,460,0.02,0.01,0.00,0,0.00,0.00,0.00,0.00,0.00,0.00,0.00,0.00,0.00,0.00,0.00,0.00,0.00,0.00,38353.00,1598.00,52471.89,90.51,0.00,0.00,0.00,0.00,0.00,0.00,0.00,0.00,0.00,0.00,0.00,0.00,0.00,0.00,0.00,0.00,0.00,0.00,0.00,0.00,0.00,0.00,0.00,0.00,0.00,0.00,0.00,0.00,0.00,0.00,723,3,5,0,0,0,38330.00,0.00,3197.00,1598.00,36731.00,1597.00,0.00,0.00,0.00,0.00,0.00,0.00,0.00,0.00,0.00,0.00,0.00,0.00,0.00,0.00,0.00,0.00,0.00,0.00,0.00,0.00,0.00,0.00,0.00,0.00,0.00,0.00,0.00,0.00,0.00,0.00,0.00,0.00,0.00,0.00,0.00,0.00,0.00,0.00,3195.00,1597.00,1598.00,0.00,0.00,0.00,0.00,0.00,0.00,0.00,0.00,3,2,1,0,0.00,0.00,0.00,0.00,0.00,0.00,0.00,0.00,0.00,0.00,0.00,0.00,0.00,0.00,0.00,0.00,0.00,0.00,0.00,0.00,0.00,0.00,0.00,0.00,0.00,0.00,0.00,0.00,0.00,0.00,0.00,0.00,0.00,0.00,0.00,0.00,0.00,0.00,0.00,0.00,0.00,0.00,0.00,0.00,0.00,0.00,0.00,0.00,0.00,0.00,0.00,0.00,0.00,38344.00,0.00,0.00,0.00,0.00,1995.37
0.00,0.00,0.50,0.00,0.00,0.00,7.96,0.00,0.00,91.54,0.00,365.00,0.00,0.00,0.00,0.00,0.00,0.00,17764.00,0.00,0.00,0.00,0.00,0.00,0.00,0.00,0.00,0.00,663492,1139748,1377228,67.49,47688,550224,3740092,183.27,848668,365252,152,616072,100480,7360,28932,0,0,0,0.00,0,0.00,0,0,0.00,26609,7648,36872,0,0,460,0.02,0.01,0.00,0,0.00,0.00,0.00,0.00,0.00,0.00,0.00,0.00,0.00,0.00,0.00,0.00,0.00,0.00,37107.00,1546.00,50764.53,87.57,0.00,0.00,0.00,0.00,0.00,0.00,0.00,1.00,0.00,0.00,0.00,0.00,0.00,0.00,0.00,0.00,0.00,0.00,0.00,0.00,0.00,0.00,0.00,0.00,0.00,0.00,0.00,0.00,0.00,0.00,723,3,5,0,0,0,37124.00,0.00,3093.00,1546.00,35576.00,1546.00,0.00,0.00,0.00,0.00,0.00,0.00,0.00,0.00,0.00,0.00,0.00,0.00,0.00,0.00,0.00,0.00,0.00,0.00,0.00,0.00,0.00,0.00,0.00,0.00,0.00,0.00,0.00,0.00,0.00,0.00,0.00,0.00,0.00,0.00,0.00,0.00,0.00,0.00,3094.00,1547.00,1547.00,0.00,0.00,0.00,0.00,0.00,0.00,0.00,0.00,3,2,1,0,0.00,0.00,0.00,0.00,0.00,0.00,0.00,0.00,0.00,0.00,0.00,0.00,0.00,0.00,0.00,0.00,0.00,0.00,0.00,0.00,0.00,0.00,0.00,0.00,0.00,0.00,0.00,0.00,0.00,0.00,0.00,0.00,0.00,0.00,0.00,0.00,0.00,0.00,0.00,0.00,0.00,0.00,0.00,0.00,0.00,0.00,0.00,0.00,0.00,0.00,0.00,0.00,0.00,37117.00,0.00,0.00,0.00,0.00,1995.37
0.49,0.00,0.49,2.44,0.49,0.00,8.78,0.00,0.00,87.32,0.00,398.00,0.00,0.00,0.00,12.00,0.00,0.00,18484.00,0.00,0.00,0.00,0.00,2.00,0.00,2.00,0.00,24.00,663332,1139644,1377388,67.50,47696,550240,3740092,183.27,848676,365300,168,616072,100480,7360,28932,0,0,0,0.00,0,0.00,0,0,0.00,26609,7648,36872,0,0,460,0.02,0.01,0.00,0,0.00,0.00,0.00,0.00,0.00,0.00,2.00,0.00,12.00,6.00,0.00,26.00,0.00,0.00,36941.00,1539.00,50534.80,87.17,0.00,0.00,0.00,0.00,0.00,0.00,0.00,0.00,0.00,0.00,0.00,0.00,0.00,0.00,0.00,0.00,0.00,0.00,0.00,0.00,0.00,0.00,0.00,0.00,0.00,0.00,0.00,0.00,0.00,0.00,723,3,5,0,0,0,36940.00,0.00,3079.00,1540.00,35402.00,1540.00,0.00,0.00,0.00,0.00,0.00,0.00,0.00,0.00,0.00,0.00,0.00,0.00,0.00,0.00,0.00,0.00,0.00,0.00,0.00,0.00,0.00,0.00,0.00,0.00,0.00,0.00,0.00,0.00,0.00,0.00,0.00,0.00,0.00,0.00,0.00,0.00,0.00,0.00,3080.00,1540.00,1540.00,0.00,0.00,0.00,0.00,0.00,0.00,0.00,0.00,3,2,1,0,0.00,0.00,0.00,0.00,0.00,0.00,0.00,0.00,0.00,0.00,0.00,0.00,0.00,0.00,0.00,0.00,0.00,0.00,0.00,0.00,0.00,0.00,0.00,0.00,0.00,0.00,0.00,0.00,0.00,0.00,0.00,0.00,0.00,0.00,0.00,0.00,0.00,0.00,0.00,0.00,0.00,0.00,0.00,0.00,0.00,0.00,0.00,0.00,0.00,0.00,0.00,0.00,0.00,36965.00,0.00,0.00,0.00,0.00,1995.37
0.00,0.00,0.00,0.00,0.00,0.00,5.64,0.00,0.00,94.36,0.00,343.00,0.00,0.00,0.00,0.00,0.00,0.00,17483.00,0.00,0.00,0.00,0.00,0.00,0.00,0.00,0.00,0.00,663328,1139644,1377392,67.50,47696,550256,3740092,183.27,848676,365300,184,616072,100488,7360,28932,0,0,0,0.00,0,0.00,0,0,0.00,26609,7648,36872,0,0,460,0.01,0.01,0.00,0,0.00,0.00,0.00,0.00,0.00,0.00,0.00,0.00,0.00,0.00,0.00,0.00,0.00,0.00,35618.00,1484.00,48728.65,84.05,0.00,0.00,0.00,0.00,0.00,0.00,0.00,1.00,0.00,0.00,0.00,0.00,0.00,0.00,0.00,0.00,0.00,0.00,0.00,0.00,0.00,0.00,0.00,0.00,0.00,0.00,0.00,0.00,0.00,0.00,723,3,5,0,0,0,35591.00,0.00,2965.00,1483.00,34109.00,1483.00,0.00,0.00,0.00,0.00,0.00,0.00,0.00,0.00,0.00,0.00,0.00,0.00,0.00,0.00,0.00,0.00,0.00,0.00,0.00,0.00,0.00,0.00,0.00,0.00,0.00,0.00,0.00,0.00,0.00,0.00,0.00,0.00,0.00,0.00,0.00,0.00,0.00,0.00,2963.00,1482.00,1481.00,0.00,0.00,0.00,0.00,0.00,0.00,0.00,0.00,3,2,1,0,0.00,0.00,0.00,0.00,0.00,0.00,0.00,0.00,0.00,0.00,0.00,0.00,0.00,0.00,0.00,0.00,0.00,0.00,0.00,0.00,0.00,0.00,0.00,0.00,0.00,0.00,0.00,0.00,0.00,0.00,0.00,0.00,0.00,0.00,0.00,0.00,0.00,0.00,0.00,0.00,0.00,0.00,0.00,0.00,0.00,0.00,0.00,0.00,0.00,0.00,0.00,0.00,0.00,35592.00,0.00,0.00,0.00,0.00,1995.37
0.49,0.00,0.49,0.00,0.00,0.00,8.33,0.00,0.00,90.69,0.00,358.00,0.00,0.00,0.00,0.00,0.00,0.00,16603.00,0.00,0.00,0.00,0.00,0.00,0.00,0.00,0.00,0.00,663356,1139672,1377364,67.49,47696,550272,3740092,183.27,848676,365300,200,616072,100488,7360,28932,0,0,0,0.00,0,0.00,0,0,0.00,26609,7648,36872,0,0,460,0.01,0.01,0.00,0,0.00,0.00,0.00,0.00,0.00,0.00,0.00,0.00,0.00,0.00,0.00,0.00,0.00,0.00,34369.00,1434.00,47021.13,81.22,0.00,0.00,0.00,0.00,0.00,0.00,0.00,0.00,0.00,0.00,0.00,0.00,0.00,0.00,0.00,0.00,0.00,0.00,0.00,0.00,0.00,0.00,0.00,0.00,0.00,0.00,0.00,0.00,0.00,0.00,723,3,5,0,0,0,34367.00,0.00,2863.00,1434.00,32936.00,1432.00,0.00,0.00,0.00,0.00,0.00,0.00,0.00,0.00,0.00,0.00,0.00,0.00,0.00,0.00,0.00,0.00,0.00,0.00,0.00,0.00,0.00,0.00,0.00,0.00,0.00,0.00,0.00,0.00,0.00,0.00,0.00,0.00,0.00,0.00,0.00,0.00,0.00,0.00,2865.00,1435.00,1432.00,0.00,2.00,0.00,0.00,0.00,0.00,0.00,0.00,3,2,1,0,0.00,0.00,0.00,0.00,0.00,0.00,0.00,0.00,0.00,0.00,0.00,0.00,0.00,0.00,0.00,0.00,0.00,0.00,0.00,0.00,0.00,0.00,0.00,0.00,0.00,0.00,0.00,0.00,0.00,0.00,0.00,0.00,0.00,0.00,0.00,0.00,0.00,0.00,0.00,0.00,0.00,0.00,0.00,0.00,0.00,0.00,0.00,0.00,0.00,0.00,0.00,0.00,0.00,34347.00,0.00,0.00,0.00,0.00,1995.37
0.00,0.00,0.00,0.00,0.00,0.00,5.64,0.00,0.00,94.36,0.00,326.00,0.00,0.00,0.00,0.00,0.00,0.00,16916.00,0.00,0.00,0.00,0.00,0.00,0.00,0.00,0.00,0.00,663388,1139704,1377332,67.49,47696,550288,3740092,183.27,848676,365300,216,616072,100488,7360,28932,0,0,0,0.00,0,0.00,0,0,0.00,26609,7648,36872,0,0,460,0.01,0.01,0.00,0,0.00,0.00,0.00,0.00,0.00,0.00,0.00,0.00,0.00,0.00,0.00,0.00,0.00,0.00,33461.00,1395.00,45773.58,79.00,0.00,0.00,0.00,0.00,0.00,0.00,0.00,1.00,0.00,0.00,0.00,0.00,0.00,0.00,0.00,0.00,0.00,0.00,0.00,0.00,0.00,0.00,0.00,0.00,0.00,0.00,0.00,0.00,0.00,0.00,723,3,5,0,0,0,33457.00,0.00,2789.00,1394.00,32062.00,1394.00,0.00,0.00,0.00,0.00,0.00,0.00,0.00,0.00,0.00,0.00,0.00,0.00,0.00,0.00,0.00,0.00,0.00,0.00,0.00,0.00,0.00,0.00,0.00,0.00,0.00,0.00,0.00,0.00,0.00,0.00,0.00,0.00,0.00,0.00,0.00,0.00,0.00,0.00,2788.00,1393.00,1395.00,0.00,0.00,0.00,0.00,0.00,0.00,0.00,0.00,3,2,1,0,0.00,0.00,0.00,0.00,0.00,0.00,0.00,0.00,0.00,0.00,0.00,0.00,0.00,0.00,0.00,0.00,0.00,0.00,0.00,0.00,0.00,0.00,0.00,0.00,0.00,0.00,0.00,0.00,0.00,0.00,0.00,0.00,0.00,0.00,0.00,0.00,0.00,0.00,0.00,0.00,0.00,0.00,0.00,0.00,0.00,0.00,0.00,0.00,0.00,0.00,0.00,0.00,0.00,33460.00,0.00,0.00,0.00,0.00,1995.37
0.00,0.00,0.00,0.00,0.50,0.00,7.92,0.00,0.00,91.58,0.00,366.00,0.00,0.00,0.00,0.00,0.00,0.00,16404.00,0.00,0.00,0.00,0.00,0.00,0.00,0.00,0.00,0.00,663356,1139728,1377364,67.49,47696,550304,3740092,183.27,848676,365356,232,616072,100492,7360,28932,0,0,0,0.00,0,0.00,0,0,0.00,26609,7648,36872,0,0,460,0.01,0.01,0.00,0,0.00,0.00,0.00,0.00,0.00,0.00,0.00,0.00,0.00,0.00,0.00,0.00,0.00,0.00,32911.00,1372.00,45018.49,77.71,0.00,0.00,0.00,0.00,0.00,0.00,0.00,0.00,0.00,0.00,0.00,0.00,0.00,0.00,0.00,0.00,0.00,0.00,0.00,0.00,0.00,0.00,0.00,0.00,0.00,0.00,0.00,0.00,0.00,0.00,723,3,5,0,0,0,32904.00,0.00,2742.00,1372.00,31533.00,1371.00,0.00,0.00,0.00,0.00,0.00,0.00,0.00,0.00,0.00,0.00,0.00,0.00,0.00,0.00,0.00,0.00,0.00,0.00,0.00,0.00,0.00,0.00,0.00,0.00,0.00,0.00,0.00,0.00,0.00,0.00,0.00,0.00,0.00,0.00,0.00,0.00,0.00,0.00,2741.00,1372.00,1371.00,0.00,1.00,0.00,0.00,0.00,0.00,0.00,0.00,3,2,1,0,0.00,0.00,0.00,0.00,0.00,0.00,0.00,0.00,0.00,0.00,0.00,0.00,0.00,0.00,0.00,0.00,0.00,0.00,0.00,0.00,0.00,0.00,0.00,0.00,0.00,0.00,0.00,0.00,0.00,0.00,0.00,0.00,0.00,0.00,0.00,0.00,0.00,0.00,0.00,0.00,0.00,0.00,0.00,0.00,0.00,0.00,0.00,0.00,0.00,0.00,0.00,0.00,0.00,32913.00,0.00,0.00,0.00,0.00,1995.37
0.00,0.00,0.50,0.50,0.00,0.00,7.46,0.00,0.00,91.54,0.00,365.00,0.00,0.00,0.00,8.00,0.00,0.00,15492.00,0.00,0.00,0.00,0.00,0.00,0.00,0.00,0.00,0.00,663420,1139792,1377300,67.49,47700,550316,3740092,183.27,848676,365356,244,616072,100492,7360,28932,0,0,0,0.00,0,0.00,0,0,0.00,26609,7648,36872,0,0,460,0.01,0.01,0.00,1,0.00,0.00,0.00,0.00,0.00,0.00,0.00,0.00,0.00,0.00,0.01,0.00,0.00,1.20,30895.00,1288.00,42260.25,72.95,0.00,0.00,0.00,0.00,0.00,0.00,0.00,1.00,0.00,0.00,0.00,0.00,0.00,0.00,0.00,0.00,0.00,0.00,0.00,0.00,0.00,0.00,0.00,0.00,0.00,0.00,0.00,0.00,0.00,0.00,723,3,5,0,0,0,30889.00,0.00,2575.00,1288.00,29601.00,1287.00,0.00,0.00,0.00,0.00,0.00,0.00,0.00,0.00,0.00,0.00,0.00,0.00,0.00,0.00,0.00,0.00,0.00,0.00,0.00,0.00,0.00,0.00,0.00,0.00,0.00,0.00,0.00,0.00,0.00,0.00,0.00,0.00,0.00,0.00,0.00,0.00,0.00,0.00,2576.00,1289.00,1287.00,0.00,1.00,0.00,0.00,0.00,0.00,0.00,0.00,3,2,1,0,0.00,0.00,0.00,0.00,0.00,0.00,0.00,0.00,0.00,0.00,0.00,0.00,0.00,0.00,0.00,0.00,0.00,0.00,0.00,0.00,0.00,0.00,0.00,0.00,0.00,0.00,0.00,0.00,0.00,0.00,0.00,0.00,0.00,0.00,0.00,0.00,0.00,0.00,0.00,0.00,0.00,0.00,0.00,0.00,0.00,0.00,0.00,0.00,0.00,0.00,0.00,0.00,0.00,30916.00,0.00,0.00,0.00,0.00,1995.37
0.49,0.00,0.49,1.97,0.49,0.00,6.90,0.00,0.00,89.66,0.00,381.00,0.00,0.00,0.00,4.00,0.00,0.00,14820.00,0.00,0.00,0.00,0.00,2.00,0.00,2.00,0.00,24.00,663484,1139856,1377236,67.49,47704,550332,3740092,183.27,848676,365356,260,616072,100492,7360,28932,0,0,0,0.00,0,0.00,0,0,0.00,26609,7648,36872,0,0,460,0.01,0.01,0.00,0,0.00,0.00,0.00,0.00,0.00,0.00,2.00,0.00,12.00,6.00,0.00,30.00,0.00,0.00,30556.00,1273.00,41800.39,72.10,0.00,0.00,0.00,0.00,0.00,0.00,0.00,0.00,0.00,0.00,0.00,0.00,0.00,0.00,0.00,0.00,0.00,0.00,0.00,0.00,0.00,0.00,0.00,0.00,0.00,0.00,0.00,0.00,0.00,0.00,723,3,5,0,0,0,30574.00,0.00,2546.00,1274.00,29302.00,1274.00,0.00,0.00,0.00,0.00,0.00,0.00,0.00,0.00,0.00,0.00,0.00,0.00,0.00,0.00,0.00,0.00,0.00,0.00,0.00,0.00,0.00,0.00,0.00,0.00,0.00,0.00,0.00,0.00,0.00,0.00,0.00,0.00,0.00,0.00,0.00,0.00,0.00,0.00,2547.00,1274.00,1273.00,0.00,0.00,0.00,0.00,0.00,0.00,0.00,0.00,3,2,1,0,0.00,0.00,0.00,0.00,0.00,0.00,0.00,0.00,0.00,0.00,0.00,0.00,0.00,0.00,0.00,0.00,0.00,0.00,0.00,0.00,0.00,0.00,0.00,0.00,0.00,0.00,0.00,0.00,0.00,0.00,0.00,0.00,0.00,0.00,0.00,0.00,0.00,0.00,0.00,0.00,0.00,0.00,0.00,0.00,0.00,0.00,0.00,0.00,0.00,0.00,0.00,0.00,0.00,30581.00,0.00,0.00,0.00,0.00,1995.37
0.50,0.00,0.00,0.00,0.00,0.00,6.53,0.00,0.00,92.96,0.00,412.00,0.00,0.00,0.00,0.00,0.00,0.00,14642.00,0.00,0.00,0.00,0.00,0.00,0.00,0.00,0.00,0.00,663264,1139640,1377456,67.50,47704,550348,3740092,183.27,848676,365356,276,616072,100496,7360,28932,0,0,0,0.00,0,0.00,0,0,0.00,26609,7648,36872,0,0,460,0.01,0.01,0.00,0,0.00,0.00,0.00,0.00,0.00,0.00,0.00,0.00,0.00,0.00,0.00,0.00,0.00,0.00,29885.00,1246.00,40881.04,70.57,0.00,0.00,0.00,0.00,0.00,0.00,0.00,1.00,0.00,0.00,0.00,0.00,0.00,0.00,0.00,0.00,0.00,0.00,0.00,0.00,0.00,0.00,0.00,0.00,0.00,0.00,0.00,0.00,0.00,0.00,723,3,5,0,0,0,29857.00,0.00,2489.00,1245.00,28612.00,1244.00,0.00,0.00,0.00,0.00,0.00,0.00,0.00,0.00,0.00,0.00,0.00,0.00,0.00,0.00,0.00,0.00,0.00,0.00,0.00,0.00,0.00,0.00,0.00,0.00,0.00,0.00,0.00,0.00,0.00,0.00,0.00,0.00,0.00,0.00,0.00,0.00,0.00,0.00,2488.00,1245.00,1244.00,0.00,1.00,0.00,0.00,0.00,0.00,0.00,0.00,3,2,1,0,0.00,0.00,0.00,0.00,0.00,0.00,0.00,0.00,0.00,0.00,0.00,0.00,0.00,0.00,0.00,0.00,0.00,0.00,0.00,0.00,0.00,0.00,0.00,0.00,0.00,0.00,0.00,0.00,0.00,0.00,0.00,0.00,0.00,0.00,0.00,0.00,0.00,0.00,0.00,0.00,0.00,0.00,0.00,0.00,0.00,0.00,0.00,0.00,0.00,0.00,0.00,0.00,0.00,29862.00,0.00,0.00,0.00,0.00,1995.37
0.99,0.00,0.50,0.00,0.00,0.00,6.93,0.00,0.00,91.58,0.00,358.00,0.00,0.00,0.00,0.00,0.00,0.00,14581.00,0.00,0.00,0.00,0.00,0.00,0.00,0.00,0.00,0.00,663296,1139672,1377424,67.50,47704,550364,3740092,183.27,848676,365356,292,616072,100496,7360,28932,0,0,0,0.00,0,0.00,0,0,0.00,26609,7648,36872,0,0,460,0.01,0.01,0.00,0,0.00,0.00,0.00,0.00,0.00,0.00,0.00,0.00,0.00,0.00,0.00,0.00,0.00,0.00,29434.00,1227.00,40257.45,69.50,0.00,0.00,0.00,0.00,0.00,0.00,0.00,0.00,0.00,0.00,0.00,0.00,0.00,0.00,0.00,0.00,0.00,0.00,0.00,0.00,0.00,0.00,0.00,0.00,0.00,0.00,0.00,0.00,0.00,0.00,723,3,5,0,0,0,29446.00,0.00,2452.00,1228.00,28221.00,1227.00,0.00,0.00,0.00,0.00,0.00,0.00,0.00,0.00,0.00,0.00,0.00,0.00,0.00,0.00,0.00,0.00,0.00,0.00,0.00,0.00,0.00,0.00,0.00,0.00,0.00,0.00,0.00,0.00,0.00,0.00,0.00,0.00,0.00,0.00,0.00,0.00,0.00,0.00,2453.00,1228.00,1226.00,0.00,1.00,0.00,0.00,0.00,0.00,0.00,0.00,3,2,1,0,0.00,0.00,0.00,0.00,0.00,0.00,0.00,0.00,0.00,0.00,0.00,0.00,0.00,0.00,0.00,0.00,0.00,0.00,0.00,0.00,0.00,0.00,0.00,0.00,0.00,0.00,0.00,0.00,0.00,0.00,0.00,0.00,0.00,0.00,0.00,0.00,0.00,0.00,0.00,0.00,0.00,0.00,0.00,0.00,0.00,0.00,0.00,0.00,0.00,0.00,0.00,0.00,0.00,29456.00,0.00,0.00,0.00,0.00,1995.37
0.00,0.00,0.00,0.00,0.49,0.00,7.88,0.00,0.00,91.63,0.00,351.00,0.00,0.00,0.00,0.00,0.00,0.00,14292.00,0.00,0.00,0.00,0.00,0.00,0.00,0.00,0.00,0.00,663264,1139640,1377456,67.50,47704,550380,3740092,183.27,848676,365356,308,616072,100496,7360,28932,0,0,0,0.00,0,0.00,0,0,0.00,26609,7648,36872,0,0,460,0.01,0.01,0.00,0,0.00,0.00,0.00,0.00,0.00,0.00,0.00,0.00,0.00,0.00,0.00,0.00,0.00,0.00,28926.00,1206.00,39567.69,68.31,0.00,0.00,0.00,0.00,0.00,0.00,0.00,3.00,0.00,0.00,0.00,0.00,0.00,0.00,0.00,0.00,0.00,0.00,0.00,0.00,0.00,0.00,0.00,0.00,0.00,0.00,0.00,0.00,0.00,0.00,723,3,5,0,0,0,28898.00,0.00,2410.00,1205.00,27692.00,1204.00,0.00,0.00,0.00,0.00,0.00,0.00,0.00,0.00,0.00,0.00,0.00,0.00,0.00,0.00,0.00,0.00,0.00,0.00,0.00,0.00,0.00,0.00,0.00,0.00,0.00,0.00,0.00,0.00,0.00,0.00,0.00,0.00,0.00,0.00,0.00,0.00,0.00,0.00,2409.00,1205.00,1205.00,0.00,1.00,0.00,0.00,0.00,0.00,0.00,0.00,3,2,1,0,0.00,0.00,0.00,0.00,0.00,0.00,0.00,0.00,0.00,0.00,0.00,0.00,0.00,0.00,0.00,0.00,0.00,0.00,0.00,0.00,0.00,0.00,0.00,0.00,0.00,0.00,0.00,0.00,0.00,0.00,0.00,0.00,0.00,0.00,0.00,0.00,0.00,0.00,0.00,0.00,0.00,0.00,0.00,0.00,0.00,0.00,0.00,0.00,0.00,0.00,0.00,0.00,0.00,28880.00,0.00,0.00,0.00,0.00,1995.37
0.00,0.00,0.00,0.00,0.00,0.00,6.50,0.00,0.00,93.50,0.00,327.00,0.00,0.00,0.00,0.00,0.00,0.00,13316.00,0.00,0.00,0.00,0.00,0.00,0.00,0.00,0.00,0.00,663264,1139696,1377456,67.50,47704,550396,3740092,183.27,848676,365412,324,616072,100496,7360,28932,0,0,0,0.00,0,0.00,0,0,0.00,26609,7648,36872,0,0,460,0.01,0.01,0.00,0,0.00,0.00,0.00,0.00,0.00,0.00,0.00,0.00,0.00,0.00,0.00,0.00,0.00,0.00,26955.00,1123.00,36874.93,63.61,0.00,0.00,0.00,0.00,0.00,0.00,0.00,0.00,0.00,0.00,0.00,0.00,0.00,0.00,0.00,0.00,0.00,0.00,0.00,0.00,0.00,0.00,0.00,0.00,0.00,0.00,0.00,0.00,0.00,0.00,723,3,5,0,0,0,26974.00,0.00,2246.00,1124.00,25852.00,1124.00,0.00,0.00,0.00,0.00,0.00,0.00,0.00,0.00,0.00,0.00,0.00,0.00,0.00,0.00,0.00,0.00,0.00,0.00,0.00,0.00,0.00,0.00,0.00,0.00,0.00,0.00,0.00,0.00,0.00,0.00,0.00,0.00,0.00,0.00,0.00,0.00,0.00,0.00,2246.00,1123.00,1123.00,0.00,0.00,0.00,0.00,0.00,0.00,0.00,0.00,3,2,1,0,0.00,0.00,0.00,0.00,0.00,0.00,0.00,0.00,0.00,0.00,0.00,0.00,0.00,0.00,0.00,0.00,0.00,0.00,0.00,0.00,0.00,0.00,0.00,0.00,0.00,0.00,0.00,0.00,0.00,0.00,0.00,0.00,0.00,0.00,0.00,0.00,0.00,0.00,0.00,0.00,0.00,0.00,0.00,0.00,0.00,0.00,0.00,0.00,0.00,0.00,0.00,0.00,0.00,26977.00,0.00,0.00,0.00,0.00,1995.37
0.50,0.00,0.50,4.52,0.00,0.00,5.53,0.00,0.00,88.94,0.00,344.00,0.00,0.00,0.00,12.00,0.00,0.00,12813.00,0.00,0.00,0.00,0.00,2.00,0.00,2.00,0.00,24.00,663264,1139752,1377456,67.50,47712,550412,3740092,183.27,848688,365456,340,616072,100496,7360,28932,0,0,0,0.00,0,0.00,0,0,0.00,26609,7648,36872,0,0,460,0.01,0.01,0.00,0,0.00,0.00,0.00,0.00,0.00,0.00,2.00,0.00,12.00,6.00,0.00,46.00,0.00,0.00,26378.00,1100.00,36086.82,62.30,0.00,0.00,0.00,0.00,0.00,0.00,0.00,1.00,0.00,0.00,0.00,0.00,0.00,0.00,0.00,0.00,0.00,0.00,0.00,0.00,0.00,0.00,0.00,0.00,0.00,0.00,0.00,0.00,0.00,0.00,723,3,5,0,0,0,26352.00,0.00,2196.00,1099.00,25254.00,1098.00,0.00,0.00,0.00,0.00,0.00,0.00,0.00,0.00,0.00,0.00,0.00,0.00,0.00,0.00,0.00,0.00,0.00,0.00,0.00,0.00,0.00,0.00,0.00,0.00,0.00,0.00,0.00,0.00,0.00,0.00,0.00,0.00,0.00,0.00,0.00,0.00,0.00,0.00,2196.00,1099.00,1098.00,0.00,1.00,0.00,0.00,0.00,0.00,0.00,0.00,3,2,1,0,0.00,0.00,0.00,0.00,0.00,0.00,0.00,0.00,0.00,0.00,0.00,0.00,0.00,0.00,0.00,0.00,0.00,0.00,0.00,0.00,0.00,0.00,0.00,0.00,0.00,0.00,0.00,0.00,0.00,0.00,0.00,0.00,0.00,0.00,0.00,0.00,0.00,0.00,0.00,0.00,0.00,0.00,0.00,0.00,0.00,0.00,0.00,0.00,0.00,0.00,0.00,0.00,0.00,26356.00,0.00,0.00,0.00,0.00,1995.37
0.00,0.00,0.00,0.00,0.50,0.00,6.00,0.00,0.00,93.50,0.00,326.00,0.00,0.00,0.00,0.00,0.00,0.00,12372.00,0.00,0.00,0.00,0.00,0.00,0.00,0.00,0.00,0.00,663232,1139720,1377488,67.50,47712,550428,3740092,183.27,848688,365456,356,616072,100496,7360,28932,0,0,0,0.00,0,0.00,0,0,0.00,26609,7648,36872,0,0,460,0.01,0.01,0.00,0,0.00,0.00,0.00,0.00,0.00,0.00,0.00,0.00,0.00,0.00,0.00,0.00,0.00,0.00,25256.00,1053.00,34543.87,59.64,0.00,0.00,0.00,0.00,0.00,0.00,0.00,0.00,0.00,0.00,0.00,0.00,0.00,0.00,0.00,0.00,0.00,0.00,0.00,0.00,0.00,0.00,0.00,0.00,0.00,0.00,0.00,0.00,0.00,0.00,723,3,5,0,0,0,25249.00,0.00,2105.00,1053.00,24196.00,1052.00,0.00,0.00,0.00,0.00,0.00,0.00,0.00,0.00,0.00,0.00,0.00,0.00,0.00,0.00,0.00,0.00,0.00,0.00,0.00,0.00,0.00,0.00,0.00,0.00,0.00,0.00,0.00,0.00,0.00,0.00,0.00,0.00,0.00,0.00,0.00,0.00,0.00,0.00,2105.00,1053.00,1053.00,0.00,1.00,0.00,0.00,0.00,0.00,0.00,0.00,3,2,1,0,0.00,0.00,0.00,0.00,0.00,0.00,0.00,0.00,0.00,0.00,0.00,0.00,0.00,0.00,0.00,0.00,0.00,0.00,0.00,0.00,0.00,0.00,0.00,0.00,0.00,0.00,0.00,0.00,0.00,0.00,0.00,0.00,0.00,0.00,0.00,0.00,0.00,0.00,0.00,0.00,0.00,0.00,0.00,0.00,0.00,0.00,0.00,0.00,0.00,0.00,0.00,0.00,0.00,25256.00,0.00,0.00,0.00,0.00,1995.37
0.50,0.00,0.00,0.00,0.00,0.00,6.44,0.00,0.00,93.07,0.00,328.00,0.00,0.00,0.00,0.00,0.00,0.00,11468.00,0.00,0.00,0.00,0.00,0.00,0.00,0.00,0.00,0.00,663076,1139564,1377644,67.51,47712,550440,3740092,183.27,848688,365456,368,616072,100496,7360,28932,0,0,0,0.00,0,0.00,0,0,0.00,26609,7648,36872,0,0,460,0.01,0.01,0.00,0,0.00,0.00,0.00,0.00,0.00,0.00,0.00,0.00,0.00,0.00,0.00,0.00,0.00,0.00,22659.00,944.00,30997.30,53.47,0.00,0.00,0.00,0.00,0.00,0.00,0.00,1.00,0.00,0.00,0.00,0.00,0.00,0.00,0.00,0.00,0.00,0.00,0.00,0.00,0.00,0.00,0.00,0.00,0.00,0.00,0.00,0.00,0.00,0.00,723,3,5,0,0,0,22679.00,0.00,1889.00,945.00,21735.00,945.00,0.00,0.00,0.00,0.00,0.00,0.00,0.00,0.00,0.00,0.00,0.00,0.00,0.00,0.00,0.00,0.00,0.00,0.00,0.00,0.00,0.00,0.00,0.00,0.00,0.00,0.00,0.00,0.00,0.00,0.00,0.00,0.00,0.00,0.00,0.00,0.00,0.00,0.00,1888.00,945.00,943.00,0.00,0.00,0.00,0.00,0.00,0.00,0.00,0.00,3,2,1,0,0.00,0.00,0.00,0.00,0.00,0.00,0.00,0.00,0.00,0.00,0.00,0.00,0.00,0.00,0.00,0.00,0.00,0.00,0.00,0.00,0.00,0.00,0.00,0.00,0.00,0.00,0.00,0.00,0.00,0.00,0.00,0.00,0.00,0.00,0.00,0.00,0.00,0.00,0.00,0.00,0.00,0.00,0.00,0.00,0.00,0.00,0.00,0.00,0.00,0.00,0.00,0.00,0.00,22681.00,0.00,0.00,0.00,0.00,1995.37
0.00,0.00,0.00,0.00,0.00,0.00,5.53,0.00,0.00,94.47,0.00,327.00,0.00,0.00,0.00,0.00,0.00,0.00,11492.00,0.00,0.00,0.00,0.00,0.00,0.00,0.00,0.00,0.00,663204,1139748,1377516,67.50,47712,550456,3740092,183.27,848688,365512,384,616072,100496,7360,28932,0,0,0,0.00,0,0.00,0,0,0.00,26609,7648,36872,0,0,460,0.01,0.01,0.00,0,0.00,0.00,0.00,0.00,0.00,0.00,0.00,0.00,0.00,0.00,0.00,0.00,0.00,0.00,22927.00,956.00,31358.72,54.15,0.00,0.00,0.00,0.00,0.00,0.00,0.00,0.00,0.00,0.00,0.00,0.00,0.00,0.00,0.00,0.00,0.00,0.00,0.00,0.00,0.00,0.00,0.00,0.00,0.00,0.00,0.00,0.00,0.00,0.00,723,3,5,0,0,0,22899.00,0.00,1911.00,955.00,21942.00,954.00,0.00,0.00,0.00,0.00,0.00,0.00,0.00,0.00,0.00,0.00,0.00,0.00,0.00,0.00,0.00,0.00,0.00,0.00,0.00,0.00,0.00,0.00,0.00,0.00,0.00,0.00,0.00,0.00,0.00,0.00,0.00,0.00,0.00,0.00,0.00,0.00,0.00,0.00,1911.00,955.00,957.00,0.00,1.00,0.00,0.00,0.00,0.00,0.00,0.00,3,2,1,0,0.00,0.00,0.00,0.00,0.00,0.00,0.00,0.00,0.00,0.00,0.00,0.00,0.00,0.00,0.00,0.00,0.00,0.00,0.00,0.00,0.00,0.00,0.00,0.00,0.00,0.00,0.00,0.00,0.00,0.00,0.00,0.00,0.00,0.00,0.00,0.00,0.00,0.00,0.00,0.00,0.00,0.00,0.00,0.00,0.00,0.00,0.00,0.00,0.00,0.00,0.00,0.00,0.00,22904.00,0.00,0.00,0.00,0.00,1995.37
0.00,0.00,0.50,0.00,0.50,0.00,4.52,0.00,0.00,94.47,0.00,326.00,0.00,0.00,0.00,0.00,0.00,0.00,11259.00,0.00,0.00,0.00,0.00,0.00,0.00,0.00,0.00,0.00,663108,1139652,1377612,67.51,47712,550472,3740092,183.27,848688,365512,400,616072,100496,7360,28932,0,0,0,0.00,0,0.00,0,0,0.00,26609,7648,36872,0,0,460,0.01,0.01,0.00,0,0.00,0.00,0.00,0.00,0.00,0.00,0.00,0.00,0.00,0.00,0.00,0.00,0.00,0.00,22519.00,939.00,30800.51,53.19,0.00,0.00,0.00,0.00,0.00,0.00,0.00,1.00,0.00,0.00,0.00,0.00,0.00,0.00,0.00,0.00,0.00,0.00,0.00,0.00,0.00,0.00,0.00,0.00,0.00,0.00,0.00,0.00,0.00,0.00,723,3,5,0,0,0,22512.00,0.00,1876.00,939.00,21574.00,938.00,0.00,0.00,0.00,0.00,0.00,0.00,0.00,0.00,0.00,0.00,0.00,0.00,0.00,0.00,0.00,0.00,0.00,0.00,0.00,0.00,0.00,0.00,0.00,0.00,0.00,0.00,0.00,0.00,0.00,0.00,0.00,0.00,0.00,0.00,0.00,0.00,0.00,0.00,1876.00,939.00,938.00,0.00,1.00,0.00,0.00,0.00,0.00,0.00,0.00,3,2,1,0,0.00,0.00,0.00,0.00,0.00,0.00,0.00,0.00,0.00,0.00,0.00,0.00,0.00,0.00,0.00,0.00,0.00,0.00,0.00,0.00,0.00,0.00,0.00,0.00,0.00,0.00,0.00,0.00,0.00,0.00,0.00,0.00,0.00,0.00,0.00,0.00,0.00,0.00,0.00,0.00,0.00,0.00,0.00,0.00,0.00,0.00,0.00,0.00,0.00,0.00,0.00,0.00,0.00,22519.00,0.00,0.00,0.00,0.00,1995.37
0.00,0.00,0.50,4.98,0.00,0.00,5.47,0.00,0.00,89.05,0.00,333.00,0.00,0.00,0.00,12.00,0.00,0.00,10860.00,0.00,0.00,0.00,0.00,2.00,0.00,2.00,0.00,24.00,663076,1139620,1377644,67.51,47720,550488,3740092,183.27,848688,365512,416,616072,100496,7360,28932,0,0,0,0.00,0,0.00,0,0,0.00,26609,7648,36872,0,0,460,0.01,0.01,0.00,0,0.00,0.00,0.00,0.00,0.00,0.00,2.00,0.00,12.00,6.00,0.00,48.00,0.00,0.00,21513.00,897.00,29421.53,50.81,0.00,0.00,0.00,0.00,0.00,0.00,0.00,0.00,0.00,0.00,0.00,0.00,0.00,0.00,0.00,0.00,0.00,0.00,0.00,0.00,0.00,0.00,0.00,0.00,0.00,0.00,0.00,0.00,0.00,0.00,723,3,5,0,0,0,21503.00,0.00,1791.00,897.00,20608.00,896.00,0.00,0.00,0.00,0.00,0.00,0.00,0.00,0.00,0.00,0.00,0.00,0.00,0.00,0.00,0.00,0.00,0.00,0.00,0.00,0.00,0.00,0.00,0.00,0.00,0.00,0.00,0.00,0.00,0.00,0.00,0.00,0.00,0.00,0.00,0.00,0.00,0.00,0.00,1792.00,898.00,895.00,0.00,1.00,0.00,0.00,0.00,0.00,0.00,0.00,3,2,1,0,0.00,0.00,0.00,0.00,0.00,0.00,0.00,0.00,0.00,0.00,0.00,0.00,0.00,0.00,0.00,0.00,0.00,0.00,0.00,0.00,0.00,0.00,0.00,0.00,0.00,0.00,0.00,0.00,0.00,0.00,0.00,0.00,0.00,0.00,0.00,0.00,0.00,0.00,0.00,0.00,0.00,0.00,0.00,0.00,0.00,0.00,0.00,0.00,0.00,0.00,0.00,0.00,0.00,21537.00,0.00,0.00,0.00,0.00,1995.37
0.50,0.00,0.00,0.00,0.00,0.00,4.52,0.00,0.00,94.97,0.00,306.00,0.00,0.00,0.00,0.00,0.00,0.00,10149.00,0.00,0.00,0.00,0.00,0.00,0.00,0.00,0.00,0.00,663172,1139772,1377548,67.50,47720,550504,3740092,183.27,848688,365568,432,616072,100500,7360,28932,0,0,0,0.00,0,0.00,0,0,0.00,26609,7648,36872,0,0,460,0.01,0.01,0.00,0,0.00,0.00,0.00,0.00,0.00,0.00,0.00,0.00,0.00,0.00,0.00,0.00,0.00,0.00,20047.00,835.00,27418.41,47.29,0.00,0.00,0.00,0.00,0.00,0.00,0.00,1.00,0.00,0.00,0.00,0.00,0.00,0.00,0.00,0.00,0.00,0.00,0.00,0.00,0.00,0.00,0.00,0.00,0.00,0.00,0.00,0.00,0.00,0.00,723,3,5,0,0,0,20042.00,0.00,1672.00,835.00,19205.00,835.00,0.00,0.00,0.00,0.00,0.00,0.00,0.00,0.00,0.00,0.00,0.00,0.00,0.00,0.00,0.00,0.00,0.00,0.00,0.00,0.00,0.00,0.00,0.00,0.00,0.00,0.00,0.00,0.00,0.00,0.00,0.00,0.00,0.00,0.00,0.00,0.00,0.00,0.00,1671.00,834.00,837.00,0.00,0.00,0.00,0.00,0.00,0.00,0.00,0.00,3,2,1,0,0.00,0.00,0.00,0.00,0.00,0.00,0.00,0.00,0.00,0.00,0.00,0.00,0.00,0.00,0.00,0.00,0.00,0.00,0.00,0.00,0.00,0.00,0.00,0.00,0.00,0.00,0.00,0.00,0.00,0.00,0.00,0.00,0.00,0.00,0.00,0.00,0.00,0.00,0.00,0.00,0.00,0.00,0.00,0.00,0.00,0.00,0.00,0.00,0.00,0.00,0.00,0.00,0.00,20023.00,0.00,0.00,0.00,0.00,1995.37
0.00,0.00,0.00,0.00,0.50,0.00,5.03,0.00,0.00,94.47,0.00,321.00,0.00,0.00,0.00,0.00,11.00,0.00,9333.00,0.00,0.00,0.00,0.00,0.00,0.00,0.00,0.00,0.00,663172,1139772,1377548,67.50,47720,550520,3740092,183.27,848688,365568,448,616088,100500,7360,28932,0,0,0,0.00,0,0.00,0,0,0.00,26609,7648,36872,0,0,460,0.01,0.01,0.00,0,0.00,0.00,0.00,0.00,0.00,0.00,0.00,0.00,0.00,0.00,0.00,0.00,0.00,0.00,18796.00,783.00,25710.79,44.35,0.00,0.00,0.00,0.00,0.00,0.00,0.00,0.00,0.00,0.00,0.00,0.00,0.00,0.00,0.00,0.00,0.00,0.00,0.00,0.00,0.00,0.00,0.00,0.00,0.00,0.00,0.00,0.00,0.00,0.00,723,3,5,0,0,0,18789.00,0.00,1563.00,783.00,18009.00,783.00,0.00,0.00,0.00,0.00,0.00,0.00,0.00,0.00,0.00,0.00,0.00,0.00,0.00,0.00,0.00,0.00,0.00,0.00,0.00,0.00,0.00,0.00,0.00,0.00,0.00,0.00,0.00,0.00,0.00,0.00,0.00,0.00,0.00,0.00,0.00,0.00,0.00,0.00,1564.00,783.00,781.00,0.00,0.00,0.00,0.00,0.00,0.00,0.00,0.00,3,2,1,0,0.00,0.00,0.00,0.00,0.00,0.00,0.00,0.00,0.00,0.00,0.00,0.00,0.00,0.00,0.00,0.00,0.00,0.00,0.00,0.00,0.00,0.00,0.00,0.00,0.00,0.00,0.00,0.00,0.00,0.00,0.00,0.00,0.00,0.00,0.00,0.00,0.00,0.00,0.00,0.00,0.00,0.00,0.00,0.00,0.00,0.00,0.00,0.00,0.00,0.00,0.00,0.00,0.00,18797.00,0.00,0.00,0.00,0.00,1995.37
0.50,0.00,0.50,0.00,0.00,0.00,4.00,0.00,0.00,95.00,0.00,304.00,0.00,0.00,0.00,0.00,0.00,0.00,9052.00,0.00,0.00,0.00,0.00,0.00,0.00,0.00,0.00,0.00,663076,1139676,1377644,67.51,47720,550536,3740092,183.27,848688,365568,464,616088,100500,7360,28932,0,0,0,0.00,0,0.00,0,0,0.00,26609,7648,36872,0,0,460,0.01,0.01,0.00,0,0.00,0.00,0.00,0.00,0.00,0.00,0.00,0.00,0.00,0.00,0.00,0.00,0.00,0.00,18289.00,763.00,25021.05,43.22,0.00,0.00,0.00,0.00,0.00,0.00,0.00,1.00,0.00,0.00,0.00,0.00,0.00,0.00,0.00,0.00,0.00,0.00,0.00,0.00,0.00,0.00,0.00,0.00,0.00,0.00,0.00,0.00,0.00,0.00,723,3,5,0,0,0,18286.00,0.00,1522.00,763.00,17526.00,762.00,0.00,0.00,0.00,0.00,0.00,0.00,0.00,0.00,0.00,0.00,0.00,0.00,0.00,0.00,0.00,0.00,0.00,0.00,0.00,0.00,0.00,0.00,0.00,0.00,0.00,0.00,0.00,0.00,0.00,0.00,0.00,0.00,0.00,0.00,0.00,0.00,0.00,0.00,1524.00,763.00,762.00,0.00,1.00,0.00,0.00,0.00,0.00,0.00,0.00,3,2,1,0,0.00,0.00,0.00,0.00,0.00,0.00,0.00,0.00,0.00,0.00,0.00,0.00,0.00,0.00,0.00,0.00,0.00,0.00,0.00,0.00,0.00,0.00,0.00,0.00,0.00,0.00,0.00,0.00,0.00,0.00,0.00,0.00,0.00,0.00,0.00,0.00,0.00,0.00,0.00,0.00,0.00,0.00,0.00,0.00,0.00,0.00,0.00,0.00,0.00,0.00,0.00,0.00,0.00,18291.00,0.00,0.00,0.00,0.00,1995.37
0.00,0.00,0.00,0.00,0.00,0.00,5.50,0.00,0.00,94.50,0.00,314.00,0.00,0.00,0.00,0.00,0.00,0.00,8764.00,0.00,0.00,0.00,0.00,0.00,0.00,0.00,0.00,0.00,663140,1139740,1377580,67.50,47720,550552,3740092,183.27,848688,365568,480,616088,100500,7360,28932,0,0,0,0.00,0,0.00,0,0,0.00,26609,7648,36872,0,0,460,0.01,0.01,0.00,0,0.00,0.00,0.00,0.00,0.00,0.00,0.00,0.00,0.00,0.00,0.00,0.00,0.00,0.00,17386.00,724.00,23773.78,41.01,0.00,0.00,0.00,0.00,0.00,0.00,0.00,0.00,0.00,0.00,0.00,0.00,0.00,0.00,0.00,0.00,0.00,0.00,0.00,0.00,0.00,0.00,0.00,0.00,0.00,0.00,0.00,0.00,0.00,0.00,723,3,5,0,0,0,17380.00,0.00,1452.00,724.00,16652.00,724.00,0.00,0.00,0.00,0.00,0.00,0.00,0.00,0.00,0.00,0.00,0.00,0.00,0.00,0.00,0.00,0.00,0.00,0.00,0.00,0.00,0.00,0.00,0.00,0.00,0.00,0.00,0.00,0.00,0.00,0.00,0.00,0.00,0.00,0.00,0.00,0.00,0.00,0.00,1449.00,724.00,725.00,0.00,0.00,0.00,0.00,0.00,0.00,0.00,0.00,3,2,1,0,0.00,0.00,0.00,0.00,0.00,0.00,0.00,0.00,0.00,0.00,0.00,0.00,0.00,0.00,0.00,0.00,0.00,0.00,0.00,0.00,0.00,0.00,0.00,0.00,0.00,0.00,0.00,0.00,0.00,0.00,0.00,0.00,0.00,0.00,0.00,0.00,0.00,0.00,0.00,0.00,0.00,0.00,0.00,0.00,0.00,0.00,0.00,0.00,0.00,0.00,0.00,0.00,0.00,17383.00,0.00,0.00,0.00,0.00,1995.37
0.00,0.00,0.51,2.53,0.51,0.00,2.53,0.00,0.00,93.94,0.00,316.00,0.00,0.00,0.00,496.00,0.00,0.00,8052.00,0.00,0.00,0.00,0.00,3.00,0.00,3.00,0.00,992.00,662860,1139524,1377860,67.52,47728,550564,3740092,183.27,848688,365632,8,616088,100500,7360,28932,0,0,0,0.00,0,0.00,0,0,0.00,26609,7648,36872,0,0,460,0.01,0.01,0.00,0,0.00,0.00,0.00,0.00,0.00,0.00,3.00,0.00,496.00,165.33,0.00,17.33,0.00,0.00,15961.00,666.00,21835.96,37.72,0.00,0.00,0.00,0.00,0.00,0.00,0.00,1.00,0.00,0.00,0.00,0.00,0.00,0.00,0.00,0.00,0.00,0.00,0.00,0.00,0.00,0.00,0.00,0.00,0.00,0.00,0.00,0.00,0.00,0.00,723,3,5,0,0,0,15983.00,0.00,1331.00,667.00,15318.00,666.00,0.00,0.00,0.00,0.00,0.00,0.00,0.00,0.00,0.00,0.00,0.00,0.00,0.00,0.00,0.00,0.00,0.00,0.00,0.00,0.00,0.00,0.00,0.00,0.00,0.00,0.00,0.00,0.00,0.00,0.00,0.00,0.00,0.00,0.00,0.00,0.00,0.00,0.00,1331.00,667.00,665.00,0.00,1.00,0.00,0.00,0.00,0.00,0.00,0.00,3,2,1,0,0.00,0.00,0.00,0.00,0.00,0.00,0.00,0.00,0.00,0.00,0.00,0.00,0.00,0.00,0.00,0.00,0.00,0.00,0.00,0.00,0.00,0.00,0.00,0.00,0.00,0.00,0.00,0.00,0.00,0.00,0.00,0.00,0.00,0.00,0.00,0.00,0.00,0.00,0.00,0.00,0.00,0.00,0.00,0.00,0.00,0.00,0.00,0.00,0.00,0.00,0.00,0.00,0.00,15985.00,0.00,0.00,0.00,0.00,1995.37
0.00,0.00,0.00,0.00,0.00,0.00,5.47,0.00,0.00,94.53,0.00,322.00,0.00,0.00,0.00,0.00,0.00,0.00,7475.00,0.00,0.00,0.00,0.00,0.00,0.00,0.00,0.00,0.00,662892,1139556,1377828,67.52,47728,550580,3740092,183.27,848688,365632,28,616088,100500,7360,28932,0,0,0,0.00,0,0.00,0,0,0.00,26609,7648,36872,0,0,460,0.01,0.01,0.00,0,0.00,0.00,0.00,0.00,0.00,0.00,0.00,0.00,0.00,0.00,0.00,0.00,0.00,0.00,14808.00,618.00,20259.78,35.00,0.00,0.00,0.00,0.00,0.00,0.00,0.00,0.00,0.00,0.00,0.00,0.00,0.00,0.00,0.00,0.00,0.00,0.00,0.00,0.00,0.00,0.00,0.00,0.00,0.00,0.00,0.00,0.00,0.00,0.00,723,3,5,0,0,0,14783.00,0.00,1231.00,617.00,14168.00,616.00,0.00,0.00,0.00,0.00,0.00,0.00,0.00,0.00,0.00,0.00,0.00,0.00,0.00,0.00,0.00,0.00,0.00,0.00,0.00,0.00,0.00,0.00,0.00,0.00,0.00,0.00,0.00,0.00,0.00,0.00,0.00,0.00,0.00,0.00,0.00,0.00,0.00,0.00,1233.00,618.00,616.00,0.00,1.00,0.00,0.00,0.00,0.00,0.00,0.00,3,2,1,0,0.00,0.00,0.00,0.00,0.00,0.00,0.00,0.00,0.00,0.00,0.00,0.00,0.00,0.00,0.00,0.00,0.00,0.00,0.00,0.00,0.00,0.00,0.00,0.00,0.00,0.00,0.00,0.00,0.00,0.00,0.00,0.00,0.00,0.00,0.00,0.00,0.00,0.00,0.00,0.00,0.00,0.00,0.00,0.00,0.00,0.00,0.00,0.00,0.00,0.00,0.00,0.00,0.00,14808.00,0.00,0.00,0.00,0.00,1995.37
0.50,0.00,0.50,0.00,0.00,0.00,3.02,0.00,0.00,95.98,0.00,297.00,0.00,0.00,0.00,0.00,0.00,0.00,7131.00,0.00,0.00,0.00,0.00,0.00,0.00,0.00,0.00,0.00,662988,1139652,1377732,67.51,47728,550596,3740092,183.27,848688,365632,44,616088,100500,7360,28932,0,0,0,0.00,0,0.00,0,0,0.00,26609,7648,36872,0,0,460,0.01,0.01,0.00,0,0.00,0.00,0.00,0.00,0.00,0.00,0.00,0.00,0.00,0.00,0.00,0.00,0.00,0.00,14087.00,587.00,19274.65,33.25,0.00,0.00,0.00,0.00,0.00,0.00,0.00,1.00,0.00,0.00,0.00,0.00,0.00,0.00,0.00,0.00,0.00,0.00,0.00,0.00,0.00,0.00,0.00,0.00,0.00,0.00,0.00,0.00,0.00,0.00,723,3,5,0,0,0,14086.00,0.00,1172.00,587.00,13501.00,587.00,0.00,0.00,0.00,0.00,0.00,0.00,0.00,0.00,0.00,0.00,0.00,0.00,0.00,0.00,0.00,0.00,0.00,0.00,0.00,0.00,0.00,0.00,0.00,0.00,0.00,0.00,0.00,0.00,0.00,0.00,0.00,0.00,0.00,0.00,0.00,0.00,0.00,0.00,1170.00,586.00,584.00,0.00,0.00,0.00,0.00,0.00,0.00,0.00,0.00,3,2,1,0,0.00,0.00,0.00,0.00,0.00,0.00,0.00,0.00,0.00,0.00,0.00,0.00,0.00,0.00,0.00,0.00,0.00,0.00,0.00,0.00,0.00,0.00,0.00,0.00,0.00,0.00,0.00,0.00,0.00,0.00,0.00,0.00,0.00,0.00,0.00,0.00,0.00,0.00,0.00,0.00,0.00,0.00,0.00,0.00,0.00,0.00,0.00,0.00,0.00,0.00,0.00,0.00,0.00,14041.00,0.00,0.00,0.00,0.00,1995.37
0.00,0.00,0.00,0.00,0.50,0.00,3.98,0.00,0.00,95.52,0.00,304.00,0.00,0.00,0.00,0.00,0.00,0.00,6572.00,0.00,0.00,0.00,0.00,0.00,0.00,0.00,0.00,0.00,662796,1139460,1377924,67.52,47728,550612,3740092,183.27,848688,365632,60,616088,100500,7360,28932,0,0,0,0.00,0,0.00,0,0,0.00,26609,7648,36872,0,0,460,0.01,0.01,0.00,0,0.00,0.00,0.00,0.00,0.00,0.00,0.00,0.00,0.00,0.00,0.00,0.00,0.00,0.00,13087.00,548.00,17895.98,31.04,0.00,0.00,0.00,0.00,0.00,0.00,0.00,0.00,0.00,0.00,0.00,0.00,0.00,0.00,0.00,0.00,0.00,0.00,0.00,0.00,0.00,0.00,0.00,0.00,0.00,0.00,0.00,0.00,0.00,0.00,723,3,5,0,0,0,13082.00,0.00,1092.00,548.00,12535.00,545.00,0.00,0.00,0.00,0.00,0.00,0.00,0.00,0.00,0.00,0.00,0.00,0.00,0.00,0.00,0.00,0.00,0.00,0.00,0.00,0.00,0.00,0.00,0.00,0.00,0.00,0.00,0.00,0.00,0.00,0.00,0.00,0.00,0.00,0.00,0.00,0.00,0.00,0.00,1092.00,548.00,547.00,0.00,3.00,0.00,0.00,0.00,0.00,0.00,0.00,3,2,1,0,0.00,0.00,0.00,0.00,0.00,0.00,0.00,0.00,0.00,0.00,0.00,0.00,0.00,0.00,0.00,0.00,0.00,0.00,0.00,0.00,0.00,0.00,0.00,0.00,0.00,0.00,0.00,0.00,0.00,0.00,0.00,0.00,0.00,0.00,0.00,0.00,0.00,0.00,0.00,0.00,0.00,0.00,0.00,0.00,0.00,0.00,0.00,0.00,0.00,0.00,0.00,0.00,0.00,13086.00,0.00,0.00,0.00,0.00,1995.37
0.00,0.00,0.50,0.00,0.00,0.00,3.52,0.00,0.00,95.98,0.00,307.00,0.00,0.00,0.00,0.00,0.00,0.00,6684.00,0.00,0.00,0.00,0.00,0.00,0.00,0.00,0.00,0.00,662956,1139676,1377764,67.51,47728,550628,3740092,183.27,848688,365688,76,616088,100500,7360,28932,0,0,0,0.00,0,0.00,0,0,0.00,26609,7648,36872,0,0,460,0.01,0.01,0.00,0,0.00,0.00,0.00,0.00,0.00,0.00,0.00,0.00,0.00,0.00,0.00,0.00,0.00,0.00,13253.00,552.00,18125.72,31.27,0.00,0.00,0.00,0.00,0.00,0.00,0.00,1.00,0.00,0.00,0.00,0.00,0.00,0.00,0.00,0.00,0.00,0.00,0.00,0.00,0.00,0.00,0.00,0.00,0.00,0.00,0.00,0.00,0.00,0.00,723,3,5,0,0,0,13249.00,0.00,1105.00,552.00,12696.00,552.00,0.00,0.00,0.00,0.00,0.00,0.00,0.00,0.00,0.00,0.00,0.00,0.00,0.00,0.00,0.00,0.00,0.00,0.00,0.00,0.00,0.00,0.00,0.00,0.00,0.00,0.00,0.00,0.00,0.00,0.00,0.00,0.00,0.00,0.00,0.00,0.00,0.00,0.00,1105.00,552.00,553.00,0.00,0.00,0.00,0.00,0.00,0.00,0.00,0.00,3,2,1,0,0.00,0.00,0.00,0.00,0.00,0.00,0.00,0.00,0.00,0.00,0.00,0.00,0.00,0.00,0.00,0.00,0.00,0.00,0.00,0.00,0.00,0.00,0.00,0.00,0.00,0.00,0.00,0.00,0.00,0.00,0.00,0.00,0.00,0.00,0.00,0.00,0.00,0.00,0.00,0.00,0.00,0.00,0.00,0.00,0.00,0.00,0.00,0.00,0.00,0.00,0.00,0.00,0.00,13276.00,0.00,0.00,0.00,0.00,1995.37
1.01,0.00,0.00,5.05,0.00,0.00,3.03,0.00,0.00,90.91,0.00,500.00,0.00,0.00,0.00,28.00,0.00,0.00,6534.00,0.00,0.00,0.00,0.00,4.00,0.00,4.00,0.00,56.00,662952,1139696,1377768,67.51,47736,550644,3740092,183.27,848688,365712,84,616088,100500,7360,28932,0,0,0,0.00,0,0.00,0,0,0.00,26609,7648,36872,0,0,460,0.01,0.00,0.00,0,0.00,0.00,0.00,0.00,0.00,0.00,4.00,0.00,28.00,7.00,0.00,25.00,0.00,0.00,13445.00,561.00,18388.41,31.78,0.00,0.00,0.00,0.00,0.00,0.00,0.00,0.00,0.00,0.00,0.00,0.00,0.00,0.00,0.00,0.00,0.00,0.00,0.00,0.00,0.00,0.00,0.00,0.00,0.00,0.00,0.00,0.00,0.00,0.00,723,3,5,0,0,0,13442.00,0.00,1122.00,561.00,12880.00,560.00,0.00,0.00,0.00,0.00,0.00,0.00,0.00,0.00,0.00,0.00,0.00,0.00,0.00,0.00,0.00,0.00,0.00,0.00,0.00,0.00,0.00,0.00,0.00,0.00,0.00,0.00,0.00,0.00,0.00,0.00,0.00,0.00,0.00,0.00,0.00,0.00,0.00,0.00,1122.00,561.00,562.00,0.00,1.00,0.00,0.00,0.00,0.00,0.00,0.00,3,2,1,0,0.00,0.00,0.00,0.00,0.00,0.00,0.00,0.00,0.00,0.00,0.00,0.00,0.00,0.00,0.00,0.00,0.00,0.00,0.00,0.00,0.00,0.00,0.00,0.00,0.00,0.00,0.00,0.00,0.00,0.00,0.00,0.00,0.00,0.00,0.00,0.00,0.00,0.00,0.00,0.00,0.00,0.00,0.00,0.00,0.00,0.00,0.00,0.00,0.00,0.00,0.00,0.00,0.00,13467.00,0.00,0.00,0.00,0.00,1995.37
1.00,0.00,0.50,0.00,0.50,0.00,3.48,0.00,0.00,94.53,0.00,336.00,0.00,0.00,0.00,0.00,5.00,0.00,6194.00,0.00,0.00,0.00,0.00,0.00,0.00,0.00,0.00,0.00,662952,1139700,1377768,67.51,47736,550660,3740092,183.27,848688,365712,100,616088,100504,7360,28932,0,0,0,0.00,0,0.00,0,0,0.00,26609,7648,36872,0,0,460,0.01,0.00,0.00,0,0.00,0.00,0.00,0.00,0.00,0.00,0.00,0.00,0.00,0.00,0.00,0.00,0.00,0.00,12243.00,510.00,16746.50,28.89,0.00,0.00,0.00,0.00,0.00,0.00,0.00,1.00,0.00,0.00,0.00,0.00,0.00,0.00,0.00,0.00,0.00,0.00,0.00,0.00,0.00,0.00,0.00,0.00,0.00,0.00,0.00,0.00,0.00,0.00,723,3,5,0,0,0,12263.00,0.00,1021.00,511.00,11753.00,511.00,0.00,0.00,0.00,0.00,0.00,0.00,0.00,0.00,0.00,0.00,0.00,0.00,0.00,0.00,0.00,0.00,0.00,0.00,0.00,0.00,0.00,0.00,0.00,0.00,0.00,0.00,0.00,0.00,0.00,0.00,0.00,0.00,0.00,0.00,0.00,0.00,0.00,0.00,1021.00,511.00,510.00,0.00,0.00,0.00,0.00,0.00,0.00,0.00,0.00,3,2,1,0,0.00,0.00,0.00,0.00,0.00,0.00,0.00,0.00,0.00,0.00,0.00,0.00,0.00,0.00,0.00,0.00,0.00,0.00,0.00,0.00,0.00,0.00,0.00,0.00,0.00,0.00,0.00,0.00,0.00,0.00,0.00,0.00,0.00,0.00,0.00,0.00,0.00,0.00,0.00,0.00,0.00,0.00,0.00,0.00,0.00,0.00,0.00,0.00,0.00,0.00,0.00,0.00,0.00,12243.00,0.00,0.00,0.00,0.00,1995.37
0.50,0.00,0.50,3.02,0.00,0.00,3.52,0.00,0.00,92.46,3.00,363.00,0.00,0.00,0.00,36.00,509.00,0.00,5743.00,0.00,0.00,0.00,0.00,3.00,0.00,3.00,0.00,72.00,662644,1139456,1378076,67.53,47744,550676,3740092,183.27,848720,365740,288,616068,100556,7360,28932,0,0,0,0.00,0,0.00,0,0,0.00,26609,7648,36872,0,0,460,0.01,0.00,0.00,0,0.00,0.00,0.00,0.00,0.00,0.00,3.00,0.00,36.00,12.00,0.00,22.67,0.00,0.00,10829.00,451.00,14809.30,25.54,0.00,0.00,0.00,0.00,0.00,0.00,0.00,0.00,0.00,0.00,0.00,0.00,0.00,0.00,0.00,0.00,0.00,0.00,0.00,0.00,0.00,0.00,0.00,0.00,0.00,0.00,0.00,0.00,0.00,0.00,723,3,5,0,0,0,10824.00,0.00,902.00,451.00,10373.00,451.00,0.00,0.00,0.00,0.00,0.00,0.00,0.00,0.00,0.00,0.00,0.00,0.00,0.00,0.00,0.00,0.00,0.00,0.00,0.00,0.00,0.00,0.00,0.00,0.00,0.00,0.00,0.00,0.00,0.00,0.00,0.00,0.00,0.00,0.00,0.00,0.00,0.00,0.00,902.00,451.00,451.00,0.00,0.00,0.00,0.00,0.00,0.00,0.00,0.00,3,2,1,0,0.00,0.00,0.00,0.00,0.00,0.00,0.00,0.00,0.00,0.00,0.00,0.00,0.00,0.00,0.00,0.00,0.00,0.00,0.00,0.00,0.00,0.00,0.00,0.00,0.00,0.00,0.00,0.00,0.00,0.00,0.00,0.00,0.00,0.00,0.00,0.00,0.00,0.00,0.00,0.00,0.00,0.00,0.00,0.00,0.00,0.00,0.00,0.00,0.00,0.00,0.00,0.00,0.00,10829.00,0.00,0.00,0.00,0.00,1995.37
0.00,0.00,0.50,0.00,0.00,0.00,9.05,0.00,0.00,90.45,0.00,354.00,0.00,0.00,0.00,0.00,4.00,0.00,32695.00,0.00,0.00,0.00,0.00,0.00,0.00,0.00,0.00,0.00,674960,1141536,1365760,66.93,47680,537536,3722120,182.39,850012,352296,24,617168,100440,7376,28916,0,0,0,0.00,0,0.00,0,0,0.00,26572,7648,36930,0,0,461,0.00,0.00,0.00,0,0.00,0.00,0.00,0.00,0.00,0.00,0.00,0.00,0.00,0.00,0.00,0.00,0.00,0.00,65507.00,2732.00,89610.10,154.74,0.00,0.00,0.00,0.00,0.00,0.00,0.00,0.00,0.00,0.00,0.00,0.00,0.00,0.00,0.00,0.00,0.00,0.00,0.00,0.00,0.00,0.00,0.00,0.00,0.00,0.00,0.00,0.00,0.00,0.00,723,3,5,0,0,0,65474.00,0.00,5458.00,2731.00,62744.00,2728.00,0.00,0.00,0.00,0.00,0.00,0.00,0.00,0.00,0.00,0.00,0.00,0.00,0.00,0.00,0.00,0.00,0.00,0.00,0.00,0.00,0.00,0.00,0.00,0.00,0.00,0.00,0.00,0.00,0.00,0.00,0.00,0.00,0.00,0.00,0.00,0.00,0.00,0.00,5459.00,2732.00,2730.00,0.00,3.00,0.00,0.00,0.00,0.00,0.00,0.00,3,2,1,0,0.00,0.00,0.00,0.00,0.00,0.00,0.00,0.00,0.00,0.00,0.00,0.00,0.00,0.00,0.00,0.00,0.00,0.00,0.00,0.00,0.00,0.00,0.00,0.00,0.00,0.00,0.00,0.00,0.00,0.00,0.00,0.00,0.00,0.00,0.00,0.00,0.00,0.00,0.00,0.00,0.00,0.00,0.00,0.00,0.00,0.00,0.00,0.00,0.00,0.00,0.00,0.00,0.00,65527.00,0.00,0.00,0.00,0.00,1995.37
0.50,0.00,0.00,0.00,0.00,0.00,9.00,0.00,0.00,90.50,0.00,358.00,0.00,0.00,0.00,0.00,4.00,0.00,31756.00,0.00,0.00,0.00,0.00,0.00,0.00,0.00,0.00,0.00,674960,1141536,1365760,66.93,47680,537552,3722120,182.39,850012,352296,40,617176,100440,7376,28916,0,0,0,0.00,0,0.00,0,0,0.00,26572,7648,36930,0,0,461,0.00,0.00,0.00,0,0.00,0.00,0.00,0.00,0.00,0.00,0.00,0.00,0.00,0.00,0.00,0.00,0.00,0.00,64253.00,2679.00,87902.09,151.74,0.00,0.00,0.00,0.00,0.00,0.00,0.00,1.00,0.00,0.00,0.00,0.00,0.00,0.00,0.00,0.00,0.00,0.00,0.00,0.00,0.00,0.00,0.00,0.00,0.00,0.00,0.00,0.00,0.00,0.00,723,3,5,0,0,0,64273.00,0.00,5357.00,2680.00,61594.00,2678.00,0.00,0.00,0.00,0.00,0.00,0.00,0.00,0.00,0.00,0.00,0.00,0.00,0.00,0.00,0.00,0.00,0.00,0.00,0.00,0.00,0.00,0.00,0.00,0.00,0.00,0.00,0.00,0.00,0.00,0.00,0.00,0.00,0.00,0.00,0.00,0.00,0.00,0.00,5355.00,2679.00,2678.00,0.00,2.00,0.00,0.00,0.00,0.00,0.00,0.00,3,2,1,0,0.00,0.00,0.00,0.00,0.00,0.00,0.00,0.00,0.00,0.00,0.00,0.00,0.00,0.00,0.00,0.00,0.00,0.00,0.00,0.00,0.00,0.00,0.00,0.00,0.00,0.00,0.00,0.00,0.00,0.00,0.00,0.00,0.00,0.00,0.00,0.00,0.00,0.00,0.00,0.00,0.00,0.00,0.00,0.00,0.00,0.00,0.00,0.00,0.00,0.00,0.00,0.00,0.00,64257.00,0.00,0.00,0.00,0.00,1995.37
0.51,0.00,0.00,0.00,0.00,0.00,8.59,0.00,0.00,90.91,0.00,351.00,0.00,0.00,0.00,0.00,0.00,0.00,32099.00,0.00,0.00,0.00,0.00,0.00,0.00,0.00,0.00,0.00,674928,1141504,1365792,66.93,47680,537564,3722120,182.39,850012,352296,52,617176,100440,7376,28916,0,0,0,0.00,0,0.00,0,0,0.00,26572,7648,36930,0,0,461,0.00,0.00,0.00,0,0.00,0.00,0.00,0.00,0.00,0.00,0.00,0.00,0.00,0.00,0.00,0.00,0.00,0.00,63675.00,2657.00,87113.92,150.49,0.00,0.00,0.00,0.00,0.00,0.00,0.00,0.00,0.00,0.00,0.00,0.00,0.00,0.00,0.00,0.00,0.00,0.00,0.00,0.00,0.00,0.00,0.00,0.00,0.00,0.00,0.00,0.00,0.00,0.00,723,3,5,0,0,0,63672.00,0.00,5306.00,2656.00,61019.00,2653.00,0.00,0.00,0.00,0.00,0.00,0.00,0.00,0.00,0.00,0.00,0.00,0.00,0.00,0.00,0.00,0.00,0.00,0.00,0.00,0.00,0.00,0.00,0.00,0.00,0.00,0.00,0.00,0.00,0.00,0.00,0.00,0.00,0.00,0.00,0.00,0.00,0.00,0.00,5306.00,2656.00,2653.00,0.00,3.00,0.00,0.00,0.00,0.00,0.00,0.00,3,2,1,0,0.00,0.00,0.00,0.00,0.00,0.00,0.00,0.00,0.00,0.00,0.00,0.00,0.00,0.00,0.00,0.00,0.00,0.00,0.00,0.00,0.00,0.00,0.00,0.00,0.00,0.00,0.00,0.00,0.00,0.00,0.00,0.00,0.00,0.00,0.00,0.00,0.00,0.00,0.00,0.00,0.00,0.00,0.00,0.00,0.00,0.00,0.00,0.00,0.00,0.00,0.00,0.00,0.00,63642.00,0.00,0.00,0.00,0.00,1995.37
0.00,0.00,0.00,0.00,0.50,0.00,9.90,0.00,0.00,89.60,0.00,355.00,0.00,0.00,0.00,0.00,0.00,0.00,30916.00,0.00,0.00,0.00,0.00,0.00,0.00,0.00,0.00,0.00,674896,1141472,1365824,66.93,47680,537580,3722120,182.39,850012,352296,68,617176,100440,7376,28916,0,0,0,0.00,0,0.00,0,0,0.00,26572,7648,36930,0,0,461,0.00,0.00,0.00,0,0.00,0.00,0.00,0.00,0.00,0.00,0.00,0.00,0.00,0.00,0.00,0.00,0.00,0.00,62476.00,2605.00,85472.19,147.55,0.00,0.00,0.00,0.00,0.00,0.00,0.00,1.00,0.00,0.00,0.00,0.00,0.00,0.00,0.00,0.00,0.00,0.00,0.00,0.00,0.00,0.00,0.00,0.00,0.00,0.00,0.00,0.00,0.00,0.00,723,3,5,0,0,0,62447.00,0.00,5203.00,2605.00,59846.00,2602.00,0.00,0.00,0.00,0.00,0.00,0.00,0.00,0.00,0.00,0.00,0.00,0.00,0.00,0.00,0.00,0.00,0.00,0.00,0.00,0.00,0.00,0.00,0.00,0.00,0.00,0.00,0.00,0.00,0.00,0.00,0.00,0.00,0.00,0.00,0.00,0.00,0.00,0.00,5204.00,2606.00,2601.00,0.00,3.00,0.00,0.00,0.00,0.00,0.00,0.00,3,2,1,0,0.00,0.00,0.00,0.00,0.00,0.00,0.00,0.00,0.00,0.00,0.00,0.00,0.00,0.00,0.00,0.00,0.00,0.00,0.00,0.00,0.00,0.00,0.00,0.00,0.00,0.00,0.00,0.00,0.00,0.00,0.00,0.00,0.00,0.00,0.00,0.00,0.00,0.00,0.00,0.00,0.00,0.00,0.00,0.00,0.00,0.00,0.00,0.00,0.00,0.00,0.00,0.00,0.00,62461.00,0.00,0.00,0.00,0.00,1995.37
0.00,0.00,0.52,0.00,0.00,0.00,5.73,0.00,0.00,93.75,0.00,331.00,0.00,0.00,0.00,0.00,0.00,0.00,30124.00,0.00,0.00,0.00,0.00,0.00,0.00,0.00,0.00,0.00,675120,1141752,1365600,66.92,47680,537596,3722120,182.39,850012,352352,84,617176,100440,7376,28916,0,0,0,0.00,0,0.00,0,0,0.00,26572,7648,36930,0,0,461,0.00,0.00,0.00,0,0.00,0.00,0.00,0.00,0.00,0.00,0.00,0.00,0.00,0.00,0.00,0.00,0.00,0.00,62066.00,2587.00,84913.86,146.53,0.00,0.00,0.00,0.00,0.00,0.00,0.00,0.00,0.00,0.00,0.00,0.00,0.00,0.00,0.00,0.00,0.00,0.00,0.00,0.00,0.00,0.00,0.00,0.00,0.00,0.00,0.00,0.00,0.00,0.00,723,3,5,0,0,0,62075.00,0.00,5171.00,2587.00,59490.00,2586.00,0.00,0.00,0.00,0.00,0.00,0.00,0.00,0.00,0.00,0.00,0.00,0.00,0.00,0.00,0.00,0.00,0.00,0.00,0.00,0.00,0.00,0.00,0.00,0.00,0.00,0.00,0.00,0.00,0.00,0.00,0.00,0.00,0.00,0.00,0.00,0.00,0.00,0.00,5172.00,2587.00,2586.00,0.00,1.00,0.00,0.00,0.00,0.00,0.00,0.00,3,2,1,0,0.00,0.00,0.00,0.00,0.00,0.00,0.00,0.00,0.00,0.00,0.00,0.00,0.00,0.00,0.00,0.00,0.00,0.00,0.00,0.00,0.00,0.00,0.00,0.00,0.00,0.00,0.00,0.00,0.00,0.00,0.00,0.00,0.00,0.00,0.00,0.00,0.00,0.00,0.00,0.00,0.00,0.00,0.00,0.00,0.00,0.00,0.00,0.00,0.00,0.00,0.00,0.00,0.00,62067.00,0.00,0.00,0.00,0.00,1995.37
1.01,0.00,0.50,2.51,0.00,0.00,7.54,0.00,0.00,88.44,0.00,397.00,0.00,0.00,0.00,160.00,16.00,0.00,30923.00,0.00,0.00,0.00,0.00,10.00,0.00,10.00,0.00,320.00,675024,1141688,1365696,66.92,47688,537612,3722120,182.39,850076,352376,0,617192,100440,7376,28916,0,0,0,0.00,0,0.00,0,0,0.00,26572,7648,36930,0,0,461,0.00,0.00,0.00,0,0.00,0.00,0.00,0.00,0.00,0.00,10.00,0.00,160.00,16.00,0.01,7.20,0.80,0.80,62404.00,2602.00,85373.68,147.38,0.00,0.00,0.00,0.00,0.00,0.00,0.00,1.00,0.00,0.00,0.00,0.00,0.00,0.00,0.00,0.00,0.00,0.00,0.00,0.00,0.00,0.00,0.00,0.00,0.00,0.00,0.00,0.00,0.00,0.00,723,3,5,0,0,0,62387.00,0.00,5199.00,2602.00,59788.00,2600.00,0.00,0.00,0.00,0.00,0.00,0.00,0.00,0.00,0.00,0.00,0.00,0.00,0.00,0.00,0.00,0.00,0.00,0.00,0.00,0.00,0.00,0.00,0.00,0.00,0.00,0.00,0.00,0.00,0.00,0.00,0.00,0.00,0.00,0.00,0.00,0.00,0.00,0.00,5198.00,2601.00,2599.00,0.00,2.00,0.00,0.00,0.00,0.00,0.00,0.00,3,2,1,0,0.00,0.00,0.00,0.00,0.00,0.00,0.00,0.00,0.00,0.00,0.00,0.00,0.00,0.00,0.00,0.00,0.00,0.00,0.00,0.00,0.00,0.00,0.00,0.00,0.00,0.00,0.00,0.00,0.00,0.00,0.00,0.00,0.00,0.00,0.00,0.00,0.00,0.00,0.00,0.00,0.00,0.00,0.00,0.00,0.00,0.00,0.00,0.00,0.00,0.00,0.00,0.00,0.00,62405.00,0.00,0.00,0.00,0.00,1995.37
0.49,0.00,0.00,0.00,0.00,0.00,11.27,0.00,0.00,88.24,0.00,371.00,0.00,0.00,0.00,0.00,0.00,0.00,29588.00,0.00,0.00,0.00,0.00,0.00,0.00,0.00,0.00,0.00,674868,1141536,1365852,66.93,47688,537628,3722120,182.39,850068,352376,20,617172,100444,7376,28916,0,0,0,0.00,0,0.00,0,0,0.00,26572,7648,36930,0,0,461,0.00,0.00,0.00,0,0.00,0.00,0.00,0.00,0.00,0.00,0.00,0.00,0.00,0.00,0.00,0.00,0.00,0.00,60199.00,2512.00,82352.93,142.28,0.00,0.00,0.00,0.00,0.00,0.00,0.00,0.00,0.00,0.00,0.00,0.00,0.00,0.00,0.00,0.00,0.00,0.00,0.00,0.00,0.00,0.00,0.00,0.00,0.00,0.00,0.00,0.00,0.00,0.00,723,3,5,0,0,0,60194.00,0.00,5018.00,2512.00,57684.00,2508.00,0.00,0.00,0.00,0.00,0.00,0.00,0.00,0.00,0.00,0.00,0.00,0.00,0.00,0.00,0.00,0.00,0.00,0.00,0.00,0.00,0.00,0.00,0.00,0.00,0.00,0.00,0.00,0.00,0.00,0.00,0.00,0.00,0.00,0.00,0.00,0.00,0.00,0.00,5019.00,2513.00,2510.00,0.00,4.00,0.00,0.00,0.00,0.00,0.00,0.00,3,2,1,0,0.00,0.00,0.00,0.00,0.00,0.00,0.00,0.00,0.00,0.00,0.00,0.00,0.00,0.00,0.00,0.00,0.00,0.00,0.00,0.00,0.00,0.00,0.00,0.00,0.00,0.00,0.00,0.00,0.00,0.00,0.00,0.00,0.00,0.00,0.00,0.00,0.00,0.00,0.00,0.00,0.00,0.00,0.00,0.00,0.00,0.00,0.00,0.00,0.00,0.00,0.00,0.00,0.00,60199.00,0.00,0.00,0.00,0.00,1995.37
0.49,0.00,0.00,0.00,0.00,0.00,10.34,0.00,0.00,89.16,0.00,365.00,0.00,0.00,0.00,0.00,0.00,0.00,29956.00,0.00,0.00,0.00,0.00,0.00,0.00,0.00,0.00,0.00,674868,1141536,1365852,66.93,47688,537644,3722120,182.39,850068,352376,36,617172,100444,7376,28916,0,0,0,0.00,0,0.00,0,0,0.00,26572,7648,36930,0,0,461,0.00,0.00,0.00,0,0.00,0.00,0.00,0.00,0.00,0.00,0.00,0.00,0.00,0.00,0.00,0.00,0.00,0.00,59313.00,2472.00,81138.12,140.02,0.00,0.00,0.00,0.00,0.00,0.00,0.00,1.00,0.00,0.00,0.00,0.00,0.00,0.00,0.00,0.00,0.00,0.00,0.00,0.00,0.00,0.00,0.00,0.00,0.00,0.00,0.00,0.00,0.00,0.00,723,3,5,0,0,0,59328.00,0.00,4944.00,2473.00,56856.00,2472.00,0.00,0.00,0.00,0.00,0.00,0.00,0.00,0.00,0.00,0.00,0.00,0.00,0.00,0.00,0.00,0.00,0.00,0.00,0.00,0.00,0.00,0.00,0.00,0.00,0.00,0.00,0.00,0.00,0.00,0.00,0.00,0.00,0.00,0.00,0.00,0.00,0.00,0.00,4942.00,2472.00,2471.00,0.00,1.00,0.00,0.00,0.00,0.00,0.00,0.00,3,2,1,0,0.00,0.00,0.00,0.00,0.00,0.00,0.00,0.00,0.00,0.00,0.00,0.00,0.00,0.00,0.00,0.00,0.00,0.00,0.00,0.00,0.00,0.00,0.00,0.00,0.00,0.00,0.00,0.00,0.00,0.00,0.00,0.00,0.00,0.00,0.00,0.00,0.00,0.00,0.00,0.00,0.00,0.00,0.00,0.00,0.00,0.00,0.00,0.00,0.00,0.00,0.00,0.00,0.00,59312.00,0.00,0.00,0.00,0.00,1995.37
0.00,0.00,0.49,0.00,0.49,0.00,9.85,0.00,0.00,89.16,0.00,390.00,0.00,0.00,0.00,0.00,0.00,0.00,28476.00,0.00,0.00,0.00,0.00,0.00,0.00,0.00,0.00,0.00,674900,1141568,1365820,66.93,47688,537660,3722120,182.39,850068,352376,52,617172,100444,7376,28916,0,0,0,0.00,0,0.00,0,0,0.00,26572,7648,36930,0,0,461,0.00,0.00,0.00,0,0.00,0.00,0.00,0.00,0.00,0.00,0.00,0.00,0.00,0.00,0.00,0.00,0.00,0.00,57389.00,2392.00,78511.04,135.48,0.00,0.00,0.00,0.00,0.00,0.00,0.00,0.00,0.00,0.00,0.00,0.00,0.00,0.00,0.00,0.00,0.00,0.00,0.00,0.00,0.00,0.00,0.00,0.00,0.00,0.00,0.00,0.00,0.00,0.00,723,3,5,0,1,0,57405.00,0.00,4780.00,2393.00,55016.00,2392.00,0.00,0.00,0.00,0.00,0.00,0.00,0.00,0.00,0.00,0.00,0.00,0.00,0.00,0.00,0.00,0.00,0.00,0.00,0.00,0.00,0.00,0.00,0.00,0.00,0.00,0.00,0.00,0.00,0.00,0.00,0.00,0.00,0.00,0.00,0.00,0.00,0.00,0.00,4781.00,2393.00,2389.00,0.00,1.00,0.00,0.00,0.00,0.00,0.00,0.00,3,2,1,0,0.00,0.00,0.00,0.00,0.00,0.00,0.00,0.00,0.00,0.00,0.00,0.00,0.00,0.00,0.00,0.00,0.00,0.00,0.00,0.00,0.00,0.00,0.00,0.00,0.00,0.00,0.00,0.00,0.00,0.00,0.00,0.00,0.00,0.00,0.00,0.00,0.00,0.00,0.00,0.00,0.00,0.00,0.00,0.00,0.00,0.00,0.00,0.00,0.00,0.00,0.00,0.00,0.00,57485.00,0.00,0.00,0.00,0.00,1995.37
0.00,0.00,0.50,0.00,0.00,0.00,9.50,0.00,0.00,90.00,0.00,393.00,0.00,0.00,0.00,0.00,0.00,0.00,28668.00,0.00,0.00,0.00,0.00,0.00,0.00,0.00,0.00,0.00,674900,1141624,1365820,66.93,47688,537676,3722120,182.39,850068,352432,68,617172,100444,7376,28916,0,0,0,0.00,0,0.00,0,0,0.00,26572,7648,36930,0,1,461,0.00,0.00,0.00,0,0.00,0.00,0.00,0.00,0.00,0.00,0.00,0.00,0.00,0.00,0.00,0.00,0.00,0.00,57462.00,2397.00,78609.60,135.78,0.00,0.00,0.00,0.00,0.00,0.00,0.00,1.00,0.00,0.00,0.00,0.00,0.00,0.00,0.00,0.00,0.00,0.00,0.00,0.00,0.00,0.00,0.00,0.00,0.00,0.00,0.00,0.00,0.00,0.00,723,3,5,0,0,0,57407.00,0.00,4784.00,2394.00,55016.00,2392.00,0.00,0.00,0.00,0.00,0.00,0.00,0.00,0.00,0.00,0.00,0.00,0.00,0.00,0.00,0.00,0.00,0.00,0.00,0.00,0.00,0.00,0.00,0.00,0.00,0.00,0.00,0.00,0.00,0.00,0.00,0.00,0.00,0.00,0.00,0.00,0.00,0.00,0.00,4783.00,2394.00,2391.00,0.00,2.00,0.00,0.00,0.00,0.00,0.00,0.00,3,2,1,0,0.00,0.00,0.00,1.00,0.00,0.00,0.00,1.00,0.00,0.00,0.00,0.00,0.00,0.00,0.00,0.00,0.00,0.00,0.00,0.00,0.00,0.00,1.00,0.00,0.00,0.00,0.00,0.00,0.00,0.00,0.00,0.00,1.00,0.00,0.00,0.00,0.00,0.00,0.00,0.00,0.00,0.00,0.00,0.00,0.00,0.00,0.00,0.00,0.00,0.00,0.00,0.00,0.00,57367.00,0.00,0.00,0.00,0.00,1995.37
0.00,0.00,0.00,5.39,0.00,0.00,11.27,0.00,0.00,83.33,0.00,413.00,0.00,0.00,0.00,20.00,0.00,0.00,28260.00,0.00,0.00,0.00,0.00,2.00,0.00,2.00,0.00,40.00,674964,1141688,1365756,66.93,47696,537688,3722120,182.39,850068,352432,88,617172,100444,7376,28916,0,0,0,0.00,0,0.00,0,0,0.00,26572,7648,36930,0,0,461,0.00,0.00,0.00,0,0.00,0.00,0.00,0.00,0.00,0.00,2.00,0.00,20.00,10.00,0.00,56.00,0.00,0.00,56216.00,2348.00,76902.22,132.99,0.00,0.00,0.00,0.00,0.00,0.00,0.00,0.00,0.00,0.00,0.00,0.00,0.00,0.00,0.00,0.00,0.00,0.00,0.00,0.00,0.00,0.00,0.00,0.00,0.00,0.00,0.00,0.00,0.00,0.00,723,3,5,0,0,0,56212.00,0.00,4688.00,2348.00,53866.00,2342.00,0.00,0.00,0.00,0.00,0.00,0.00,0.00,0.00,0.00,0.00,0.00,0.00,0.00,0.00,0.00,0.00,0.00,0.00,0.00,0.00,0.00,0.00,0.00,0.00,0.00,0.00,0.00,0.00,0.00,0.00,0.00,0.00,0.00,0.00,0.00,0.00,0.00,0.00,4689.00,2349.00,2346.00,0.00,6.00,0.00,0.00,0.00,0.00,0.00,0.00,3,2,1,0,0.00,0.00,0.00,0.00,0.00,0.00,0.00,0.00,0.00,0.00,0.00,0.00,0.00,0.00,0.00,0.00,0.00,0.00,0.00,0.00,0.00,0.00,0.00,0.00,0.00,0.00,0.00,0.00,0.00,0.00,0.00,0.00,0.00,0.00,0.00,0.00,0.00,0.00,0.00,0.00,0.00,0.00,0.00,0.00,0.00,0.00,0.00,0.00,0.00,0.00,0.00,0.00,0.00,56240.00,0.00,0.00,0.00,0.00,1995.37
0.00,0.00,0.50,0.00,0.00,0.00,9.50,0.00,0.00,90.00,0.00,375.00,0.00,0.00,0.00,0.00,0.00,0.00,27348.00,0.00,0.00,0.00,0.00,0.00,0.00,0.00,0.00,0.00,674932,1141656,1365788,66.93,47696,537704,3722120,182.39,850068,352432,104,617172,100444,7376,28916,0,0,0,0.00,0,0.00,0,0,0.00,26572,7648,36930,0,0,461,0.00,0.00,0.00,0,0.00,0.00,0.00,0.00,0.00,0.00,0.00,0.00,0.00,0.00,0.00,0.00,0.00,0.00,55282.00,2308.00,75621.73,130.73,0.00,0.00,0.00,0.00,0.00,0.00,0.00,1.00,0.00,0.00,0.00,0.00,0.00,0.00,0.00,0.00,0.00,0.00,0.00,0.00,0.00,0.00,0.00,0.00,0.00,0.00,0.00,0.00,0.00,0.00,723,3,5,0,0,0,55275.00,0.00,4609.00,2308.00,52969.00,2303.00,0.00,0.00,0.00,0.00,0.00,0.00,0.00,0.00,0.00,0.00,0.00,0.00,0.00,0.00,0.00,0.00,0.00,0.00,0.00,0.00,0.00,0.00,0.00,0.00,0.00,0.00,0.00,0.00,0.00,0.00,0.00,0.00,0.00,0.00,0.00,0.00,0.00,0.00,4609.00,2308.00,2307.00,0.00,5.00,0.00,0.00,0.00,0.00,0.00,0.00,3,2,1,0,0.00,0.00,0.00,0.00,0.00,0.00,0.00,0.00,0.00,0.00,0.00,0.00,0.00,0.00,0.00,0.00,0.00,0.00,0.00,0.00,0.00,0.00,0.00,0.00,0.00,0.00,0.00,0.00,0.00,0.00,0.00,0.00,0.00,0.00,0.00,0.00,0.00,0.00,0.00,0.00,0.00,0.00,0.00,0.00,0.00,0.00,0.00,0.00,0.00,0.00,0.00,0.00,0.00,55258.00,0.00,0.00,0.00,0.00,1995.37
0.50,0.00,0.00,0.00,0.00,0.00,9.50,0.00,0.00,90.00,0.00,394.00,0.00,0.00,0.00,0.00,0.00,0.00,28596.00,0.00,0.00,0.00,0.00,0.00,0.00,0.00,0.00,0.00,674836,1141616,1365884,66.93,47696,537720,3722120,182.39,850076,352480,120,617172,100444,7376,28916,0,0,0,0.00,0,0.00,0,0,0.00,26572,7648,36930,0,0,461,0.00,0.00,0.00,0,0.00,0.00,0.00,0.00,0.00,0.00,0.00,0.00,0.00,0.00,0.00,0.00,0.00,0.00,56888.00,2371.00,77821.65,134.29,0.00,0.00,0.00,0.00,0.00,0.00,0.00,0.00,0.00,0.00,0.00,0.00,0.00,0.00,0.00,0.00,0.00,0.00,0.00,0.00,0.00,0.00,0.00,0.00,0.00,0.00,0.00,0.00,0.00,0.00,723,3,5,0,0,0,56879.00,0.00,4739.00,2371.00,54510.00,2370.00,0.00,0.00,0.00,0.00,0.00,0.00,0.00,0.00,0.00,0.00,0.00,0.00,0.00,0.00,0.00,0.00,0.00,0.00,0.00,0.00,0.00,0.00,0.00,0.00,0.00,0.00,0.00,0.00,0.00,0.00,0.00,0.00,0.00,0.00,0.00,0.00,0.00,0.00,4738.00,2370.00,2368.00,0.00,1.00,0.00,0.00,0.00,0.00,0.00,0.00,3,2,1,0,0.00,0.00,0.00,0.00,0.00,0.00,0.00,0.00,0.00,0.00,0.00,0.00,0.00,0.00,0.00,0.00,0.00,0.00,0.00,0.00,0.00,0.00,0.00,0.00,0.00,0.00,0.00,0.00,0.00,0.00,0.00,0.00,0.00,0.00,0.00,0.00,0.00,0.00,0.00,0.00,0.00,0.00,0.00,0.00,0.00,0.00,0.00,0.00,0.00,0.00,0.00,0.00,0.00,56888.00,0.00,0.00,0.00,0.00,1995.37
0.00,0.00,0.00,0.00,0.48,0.00,12.08,0.00,0.00,87.44,0.00,398.00,0.00,0.00,0.00,0.00,0.00,0.00,27996.00,0.00,0.00,0.00,0.00,0.00,0.00,0.00,0.00,0.00,674932,1141712,1365788,66.93,47696,537736,3722120,182.39,850076,352480,136,617172,100444,7376,28916,0,0,0,0.00,0,0.00,0,0,0.00,26572,7648,36930,0,0,461,0.00,0.00,0.00,0,0.00,0.00,0.00,0.00,0.00,0.00,0.00,0.00,0.00,0.00,0.00,0.00,0.00,0.00,55757.00,2325.00,76278.18,131.69,0.00,0.00,0.00,0.00,0.00,0.00,0.00,1.00,0.00,0.00,0.00,0.00,0.00,0.00,0.00,0.00,0.00,0.00,0.00,0.00,0.00,0.00,0.00,0.00,0.00,0.00,0.00,0.00,0.00,0.00,723,3,5,0,0,0,55799.00,0.00,4649.00,2327.00,53475.00,2325.00,0.00,0.00,0.00,0.00,0.00,0.00,0.00,0.00,0.00,0.00,0.00,0.00,0.00,0.00,0.00,0.00,0.00,0.00,0.00,0.00,0.00,0.00,0.00,0.00,0.00,0.00,0.00,0.00,0.00,0.00,0.00,0.00,0.00,0.00,0.00,0.00,0.00,0.00,4650.00,2327.00,2325.00,0.00,2.00,0.00,0.00,0.00,0.00,0.00,0.00,3,2,1,0,0.00,0.00,0.00,0.00,0.00,0.00,0.00,0.00,0.00,0.00,0.00,0.00,0.00,0.00,0.00,0.00,0.00,0.00,0.00,0.00,0.00,0.00,0.00,0.00,0.00,0.00,0.00,0.00,0.00,0.00,0.00,0.00,0.00,0.00,0.00,0.00,0.00,0.00,0.00,0.00,0.00,0.00,0.00,0.00,0.00,0.00,0.00,0.00,0.00,0.00,0.00,0.00,0.00,55805.00,0.00,0.00,0.00,0.00,1995.37
0.49,0.00,0.49,0.00,0.00,0.00,10.34,0.00,0.00,88.67,0.00,398.00,0.00,0.00,0.00,0.00,0.00,0.00,26908.00,0.00,0.00,0.00,0.00,0.00,0.00,0.00,0.00,0.00,674804,1141584,1365916,66.93,47696,537752,3722120,182.39,850076,352480,152,617172,100444,7376,28916,0,0,0,0.00,0,0.00,0,0,0.00,26572,7648,36930,0,0,461,0.00,0.00,0.00,0,0.00,0.00,0.00,0.00,0.00,0.00,0.00,0.00,0.00,0.00,0.00,0.00,0.00,0.00,54914.00,2290.00,75128.75,129.71,0.00,0.00,0.00,0.00,0.00,0.00,0.00,0.00,0.00,0.00,0.00,0.00,0.00,0.00,0.00,0.00,0.00,0.00,0.00,0.00,0.00,0.00,0.00,0.00,0.00,0.00,0.00,0.00,0.00,0.00,723,3,5,0,0,0,54865.00,0.00,4573.00,2288.00,52578.00,2286.00,0.00,0.00,0.00,0.00,0.00,0.00,0.00,0.00,0.00,0.00,0.00,0.00,0.00,0.00,0.00,0.00,0.00,0.00,0.00,0.00,0.00,0.00,0.00,0.00,0.00,0.00,0.00,0.00,0.00,0.00,0.00,0.00,0.00,0.00,0.00,0.00,0.00,0.00,4572.00,2288.00,2286.00,0.00,2.00,0.00,0.00,0.00,0.00,0.00,0.00,3,2,1,0,0.00,0.00,0.00,0.00,0.00,0.00,0.00,0.00,0.00,0.00,0.00,0.00,0.00,0.00,0.00,0.00,0.00,0.00,0.00,0.00,0.00,0.00,0.00,0.00,0.00,0.00,0.00,0.00,0.00,0.00,0.00,0.00,0.00,0.00,0.00,0.00,0.00,0.00,0.00,0.00,0.00,0.00,0.00,0.00,0.00,0.00,0.00,0.00,0.00,0.00,0.00,0.00,0.00,54867.00,0.00,0.00,0.00,0.00,1995.37
0.00,0.00,0.00,4.90,0.00,0.00,11.27,0.00,0.00,83.82,0.00,412.00,0.00,0.00,0.00,12.00,0.00,0.00,27069.00,0.00,0.00,0.00,0.00,2.00,0.00,2.00,0.00,24.00,674808,1141644,1365912,66.93,47704,537768,3722120,182.39,850084,352528,168,617172,100448,7376,28916,0,0,0,0.00,0,0.00,0,0,0.00,26572,7648,36930,0,0,461,0.00,0.00,0.00,0,0.00,0.00,0.00,0.00,0.00,0.00,2.00,0.00,12.00,6.00,0.00,52.00,0.00,0.00,53932.00,2248.00,73782.59,127.33,0.00,0.00,0.00,0.00,0.00,0.00,0.00,1.00,0.00,0.00,0.00,0.00,0.00,0.00,0.00,0.00,0.00,0.00,0.00,0.00,0.00,0.00,0.00,0.00,0.00,0.00,0.00,0.00,0.00,0.00,723,3,5,0,0,0,53949.00,0.00,4493.00,2249.00,51704.00,2248.00,0.00,0.00,0.00,0.00,0.00,0.00,0.00,0.00,0.00,0.00,0.00,0.00,0.00,0.00,0.00,0.00,0.00,0.00,0.00,0.00,0.00,0.00,0.00,0.00,0.00,0.00,0.00,0.00,0.00,0.00,0.00,0.00,0.00,0.00,0.00,0.00,0.00,0.00,4494.00,2249.00,2246.00,0.00,1.00,0.00,0.00,0.00,0.00,0.00,0.00,3,2,1,0,0.00,0.00,0.00,0.00,0.00,0.00,0.00,0.00,0.00,0.00,0.00,0.00,0.00,0.00,0.00,0.00,0.00,0.00,0.00,0.00,0.00,0.00,0.00,0.00,0.00,0.00,0.00,0.00,0.00,0.00,0.00,0.00,0.00,0.00,0.00,0.00,0.00,0.00,0.00,0.00,0.00,0.00,0.00,0.00,0.00,0.00,0.00,0.00,0.00,0.00,0.00,0.00,0.00,53954.00,0.00,0.00,0.00,0.00,1995.37
0.50,0.00,0.00,0.00,0.00,0.00,9.45,0.00,0.00,90.05,0.00,392.00,0.00,0.00,0.00,176.00,0.00,0.00,24732.00,0.00,0.00,0.00,0.00,2.00,0.00,2.00,0.00,352.00,674776,1141632,1365944,66.93,47704,537784,3722120,182.39,850084,352548,0,617172,100448,7376,28916,0,0,0,0.00,0,0.00,0,0,0.00,26572,7648,36930,0,0,461,0.00,0.00,0.00,0,0.00,0.00,0.00,0.00,0.00,0.00,2.00,0.00,176.00,88.00,0.00,0.00,0.00,0.00,51272.00,2138.00,70138.03,121.08,0.00,0.00,0.00,0.00,0.00,0.00,0.00,0.00,0.00,0.00,0.00,0.00,0.00,0.00,0.00,0.00,0.00,0.00,0.00,0.00,0.00,0.00,0.00,0.00,0.00,0.00,0.00,0.00,0.00,0.00,723,3,5,0,0,0,51265.00,0.00,4273.00,2137.00,49128.00,2136.00,0.00,0.00,0.00,0.00,0.00,0.00,0.00,0.00,0.00,0.00,0.00,0.00,0.00,0.00,0.00,0.00,0.00,0.00,0.00,0.00,0.00,0.00,0.00,0.00,0.00,0.00,0.00,0.00,0.00,0.00,0.00,0.00,0.00,0.00,0.00,0.00,0.00,0.00,4272.00,2137.00,2136.00,0.00,1.00,0.00,0.00,0.00,0.00,0.00,0.00,3,2,1,0,0.00,0.00,0.00,0.00,0.00,0.00,0.00,0.00,0.00,0.00,0.00,0.00,0.00,0.00,0.00,0.00,0.00,0.00,0.00,0.00,0.00,0.00,0.00,0.00,0.00,0.00,0.00,0.00,0.00,0.00,0.00,0.00,0.00,0.00,0.00,0.00,0.00,0.00,0.00,0.00,0.00,0.00,0.00,0.00,0.00,0.00,0.00,0.00,0.00,0.00,0.00,0.00,0.00,51248.00,0.00,0.00,0.00,0.00,1995.37
0.00,0.00,0.50,0.00,0.00,0.00,8.54,0.00,0.00,90.95,0.00,367.00,0.00,0.00,0.00,0.00,0.00,0.00,24868.00,0.00,0.00,0.00,0.00,0.00,0.00,0.00,0.00,0.00,674680,1141536,1366040,66.94,47704,537800,3722120,182.39,850084,352548,20,617172,100448,7376,28916,0,0,0,0.00,0,0.00,0,0,0.00,26572,7648,36930,0,0,461,0.00,0.00,0.00,0,0.00,0.00,0.00,0.00,0.00,0.00,0.00,0.00,0.00,0.00,0.00,0.00,0.00,0.00,50410.00,2101.00,68956.07,119.00,0.00,0.00,0.00,0.00,0.00,0.00,0.00,3.00,0.00,0.00,0.00,0.00,0.00,0.00,0.00,0.00,0.00,0.00,0.00,0.00,0.00,0.00,0.00,0.00,0.00,0.00,0.00,0.00,0.00,0.00,723,3,5,0,0,0,50402.00,0.00,4202.00,2101.00,48300.00,2100.00,0.00,0.00,0.00,0.00,0.00,0.00,0.00,0.00,0.00,0.00,0.00,0.00,0.00,0.00,0.00,0.00,0.00,0.00,0.00,0.00,0.00,0.00,0.00,0.00,0.00,0.00,0.00,0.00,0.00,0.00,0.00,0.00,0.00,0.00,0.00,0.00,0.00,0.00,4202.00,2101.00,2102.00,0.00,1.00,0.00,0.00,0.00,0.00,0.00,0.00,3,2,1,0,0.00,0.00,0.00,0.00,0.00,0.00,0.00,0.00,0.00,0.00,0.00,0.00,0.00,0.00,0.00,0.00,0.00,0.00,0.00,0.00,0.00,0.00,0.00,0.00,0.00,0.00,0.00,0.00,0.00,0.00,0.00,0.00,0.00,0.00,0.00,0.00,0.00,0.00,0.00,0.00,0.00,0.00,0.00,0.00,0.00,0.00,0.00,0.00,0.00,0.00,0.00,0.00,0.00,50410.00,0.00,0.00,0.00,0.00,1995.37
0.49,0.00,0.00,0.00,0.49,0.00,9.80,0.00,0.00,89.22,0.00,383.00,0.00,0.00,0.00,0.00,0.00,0.00,24108.00,0.00,0.00,0.00,0.00,0.00,0.00,0.00,0.00,0.00,674648,1141504,1366072,66.94,47704,537816,3722120,182.39,850084,352548,36,617172,100448,7376,28916,0,0,0,0.00,0,0.00,0,0,0.00,26572,7648,36930,0,0,461,0.00,0.00,0.00,0,0.00,0.00,0.00,0.00,0.00,0.00,0.00,0.00,0.00,0.00,0.00,0.00,0.00,0.00,49370.00,2059.00,67544.88,116.62,0.00,0.00,0.00,0.00,0.00,0.00,0.00,0.00,0.00,0.00,0.00,0.00,0.00,0.00,0.00,0.00,0.00,0.00,0.00,0.00,0.00,0.00,0.00,0.00,0.00,0.00,0.00,0.00,0.00,0.00,723,3,5,0,0,0,49366.00,0.00,4112.00,2059.00,47311.00,2057.00,0.00,0.00,0.00,0.00,0.00,0.00,0.00,0.00,0.00,0.00,0.00,0.00,0.00,0.00,0.00,0.00,0.00,0.00,0.00,0.00,0.00,0.00,0.00,0.00,0.00,0.00,0.00,0.00,0.00,0.00,0.00,0.00,0.00,0.00,0.00,0.00,0.00,0.00,4111.00,2059.00,2054.00,0.00,2.00,0.00,0.00,0.00,0.00,0.00,0.00,3,2,1,0,0.00,0.00,0.00,0.00,0.00,0.00,0.00,0.00,0.00,0.00,0.00,0.00,0.00,0.00,0.00,0.00,0.00,0.00,0.00,0.00,0.00,0.00,0.00,0.00,0.00,0.00,0.00,0.00,0.00,0.00,0.00,0.00,0.00,0.00,0.00,0.00,0.00,0.00,0.00,0.00,0.00,0.00,0.00,0.00,0.00,0.00,0.00,0.00,0.00,0.00,0.00,0.00,0.00,49373.00,0.00,0.00,0.00,0.00,1995.37
0.50,0.00,0.00,0.00,0.00,0.00,8.96,0.00,0.00,90.55,0.00,379.00,0.00,0.00,0.00,0.00,0.00,0.00,24724.00,0.00,0.00,0.00,0.00,0.00,0.00,0.00,0.00,0.00,674744,1141600,1365976,66.94,47704,537828,3722120,182.39,850084,352548,48,617172,100448,7376,28916,0,0,0,0.00,0,0.00,0,0,0.00,26572,7648,36930,0,0,461,0.00,0.00,0.00,0,0.00,0.00,0.00,0.00,0.00,0.00,0.00,0.00,0.00,0.00,0.00,0.00,0.00,0.00,49544.00,2066.00,67773.83,117.02,0.00,0.00,0.00,0.00,0.00,0.00,0.00,1.00,0.00,0.00,0.00,0.00,0.00,0.00,0.00,0.00,0.00,0.00,0.00,0.00,0.00,0.00,0.00,0.00,0.00,0.00,0.00,0.00,0.00,0.00,723,3,5,0,0,0,49514.00,0.00,4128.00,2065.00,47449.00,2063.00,0.00,0.00,0.00,0.00,0.00,0.00,0.00,0.00,0.00,0.00,0.00,0.00,0.00,0.00,0.00,0.00,0.00,0.00,0.00,0.00,0.00,0.00,0.00,0.00,0.00,0.00,0.00,0.00,0.00,0.00,0.00,0.00,0.00,0.00,0.00,0.00,0.00,0.00,4128.00,2065.00,2065.00,0.00,2.00,0.00,0.00,0.00,0.00,0.00,0.00,3,2,1,0,0.00,0.00,0.00,0.00,0.00,0.00,0.00,0.00,0.00,0.00,0.00,0.00,0.00,0.00,0.00,0.00,0.00,0.00,0.00,0.00,0.00,0.00,0.00,0.00,0.00,0.00,0.00,0.00,0.00,0.00,0.00,0.00,0.00,0.00,0.00,0.00,0.00,0.00,0.00,0.00,0.00,0.00,0.00,0.00,0.00,0.00,0.00,0.00,0.00,0.00,0.00,0.00,0.00,49519.00,0.00,0.00,0.00,0.00,1995.37
0.00,0.00,0.51,2.05,0.00,0.00,6.67,0.00,0.00,90.77,0.00,367.00,0.00,0.00,0.00,20.00,0.00,0.00,24428.00,0.00,0.00,0.00,0.00,2.00,0.00,2.00,0.00,40.00,674776,1141688,1365944,66.93,47712,537844,3722120,182.39,850092,352596,72,617172,100448,7376,28916,0,0,0,0.00,0,0.00,0,0,0.00,26572,7648,36930,0,0,461,0.00,0.00,0.00,0,0.00,0.00,0.00,0.00,0.00,0.00,2.00,0.00,20.00,10.00,0.00,24.00,0.00,0.00,48436.00,2019.00,66263.17,114.36,0.00,0.00,0.00,0.00,0.00,0.00,0.00,0.00,0.00,0.00,0.00,0.00,0.00,0.00,0.00,0.00,0.00,0.00,0.00,0.00,0.00,0.00,0.00,0.00,0.00,0.00,0.00,0.00,0.00,0.00,723,3,5,0,0,0,48452.00,0.00,4033.00,2020.00,46437.00,2019.00,0.00,0.00,0.00,0.00,0.00,0.00,0.00,0.00,0.00,0.00,0.00,0.00,0.00,0.00,0.00,0.00,0.00,0.00,0.00,0.00,0.00,0.00,0.00,0.00,0.00,0.00,0.00,0.00,0.00,0.00,0.00,0.00,0.00,0.00,0.00,0.00,0.00,0.00,4034.00,2020.00,2015.00,0.00,1.00,0.00,0.00,0.00,0.00,0.00,0.00,3,2,1,0,0.00,0.00,0.00,0.00,0.00,0.00,0.00,0.00,0.00,0.00,0.00,0.00,0.00,0.00,0.00,0.00,0.00,0.00,0.00,0.00,0.00,0.00,0.00,0.00,0.00,0.00,0.00,0.00,0.00,0.00,0.00,0.00,0.00,0.00,0.00,0.00,0.00,0.00,0.00,0.00,0.00,0.00,0.00,0.00,0.00,0.00,0.00,0.00,0.00,0.00,0.00,0.00,0.00,48482.00,0.00,0.00,0.00,0.00,1995.37
0.00,0.00,0.00,0.00,0.00,0.00,8.50,0.00,0.00,91.50,0.00,378.00,0.00,0.00,0.00,0.00,0.00,0.00,22908.00,0.00,0.00,0.00,0.00,0.00,0.00,0.00,0.00,0.00,674744,1141656,1365976,66.94,47712,537860,3722120,182.39,850092,352596,88,617172,100448,7376,28916,0,0,0,0.00,0,0.00,0,0,0.00,26572,7648,36930,0,0,461,0.00,0.00,0.00,0,0.00,0.00,0.00,0.00,0.00,0.00,0.00,0.00,0.00,0.00,0.00,0.00,0.00,0.00,47049.00,1965.00,64358.95,111.28,0.00,0.00,0.00,0.00,0.00,0.00,0.00,1.00,0.00,0.00,0.00,0.00,0.00,0.00,0.00,0.00,0.00,0.00,0.00,0.00,0.00,0.00,0.00,0.00,0.00,0.00,0.00,0.00,0.00,0.00,723,3,5,0,0,0,47019.00,0.00,3922.00,1964.00,45057.00,1959.00,0.00,0.00,0.00,0.00,0.00,0.00,0.00,0.00,0.00,0.00,0.00,0.00,0.00,0.00,0.00,0.00,0.00,0.00,0.00,0.00,0.00,0.00,0.00,0.00,0.00,0.00,0.00,0.00,0.00,0.00,0.00,0.00,0.00,0.00,0.00,0.00,0.00,0.00,3921.00,1964.00,1962.00,0.00,5.00,0.00,0.00,0.00,0.00,0.00,0.00,3,2,1,0,0.00,0.00,0.00,0.00,0.00,0.00,0.00,0.00,0.00,0.00,0.00,0.00,0.00,0.00,0.00,0.00,0.00,0.00,0.00,0.00,0.00,0.00,0.00,0.00,0.00,0.00,0.00,0.00,0.00,0.00,0.00,0.00,0.00,0.00,0.00,0.00,0.00,0.00,0.00,0.00,0.00,0.00,0.00,0.00,0.00,0.00,0.00,0.00,0.00,0.00,0.00,0.00,0.00,47002.00,0.00,0.00,0.00,0.00,1995.37
0.50,0.00,0.00,0.00,0.50,0.00,8.00,0.00,0.00,91.00,0.00,381.00,0.00,0.00,0.00,0.00,0.00,0.00,23028.00,0.00,0.00,0.00,0.00,0.00,0.00,0.00,0.00,0.00,674716,1141628,1366004,66.94,47712,537876,3722120,182.39,850092,352596,104,617172,100448,7376,28916,0,0,0,0.00,0,0.00,0,0,0.00,26572,7648,36930,0,0,461,0.00,0.00,0.00,0,0.00,0.00,0.00,0.00,0.00,0.00,0.00,0.00,0.00,0.00,0.00,0.00,0.00,0.00,45868.00,1913.00,62750.01,108.35,0.00,0.00,0.00,0.00,0.00,0.00,0.00,1.00,0.00,0.00,0.00,0.00,0.00,0.00,0.00,0.00,0.00,0.00,0.00,0.00,0.00,0.00,0.00,0.00,0.00,0.00,0.00,0.00,0.00,0.00,723,3,5,0,1,0,45889.00,0.00,3824.00,1912.00,43976.00,1911.00,0.00,0.00,0.00,0.00,0.00,0.00,0.00,0.00,0.00,0.00,0.00,0.00,0.00,0.00,0.00,0.00,0.00,0.00,0.00,0.00,0.00,0.00,0.00,0.00,0.00,0.00,0.00,0.00,0.00,0.00,0.00,0.00,0.00,0.00,0.00,0.00,0.00,0.00,3826.00,1913.00,1914.00,0.00,1.00,0.00,0.00,0.00,0.00,0.00,0.00,3,2,1,0,0.00,0.00,0.00,0.00,0.00,0.00,0.00,0.00,0.00,0.00,0.00,0.00,0.00,0.00,0.00,0.00,0.00,0.00,0.00,0.00,0.00,0.00,0.00,0.00,0.00,0.00,0.00,0.00,0.00,0.00,0.00,0.00,0.00,0.00,0.00,0.00,0.00,0.00,0.00,0.00,0.00,0.00,0.00,0.00,0.00,0.00,0.00,0.00,0.00,0.00,0.00,0.00,0.00,45914.00,0.00,0.00,0.00,0.00,1995.37
0.00,0.00,0.00,0.00,0.00,0.00,8.54,0.00,0.00,91.46,0.00,367.00,0.00,0.00,0.00,0.00,0.00,0.00,22804.00,0.00,0.00,0.00,0.00,0.00,0.00,0.00,0.00,0.00,674588,1141556,1366132,66.94,47712,537892,3722120,182.39,850092,352652,120,617172,100448,7376,28916,0,0,0,0.00,0,0.00,0,0,0.00,26572,7648,36930,0,0,461,0.00,0.00,0.00,0,0.00,0.00,0.00,0.00,0.00,0.00,0.00,0.00,0.00,0.00,0.00,0.00,0.00,0.00,45560.00,1899.00,62323.07,107.56,0.00,0.00,0.00,0.00,0.00,0.00,0.00,1.00,0.00,0.00,0.00,0.00,0.00,0.00,0.00,0.00,0.00,0.00,0.00,0.00,0.00,0.00,0.00,0.00,0.00,0.00,0.00,0.00,0.00,0.00,723,3,5,0,0,0,45553.00,0.00,3798.00,1900.00,43654.00,1899.00,0.00,0.00,0.00,0.00,0.00,0.00,0.00,0.00,0.00,0.00,0.00,0.00,0.00,0.00,0.00,0.00,0.00,0.00,0.00,0.00,0.00,0.00,0.00,0.00,0.00,0.00,0.00,0.00,0.00,0.00,0.00,0.00,0.00,0.00,0.00,0.00,0.00,0.00,3796.00,1899.00,1898.00,0.00,1.00,0.00,0.00,0.00,0.00,0.00,0.00,3,2,1,0,0.00,0.00,0.00,0.00,0.00,0.00,0.00,0.00,0.00,0.00,0.00,0.00,0.00,0.00,0.00,0.00,0.00,0.00,0.00,0.00,0.00,0.00,0.00,0.00,0.00,0.00,0.00,0.00,0.00,0.00,0.00,0.00,0.00,0.00,0.00,0.00,0.00,0.00,0.00,0.00,0.00,0.00,0.00,0.00,0.00,0.00,0.00,0.00,0.00,0.00,0.00,0.00,0.00,45537.00,0.00,0.00,0.00,0.00,1995.37
0.00,0.00,0.00,0.00,0.00,0.00,7.54,0.00,0.00,92.46,0.00,364.00,0.00,0.00,0.00,0.00,0.00,0.00,21876.00,0.00,0.00,0.00,0.00,0.00,0.00,0.00,0.00,0.00,674588,1141556,1366132,66.94,47712,537908,3722120,182.39,850092,352652,136,617172,100448,7376,28916,0,0,0,0.00,0,0.00,0,0,0.00,26572,7648,36930,0,0,461,0.00,0.00,0.00,0,0.00,0.00,0.00,0.00,0.00,0.00,0.00,0.00,0.00,0.00,0.00,0.00,0.00,0.00,43516.00,1813.00,59531.80,102.69,0.00,0.00,0.00,0.00,0.00,0.00,0.00,0.00,0.00,0.00,0.00,0.00,0.00,0.00,0.00,0.00,0.00,0.00,0.00,0.00,0.00,0.00,0.00,0.00,0.00,0.00,0.00,0.00,0.00,0.00,723,3,5,0,0,0,43487.00,0.00,3623.00,1812.00,41676.00,1812.00,0.00,0.00,0.00,0.00,0.00,0.00,0.00,0.00,0.00,0.00,0.00,0.00,0.00,0.00,0.00,0.00,0.00,0.00,0.00,0.00,0.00,0.00,0.00,0.00,0.00,0.00,0.00,0.00,0.00,0.00,0.00,0.00,0.00,0.00,0.00,0.00,0.00,0.00,3623.00,1812.00,1812.00,0.00,0.00,0.00,0.00,0.00,0.00,0.00,0.00,3,2,1,0,0.00,0.00,0.00,0.00,0.00,0.00,0.00,0.00,0.00,0.00,0.00,0.00,0.00,0.00,0.00,0.00,0.00,0.00,0.00,0.00,0.00,0.00,0.00,0.00,0.00,0.00,0.00,0.00,0.00,0.00,0.00,0.00,0.00,0.00,0.00,0.00,0.00,0.00,0.00,0.00,0.00,0.00,0.00,0.00,0.00,0.00,0.00,0.00,0.00,0.00,0.00,0.00,0.00,43494.00,0.00,0.00,0.00,0.00,1995.37
0.00,0.00,0.00,2.56,0.00,0.00,6.67,0.00,0.00,90.77,0.00,376.00,0.00,0.00,0.00,12.00,1.00,0.00,21558.00,0.00,0.00,0.00,0.00,2.00,0.00,2.00,0.00,24.00,674652,1141624,1366068,66.94,47720,537924,3722120,182.39,850092,352652,152,617176,100452,7376,28916,0,0,0,0.00,0,0.00,0,0,0.00,26572,7648,36930,0,0,461,0.00,0.00,0.00,0,0.00,0.00,0.00,0.00,0.00,0.00,2.00,0.00,12.00,6.00,0.00,28.00,0.00,0.00,43011.00,1792.00,58842.16,101.50,0.00,0.00,0.00,0.00,0.00,0.00,0.00,1.00,0.00,0.00,0.00,0.00,0.00,0.00,0.00,0.00,0.00,0.00,0.00,0.00,0.00,0.00,0.00,0.00,0.00,0.00,0.00,0.00,0.00,0.00,723,3,5,0,0,0,43033.00,0.00,3587.00,1793.00,41239.00,1793.00,0.00,0.00,0.00,0.00,0.00,0.00,0.00,0.00,0.00,0.00,0.00,0.00,0.00,0.00,0.00,0.00,0.00,0.00,0.00,0.00,0.00,0.00,0.00,0.00,0.00,0.00,0.00,0.00,0.00,0.00,0.00,0.00,0.00,0.00,0.00,0.00,0.00,0.00,3588.00,1794.00,1794.00,0.00,0.00,0.00,0.00,0.00,0.00,0.00,0.00,3,2,1,0,0.00,0.00,0.00,0.00,0.00,0.00,0.00,0.00,0.00,0.00,0.00,0.00,0.00,0.00,0.00,0.00,0.00,0.00,0.00,0.00,0.00,0.00,0.00,0.00,0.00,0.00,0.00,0.00,0.00,0.00,0.00,0.00,0.00,0.00,0.00,0.00,0.00,0.00,0.00,0.00,0.00,0.00,0.00,0.00,0.00,0.00,0.00,0.00,0.00,0.00,0.00,0.00,0.00,43081.00,0.00,0.00,0.00,0.00,1995.37
0.50,0.00,0.00,0.00,0.00,0.00,7.50,0.00,0.00,92.00,0.00,359.00,0.00,0.00,0.00,0.00,0.00,0.00,20988.00,0.00,0.00,0.00,0.00,0.00,0.00,0.00,0.00,0.00,674620,1141648,1366100,66.94,47720,537940,3722120,182.39,850100,352700,168,617176,100452,7376,28916,0,0,0,0.00,0,0.00,0,0,0.00,26572,7648,36930,0,0,461,0.00,0.00,0.00,0,0.00,0.00,0.00,0.00,0.00,0.00,0.00,0.00,0.00,0.00,0.00,0.00,0.00,0.00,41473.00,1728.00,56740.57,97.88,0.00,0.00,0.00,0.00,0.00,0.00,0.00,0.00,0.00,0.00,0.00,0.00,0.00,0.00,0.00,0.00,0.00,0.00,0.00,0.00,0.00,0.00,0.00,0.00,0.00,0.00,0.00,0.00,0.00,0.00,723,3,5,0,0,0,41447.00,0.00,3453.00,1727.00,39721.00,1727.00,0.00,0.00,0.00,0.00,0.00,0.00,0.00,0.00,0.00,0.00,0.00,0.00,0.00,0.00,0.00,0.00,0.00,0.00,0.00,0.00,0.00,0.00,0.00,0.00,0.00,0.00,0.00,0.00,0.00,0.00,0.00,0.00,0.00,0.00,0.00,0.00,0.00,0.00,3453.00,1726.00,1726.00,0.00,0.00,0.00,0.00,0.00,0.00,0.00,0.00,3,2,1,0,0.00,0.00,0.00,0.00,0.00,0.00,0.00,0.00,0.00,0.00,0.00,0.00,0.00,0.00,0.00,0.00,0.00,0.00,0.00,0.00,0.00,0.00,0.00,0.00,0.00,0.00,0.00,0.00,0.00,0.00,0.00,0.00,0.00,0.00,0.00,0.00,0.00,0.00,0.00,0.00,0.00,0.00,0.00,0.00,0.00,0.00,0.00,0.00,0.00,0.00,0.00,0.00,0.00,41403.00,0.00,0.00,0.00,0.00,1995.37
0.51,0.00,0.51,0.00,0.51,0.00,6.06,0.00,0.00,92.42,0.00,341.00,0.00,0.00,0.00,0.00,0.00,0.00,19924.00,0.00,0.00,0.00,0.00,0.00,0.00,0.00,0.00,0.00,674588,1141616,1366132,66.94,47720,537952,3722120,182.39,850100,352700,180,617176,100452,7376,28916,0,0,0,0.00,0,0.00,0,0,0.00,26572,7648,36930,0,0,461,0.00,0.00,0.00,0,0.00,0.00,0.00,0.00,0.00,0.00,0.00,0.00,0.00,0.00,0.00,0.00,0.00,0.00,40565.00,1691.00,55493.03,95.78,0.00,0.00,0.00,0.00,0.00,0.00,0.00,1.00,0.00,0.00,0.00,0.00,0.00,0.00,0.00,0.00,0.00,0.00,0.00,0.00,0.00,0.00,0.00,0.00,0.00,0.00,0.00,0.00,0.00,0.00,723,3,5,0,0,0,40561.00,0.00,3381.00,1691.00,38870.00,1690.00,0.00,0.00,0.00,0.00,0.00,0.00,0.00,0.00,0.00,0.00,0.00,0.00,0.00,0.00,0.00,0.00,0.00,0.00,0.00,0.00,0.00,0.00,0.00,0.00,0.00,0.00,0.00,0.00,0.00,0.00,0.00,0.00,0.00,0.00,0.00,0.00,0.00,0.00,3381.00,1692.00,1690.00,0.00,1.00,0.00,0.00,0.00,0.00,0.00,0.00,3,2,1,0,0.00,0.00,0.00,0.00,0.00,0.00,0.00,0.00,0.00,0.00,0.00,0.00,0.00,0.00,0.00,0.00,0.00,0.00,0.00,0.00,0.00,0.00,0.00,0.00,0.00,0.00,0.00,0.00,0.00,0.00,0.00,0.00,0.00,0.00,0.00,0.00,0.00,0.00,0.00,0.00,0.00,0.00,0.00,0.00,0.00,0.00,0.00,0.00,0.00,0.00,0.00,0.00,0.00,40566.00,0.00,0.00,0.00,0.00,1995.37
0.00,0.00,0.50,0.00,0.00,0.00,7.50,0.00,0.00,92.00,0.00,365.00,0.00,0.00,0.00,0.00,0.00,0.00,20076.00,0.00,0.00,0.00,0.00,0.00,0.00,0.00,0.00,0.00,674652,1141680,1366068,66.94,47720,537968,3722120,182.39,850100,352700,196,617176,100452,7376,28916,0,0,0,0.00,0,0.00,0,0,0.00,26572,7648,36930,0,0,461,0.00,0.00,0.00,0,0.00,0.00,0.00,0.00,0.00,0.00,0.00,0.00,0.00,0.00,0.00,0.00,0.00,0.00,39824.00,1659.00,54475.28,93.97,0.00,0.00,0.00,0.00,0.00,0.00,0.00,0.00,0.00,0.00,0.00,0.00,0.00,0.00,0.00,0.00,0.00,0.00,0.00,0.00,0.00,0.00,0.00,0.00,0.00,0.00,0.00,0.00,0.00,0.00,723,3,5,0,0,0,39832.00,0.00,3319.00,1659.00,38172.00,1659.00,0.00,0.00,0.00,0.00,0.00,0.00,0.00,0.00,0.00,0.00,0.00,0.00,0.00,0.00,0.00,0.00,0.00,0.00,0.00,0.00,0.00,0.00,0.00,0.00,0.00,0.00,0.00,0.00,0.00,0.00,0.00,0.00,0.00,0.00,0.00,0.00,0.00,0.00,3319.00,1659.00,1660.00,0.00,0.00,0.00,0.00,0.00,0.00,0.00,0.00,3,2,1,0,0.00,0.00,0.00,0.00,0.00,0.00,0.00,0.00,0.00,0.00,0.00,0.00,0.00,0.00,0.00,0.00,0.00,0.00,0.00,0.00,0.00,0.00,0.00,0.00,0.00,0.00,0.00,0.00,0.00,0.00,0.00,0.00,0.00,0.00,0.00,0.00,0.00,0.00,0.00,0.00,0.00,0.00,0.00,0.00,0.00,0.00,0.00,0.00,0.00,0.00,0.00,0.00,0.00,39846.00,0.00,0.00,0.00,0.00,1995.37
0.00,0.00,0.00,0.00,0.00,0.00,8.00,0.00,0.00,92.00,0.00,366.00,0.00,0.00,0.00,0.00,0.00,0.00,18988.00,0.00,0.00,0.00,0.00,0.00,0.00,0.00,0.00,0.00,674464,1141492,1366256,66.95,47720,537984,3722120,182.39,850100,352700,212,617176,100452,7376,28916,0,0,0,0.00,0,0.00,0,0,0.00,26572,7648,36930,0,0,461,0.00,0.00,0.00,0,0.00,0.00,0.00,0.00,0.00,0.00,0.00,0.00,0.00,0.00,0.00,0.00,0.00,0.00,38256.00,1595.00,52340.49,90.34,0.00,0.00,0.00,0.00,0.00,0.00,0.00,1.00,0.00,0.00,0.00,0.00,0.00,0.00,0.00,0.00,0.00,0.00,0.00,0.00,0.00,0.00,0.00,0.00,0.00,0.00,0.00,0.00,0.00,0.00,723,3,5,0,0,0,38264.00,0.00,3189.00,1596.00,36670.00,1595.00,0.00,0.00,0.00,0.00,0.00,0.00,0.00,0.00,0.00,0.00,0.00,0.00,0.00,0.00,0.00,0.00,0.00,0.00,0.00,0.00,0.00,0.00,0.00,0.00,0.00,0.00,0.00,0.00,0.00,0.00,0.00,0.00,0.00,0.00,0.00,0.00,0.00,0.00,3188.00,1595.00,1594.00,0.00,1.00,0.00,0.00,0.00,0.00,0.00,0.00,3,2,1,0,0.00,0.00,0.00,0.00,0.00,0.00,0.00,0.00,0.00,0.00,0.00,0.00,0.00,0.00,0.00,0.00,0.00,0.00,0.00,0.00,0.00,0.00,0.00,0.00,0.00,0.00,0.00,0.00,0.00,0.00,0.00,0.00,0.00,0.00,0.00,0.00,0.00,0.00,0.00,0.00,0.00,0.00,0.00,0.00,0.00,0.00,0.00,0.00,0.00,0.00,0.00,0.00,0.00,38257.00,0.00,0.00,0.00,0.00,1995.37
0.00,0.00,0.00,5.05,0.00,0.00,7.07,0.00,0.00,87.88,0.00,377.00,0.00,0.00,0.00,12.00,0.00,0.00,18804.00,0.00,0.00,0.00,0.00,2.00,0.00,2.00,0.00,24.00,674432,1141516,1366288,66.95,47728,538000,3722120,182.39,850104,352752,228,617176,100452,7376,28916,0,0,0,0.00,0,0.00,0,0,0.00,26572,7648,36930,0,0,461,0.00,0.00,0.00,0,0.00,0.00,0.00,0.00,0.00,0.00,2.00,0.00,12.00,6.00,0.00,52.00,0.00,0.00,37155.00,1551.00,50830.20,87.85,0.00,0.00,0.00,0.00,0.00,0.00,0.00,0.00,0.00,0.00,0.00,0.00,0.00,0.00,0.00,0.00,0.00,0.00,0.00,0.00,0.00,0.00,0.00,0.00,0.00,0.00,0.00,0.00,0.00,0.00,723,3,5,0,0,0,37129.00,0.00,3095.00,1550.00,35581.00,1547.00,0.00,0.00,0.00,0.00,0.00,0.00,0.00,0.00,0.00,0.00,0.00,0.00,0.00,0.00,0.00,0.00,0.00,0.00,0.00,0.00,0.00,0.00,0.00,0.00,0.00,0.00,0.00,0.00,0.00,0.00,0.00,0.00,0.00,0.00,0.00,0.00,0.00,0.00,3096.00,1550.00,1549.00,0.00,3.00,0.00,0.00,0.00,0.00,0.00,0.00,3,2,1,0,0.00,0.00,0.00,0.00,0.00,0.00,0.00,0.00,0.00,0.00,0.00,0.00,0.00,0.00,0.00,0.00,0.00,0.00,0.00,0.00,0.00,0.00,0.00,0.00,0.00,0.00,0.00,0.00,0.00,0.00,0.00,0.00,0.00,0.00,0.00,0.00,0.00,0.00,0.00,0.00,0.00,0.00,0.00,0.00,0.00,0.00,0.00,0.00,0.00,0.00,0.00,0.00,0.00,37148.00,0.00,0.00,0.00,0.00,1995.37
0.50,0.00,0.00,0.00,0.50,0.00,7.00,0.00,0.00,92.00,0.00,351.00,0.00,0.00,0.00,0.00,0.00,0.00,19484.00,0.00,0.00,0.00,0.00,0.00,0.00,0.00,0.00,0.00,674528,1141612,1366192,66.95,47728,538016,3722120,182.39,850104,352752,244,617176,100452,7376,28916,0,0,0,0.00,0,0.00,0,0,0.00,26572,7648,36930,0,0,461,0.00,0.00,0.00,0,0.00,0.00,0.00,0.00,0.00,0.00,0.00,0.00,0.00,0.00,0.00,0.00,0.00,0.00,38545.00,1606.00,52734.57,90.96,0.00,0.00,0.00,0.00,0.00,0.00,0.00,1.00,0.00,0.00,0.00,0.00,0.00,0.00,0.00,0.00,0.00,0.00,0.00,0.00,0.00,0.00,0.00,0.00,0.00,0.00,0.00,0.00,0.00,0.00,723,3,5,0,0,0,38545.00,0.00,3212.00,1606.00,36938.00,1606.00,0.00,0.00,0.00,0.00,0.00,0.00,0.00,0.00,0.00,0.00,0.00,0.00,0.00,0.00,0.00,0.00,0.00,0.00,0.00,0.00,0.00,0.00,0.00,0.00,0.00,0.00,0.00,0.00,0.00,0.00,0.00,0.00,0.00,0.00,0.00,0.00,0.00,0.00,3212.00,1606.00,1606.00,0.00,0.00,0.00,0.00,0.00,0.00,0.00,0.00,3,2,1,0,0.00,0.00,0.00,0.00,0.00,0.00,0.00,0.00,0.00,0.00,0.00,0.00,0.00,0.00,0.00,0.00,0.00,0.00,0.00,0.00,0.00,0.00,0.00,0.00,0.00,0.00,0.00,0.00,0.00,0.00,0.00,0.00,0.00,0.00,0.00,0.00,0.00,0.00,0.00,0.00,0.00,0.00,0.00,0.00,0.00,0.00,0.00,0.00,0.00,0.00,0.00,0.00,0.00,38551.00,0.00,0.00,0.00,0.00,1995.37
0.00,0.00,0.00,0.00,0.00,0.00,9.76,0.00,0.00,90.24,0.00,390.00,0.00,0.00,0.00,0.00,0.00,0.00,17140.00,0.00,0.00,0.00,0.00,0.00,0.00,0.00,0.00,0.00,674528,1141612,1366192,66.95,47728,538032,3722120,182.39,850104,352752,260,617176,100452,7376,28916,0,0,0,0.00,0,0.00,0,0,0.00,26572,7648,36930,0,0,461,0.00,0.00,0.00,0,0.00,0.00,0.00,0.00,0.00,0.00,0.00,0.00,0.00,0.00,0.00,0.00,0.00,0.00,35621.00,1485.00,48728.83,84.11,0.00,0.00,0.00,0.00,0.00,0.00,0.00,0.00,0.00,0.00,0.00,0.00,0.00,0.00,0.00,0.00,0.00,0.00,0.00,0.00,0.00,0.00,0.00,0.00,0.00,0.00,0.00,0.00,0.00,0.00,723,3,5,0,0,0,35615.00,0.00,2968.00,1485.00,34132.00,1484.00,0.00,0.00,0.00,0.00,0.00,0.00,0.00,0.00,0.00,0.00,0.00,0.00,0.00,0.00,0.00,0.00,0.00,0.00,0.00,0.00,0.00,0.00,0.00,0.00,0.00,0.00,0.00,0.00,0.00,0.00,0.00,0.00,0.00,0.00,0.00,0.00,0.00,0.00,2967.00,1485.00,1483.00,0.00,1.00,0.00,0.00,0.00,0.00,0.00,0.00,3,2,1,0,0.00,0.00,0.00,0.00,0.00,0.00,0.00,0.00,0.00,0.00,0.00,0.00,0.00,0.00,0.00,0.00,0.00,0.00,0.00,0.00,0.00,0.00,0.00,0.00,0.00,0.00,0.00,0.00,0.00,0.00,0.00,0.00,0.00,0.00,0.00,0.00,0.00,0.00,0.00,0.00,0.00,0.00,0.00,0.00,0.00,0.00,0.00,0.00,0.00,0.00,0.00,0.00,0.00,35621.00,0.00,0.00,0.00,0.00,1995.37
0.50,0.00,0.50,0.00,0.00,0.00,6.53,0.00,0.00,92.46,0.00,358.00,0.00,0.00,0.00,0.00,0.00,0.00,18124.00,0.00,0.00,0.00,0.00,0.00,0.00,0.00,0.00,0.00,674432,1141572,1366288,66.95,47728,538048,3722120,182.39,850104,352808,276,617176,100452,7376,28916,0,0,0,0.00,0,0.00,0,0,0.00,26572,7648,36930,0,0,461,0.00,0.00,0.00,0,0.00,0.00,0.00,0.00,0.00,0.00,0.00,0.00,0.00,0.00,0.00,0.00,0.00,0.00,35983.00,1500.00,49221.47,84.96,0.00,0.00,0.00,0.00,0.00,0.00,0.00,1.00,0.00,0.00,0.00,0.00,0.00,0.00,0.00,0.00,0.00,0.00,0.00,0.00,0.00,0.00,0.00,0.00,0.00,0.00,0.00,0.00,0.00,0.00,723,3,5,0,0,0,36000.00,0.00,3000.00,1501.00,34500.00,1500.00,0.00,0.00,0.00,0.00,0.00,0.00,0.00,0.00,0.00,0.00,0.00,0.00,0.00,0.00,0.00,0.00,0.00,0.00,0.00,0.00,0.00,0.00,0.00,0.00,0.00,0.00,0.00,0.00,0.00,0.00,0.00,0.00,0.00,0.00,0.00,0.00,0.00,0.00,3000.00,1501.00,1501.00,0.00,1.00,0.00,0.00,0.00,0.00,0.00,0.00,3,2,1,0,0.00,0.00,0.00,0.00,0.00,0.00,0.00,0.00,0.00,0.00,0.00,0.00,0.00,0.00,0.00,0.00,0.00,0.00,0.00,0.00,0.00,0.00,0.00,0.00,0.00,0.00,0.00,0.00,0.00,0.00,0.00,0.00,0.00,0.00,0.00,0.00,0.00,0.00,0.00,0.00,0.00,0.00,0.00,0.00,0.00,0.00,0.00,0.00,0.00,0.00,0.00,0.00,0.00,36006.00,0.00,0.00,0.00,0.00,1995.37
0.00,0.00,0.00,0.00,0.50,0.00,7.00,0.00,0.00,92.50,0.00,358.00,0.00,0.00,0.00,0.00,0.00,0.00,15931.00,0.00,0.00,0.00,0.00,0.00,0.00,0.00,0.00,0.00,674528,1141668,1366192,66.95,47728,538064,3722120,182.39,850104,352808,292,617176,100456,7376,28916,0,0,0,0.00,0,0.00,0,0,0.00,26572,7648,36930,0,0,461,0.00,0.00,0.00,0,0.00,0.00,0.00,0.00,0.00,0.00,0.00,0.00,0.00,0.00,0.00,0.00,0.00,0.00,33766.00,1407.00,46200.06,79.69,0.00,0.00,0.00,0.00,0.00,0.00,0.00,0.00,0.00,0.00,0.00,0.00,0.00,0.00,0.00,0.00,0.00,0.00,0.00,0.00,0.00,0.00,0.00,0.00,0.00,0.00,0.00,0.00,0.00,0.00,723,3,5,0,0,0,33742.00,0.00,2810.00,1406.00,32338.00,1406.00,0.00,0.00,0.00,0.00,0.00,0.00,0.00,0.00,0.00,0.00,0.00,0.00,0.00,0.00,0.00,0.00,0.00,0.00,0.00,0.00,0.00,0.00,0.00,0.00,0.00,0.00,0.00,0.00,0.00,0.00,0.00,0.00,0.00,0.00,0.00,0.00,0.00,0.00,2811.00,1406.00,1403.00,0.00,0.00,0.00,0.00,0.00,0.00,0.00,0.00,3,2,1,0,0.00,0.00,0.00,0.00,0.00,0.00,0.00,0.00,0.00,0.00,0.00,0.00,0.00,0.00,0.00,0.00,0.00,0.00,0.00,0.00,0.00,0.00,0.00,0.00,0.00,0.00,0.00,0.00,0.00,0.00,0.00,0.00,0.00,0.00,0.00,0.00,0.00,0.00,0.00,0.00,0.00,0.00,0.00,0.00,0.00,0.00,0.00,0.00,0.00,0.00,0.00,0.00,0.00,33742.00,0.00,0.00,0.00,0.00,1995.37
0.50,0.00,0.50,4.02,0.00,0.00,5.53,0.00,0.00,89.45,0.00,367.00,0.00,0.00,0.00,12.00,0.00,0.00,16404.00,0.00,0.00,0.00,0.00,2.00,0.00,2.00,0.00,24.00,674528,1141668,1366192,66.95,47736,538080,3722120,182.39,850104,352808,308,617176,100456,7376,28916,0,0,0,0.00,0,0.00,0,0,0.00,26572,7648,36930,0,0,461,0.00,0.00,0.00,0,0.00,0.00,0.00,0.00,0.00,0.00,2.00,0.00,12.00,6.00,0.00,38.00,0.00,0.00,32645.00,1362.00,44657.16,77.14,0.00,0.00,0.00,0.00,0.00,0.00,0.00,1.00,0.00,0.00,0.00,0.00,0.00,0.00,0.00,0.00,0.00,0.00,0.00,0.00,0.00,0.00,0.00,0.00,0.00,0.00,0.00,0.00,0.00,0.00,723,3,5,0,0,0,32664.00,0.00,2722.00,1363.00,31303.00,1361.00,0.00,0.00,0.00,0.00,0.00,0.00,0.00,0.00,0.00,0.00,0.00,0.00,0.00,0.00,0.00,0.00,0.00,0.00,0.00,0.00,0.00,0.00,0.00,0.00,0.00,0.00,0.00,0.00,0.00,0.00,0.00,0.00,0.00,0.00,0.00,0.00,0.00,0.00,2722.00,1363.00,1362.00,0.00,2.00,0.00,0.00,0.00,0.00,0.00,0.00,3,2,1,0,0.00,0.00,0.00,0.00,0.00,0.00,0.00,0.00,0.00,0.00,0.00,0.00,0.00,0.00,0.00,0.00,0.00,0.00,0.00,0.00,0.00,0.00,0.00,0.00,0.00,0.00,0.00,0.00,0.00,0.00,0.00,0.00,0.00,0.00,0.00,0.00,0.00,0.00,0.00,0.00,0.00,0.00,0.00,0.00,0.00,0.00,0.00,0.00,0.00,0.00,0.00,0.00,0.00,32645.00,0.00,0.00,0.00,0.00,1995.37
0.00,0.00,0.00,0.00,0.00,0.00,7.04,0.00,0.00,92.96,0.00,348.00,0.00,0.00,0.00,0.00,0.00,0.00,15884.00,0.00,0.00,0.00,0.00,0.00,0.00,0.00,0.00,0.00,674372,1141568,1366348,66.95,47736,538092,3722120,182.39,850112,352856,320,617176,100456,7376,28916,0,0,0,0.00,0,0.00,0,0,0.00,26572,7648,36930,0,0,461,0.00,0.00,0.00,0,0.00,0.00,0.00,0.00,0.00,0.00,0.00,0.00,0.00,0.00,0.00,0.00,0.00,0.00,31517.00,1315.00,43113.88,74.48,0.00,0.00,0.00,0.00,0.00,0.00,0.00,0.00,0.00,0.00,0.00,0.00,0.00,0.00,0.00,0.00,0.00,0.00,0.00,0.00,0.00,0.00,0.00,0.00,0.00,0.00,0.00,0.00,0.00,0.00,723,3,5,0,0,0,31512.00,0.00,2626.00,1315.00,30199.00,1313.00,0.00,0.00,0.00,0.00,0.00,0.00,0.00,0.00,0.00,0.00,0.00,0.00,0.00,0.00,0.00,0.00,0.00,0.00,0.00,0.00,0.00,0.00,0.00,0.00,0.00,0.00,0.00,0.00,0.00,0.00,0.00,0.00,0.00,0.00,0.00,0.00,0.00,0.00,2626.00,1315.00,1313.00,0.00,2.00,0.00,0.00,0.00,0.00,0.00,0.00,3,2,1,0,0.00,0.00,0.00,0.00,0.00,0.00,0.00,0.00,0.00,0.00,0.00,0.00,0.00,0.00,0.00,0.00,0.00,0.00,0.00,0.00,0.00,0.00,0.00,0.00,0.00,0.00,0.00,0.00,0.00,0.00,0.00,0.00,0.00,0.00,0.00,0.00,0.00,0.00,0.00,0.00,0.00,0.00,0.00,0.00,0.00,0.00,0.00,0.00,0.00,0.00,0.00,0.00,0.00,31540.00,0.00,0.00,0.00,0.00,1995.37
0.49,0.00,0.49,0.00,0.00,0.00,7.88,0.00,0.00,91.13,0.00,350.00,0.00,0.00,0.00,0.00,0.00,0.00,15651.00,0.00,0.00,0.00,0.00,0.00,0.00,0.00,0.00,0.00,674308,1141504,1366412,66.96,47736,538108,3722120,182.39,850112,352856,336,617176,100456,7376,28916,0,0,0,0.00,0,0.00,0,0,0.00,26572,7648,36930,0,0,461,0.00,0.00,0.00,0,0.00,0.00,0.00,0.00,0.00,0.00,0.00,0.00,0.00,0.00,0.00,0.00,0.00,0.00,31037.00,1295.00,42457.15,73.35,0.00,0.00,0.00,0.00,0.00,0.00,0.00,1.00,0.00,0.00,0.00,0.00,0.00,0.00,0.00,0.00,0.00,0.00,0.00,0.00,0.00,0.00,0.00,0.00,0.00,0.00,0.00,0.00,0.00,0.00,723,3,5,0,0,0,31035.00,0.00,2588.00,1295.00,29739.00,1293.00,0.00,0.00,0.00,0.00,0.00,0.00,0.00,0.00,0.00,0.00,0.00,0.00,0.00,0.00,0.00,0.00,0.00,0.00,0.00,0.00,0.00,0.00,0.00,0.00,0.00,0.00,0.00,0.00,0.00,0.00,0.00,0.00,0.00,0.00,0.00,0.00,0.00,0.00,2588.00,1295.00,1295.00,0.00,2.00,0.00,0.00,0.00,0.00,0.00,0.00,3,2,1,0,0.00,0.00,0.00,0.00,0.00,0.00,0.00,0.00,0.00,0.00,0.00,0.00,0.00,0.00,0.00,0.00,0.00,0.00,0.00,0.00,0.00,0.00,0.00,0.00,0.00,0.00,0.00,0.00,0.00,0.00,0.00,0.00,0.00,0.00,0.00,0.00,0.00,0.00,0.00,0.00,0.00,0.00,0.00,0.00,0.00,0.00,0.00,0.00,0.00,0.00,0.00,0.00,0.00,31014.00,0.00,0.00,0.00,0.00,1995.37
0.00,0.00,0.00,0.00,0.00,0.00,7.00,0.00,0.00,93.00,0.00,348.00,0.00,0.00,0.00,0.00,0.00,0.00,14515.00,0.00,0.00,0.00,0.00,0.00,0.00,0.00,0.00,0.00,674372,1141568,1366348,66.95,47736,538124,3722120,182.39,850112,352856,352,617176,100456,7376,28916,0,0,0,0.00,0,0.00,0,0,0.00,26572,7648,36930,0,0,461,0.00,0.00,0.00,0,0.00,0.00,0.00,0.00,0.00,0.00,0.00,0.00,0.00,0.00,0.00,0.00,0.00,0.00,30170.00,1257.00,41274.90,71.20,0.00,0.00,0.00,0.00,0.00,0.00,0.00,0.00,0.00,0.00,0.00,0.00,0.00,0.00,0.00,0.00,0.00,0.00,0.00,0.00,0.00,0.00,0.00,0.00,0.00,0.00,0.00,0.00,0.00,0.00,723,3,5,0,0,0,30143.00,0.00,2512.00,1256.00,28888.00,1256.00,0.00,0.00,0.00,0.00,0.00,0.00,0.00,0.00,0.00,0.00,0.00,0.00,0.00,0.00,0.00,0.00,0.00,0.00,0.00,0.00,0.00,0.00,0.00,0.00,0.00,0.00,0.00,0.00,0.00,0.00,0.00,0.00,0.00,0.00,0.00,0.00,0.00,0.00,2511.00,1256.00,1255.00,0.00,0.00,0.00,0.00,0.00,0.00,0.00,0.00,3,2,1,0,0.00,0.00,0.00,0.00,0.00,0.00,0.00,0.00,0.00,0.00,0.00,0.00,0.00,0.00,0.00,0.00,0.00,0.00,0.00,0.00,0.00,0.00,0.00,0.00,0.00,0.00,0.00,0.00,0.00,0.00,0.00,0.00,0.00,0.00,0.00,0.00,0.00,0.00,0.00,0.00,0.00,0.00,0.00,0.00,0.00,0.00,0.00,0.00,0.00,0.00,0.00,0.00,0.00,30147.00,0.00,0.00,0.00,0.00,1995.37
0.00,0.00,0.50,0.00,0.50,0.00,6.50,0.00,0.00,92.50,0.00,340.00,0.00,0.00,0.00,0.00,0.00,0.00,14211.00,0.00,0.00,0.00,0.00,0.00,0.00,0.00,0.00,0.00,674372,1141568,1366348,66.95,47736,538140,3722120,182.39,850112,352856,368,617176,100456,7376,28916,0,0,0,0.00,0,0.00,0,0,0.00,26572,7648,36930,0,0,461,0.00,0.00,0.00,0,0.00,0.00,0.00,0.00,0.00,0.00,0.00,0.00,0.00,0.00,0.00,0.00,0.00,0.00,28466.00,1187.00,38943.54,67.23,0.00,0.00,0.00,0.00,0.00,0.00,0.00,1.00,0.00,0.00,0.00,0.00,0.00,0.00,0.00,0.00,0.00,0.00,0.00,0.00,0.00,0.00,0.00,0.00,0.00,0.00,0.00,0.00,0.00,0.00,723,3,5,0,1,0,28487.00,0.00,2372.00,1187.00,27301.00,1187.00,0.00,0.00,0.00,0.00,0.00,0.00,0.00,0.00,0.00,0.00,0.00,0.00,0.00,0.00,0.00,0.00,0.00,0.00,0.00,0.00,0.00,0.00,0.00,0.00,0.00,0.00,0.00,0.00,0.00,0.00,0.00,0.00,0.00,0.00,0.00,0.00,0.00,0.00,2373.00,1188.00,1186.00,0.00,1.00,0.00,0.00,0.00,0.00,0.00,0.00,3,2,1,0,0.00,0.00,0.00,0.00,0.00,0.00,0.00,0.00,0.00,0.00,0.00,0.00,0.00,0.00,0.00,0.00,0.00,0.00,0.00,0.00,0.00,0.00,0.00,0.00,0.00,0.00,0.00,0.00,0.00,0.00,0.00,0.00,0.00,0.00,0.00,0.00,0.00,0.00,0.00,0.00,0.00,0.00,0.00,0.00,0.00,0.00,0.00,0.00,0.00,0.00,0.00,0.00,0.00,28513.00,0.00,0.00,0.00,0.00,1995.37
0.00,0.00,0.00,2.01,0.00,0.00,6.03,0.00,0.00,91.96,0.00,347.00,0.00,0.00,0.00,12.00,0.00,0.00,13724.00,0.00,0.00,0.00,0.00,2.00,0.00,2.00,0.00,24.00,674500,1141752,1366220,66.95,47744,538156,3722120,182.39,850112,352912,384,617176,100456,7376,28916,0,0,0,0.00,0,0.00,0,0,0.00,26572,7648,36930,0,0,461,0.00,0.00,0.00,0,0.00,0.00,0.00,0.00,0.00,0.00,2.00,0.00,12.00,6.00,0.00,22.00,0.00,0.00,27149.00,1132.00,37137.74,64.12,0.00,0.00,0.00,0.00,0.00,0.00,0.00,0.00,0.00,0.00,0.00,0.00,0.00,0.00,0.00,0.00,0.00,0.00,0.00,0.00,0.00,0.00,0.00,0.00,0.00,0.00,0.00,0.00,0.00,0.00,723,3,5,0,0,0,27120.00,0.00,2261.00,1132.00,25990.00,1130.00,0.00,0.00,0.00,0.00,0.00,0.00,0.00,0.00,0.00,0.00,0.00,0.00,0.00,0.00,0.00,0.00,0.00,0.00,0.00,0.00,0.00,0.00,0.00,0.00,0.00,0.00,0.00,0.00,0.00,0.00,0.00,0.00,0.00,0.00,0.00,0.00,0.00,0.00,2260.00,1131.00,1130.00,0.00,1.00,0.00,0.00,0.00,0.00,0.00,0.00,3,2,1,0,0.00,0.00,0.00,0.00,0.00,0.00,0.00,0.00,0.00,0.00,0.00,0.00,0.00,0.00,0.00,0.00,0.00,0.00,0.00,0.00,0.00,0.00,0.00,0.00,0.00,0.00,0.00,0.00,0.00,0.00,0.00,0.00,0.00,0.00,0.00,0.00,0.00,0.00,0.00,0.00,0.00,0.00,0.00,0.00,0.00,0.00,0.00,0.00,0.00,0.00,0.00,0.00,0.00,27125.00,0.00,0.00,0.00,0.00,1995.37
0.00,0.00,0.50,0.00,0.00,0.00,6.03,0.00,0.00,93.47,0.00,327.00,0.00,0.00,0.00,0.00,0.00,0.00,13364.00,0.00,0.00,0.00,0.00,0.00,0.00,0.00,0.00,0.00,674372,1141624,1366348,66.95,47744,538172,3722120,182.39,850112,352912,400,617176,100456,7376,28916,0,0,0,0.00,0,0.00,0,0,0.00,26572,7648,36930,0,0,461,0.00,0.00,0.00,0,0.00,0.00,0.00,0.00,0.00,0.00,0.00,0.00,0.00,0.00,0.00,0.00,0.00,0.00,27030.00,1128.00,36973.60,63.89,0.00,0.00,0.00,0.00,0.00,0.00,0.00,1.00,0.00,0.00,0.00,0.00,0.00,0.00,0.00,0.00,0.00,0.00,0.00,0.00,0.00,0.00,0.00,0.00,0.00,0.00,0.00,0.00,0.00,0.00,723,3,5,0,0,0,27027.00,0.00,2255.00,1128.00,25898.00,1126.00,0.00,0.00,0.00,0.00,0.00,0.00,0.00,0.00,0.00,0.00,0.00,0.00,0.00,0.00,0.00,0.00,0.00,0.00,0.00,0.00,0.00,0.00,0.00,0.00,0.00,0.00,0.00,0.00,0.00,0.00,0.00,0.00,0.00,0.00,0.00,0.00,0.00,0.00,2255.00,1128.00,1129.00,0.00,2.00,0.00,0.00,0.00,0.00,0.00,0.00,3,2,1,0,0.00,0.00,0.00,0.00,0.00,0.00,0.00,0.00,0.00,0.00,0.00,0.00,0.00,0.00,0.00,0.00,0.00,0.00,0.00,0.00,0.00,0.00,0.00,0.00,0.00,0.00,0.00,0.00,0.00,0.00,0.00,0.00,0.00,0.00,0.00,0.00,0.00,0.00,0.00,0.00,0.00,0.00,0.00,0.00,0.00,0.00,0.00,0.00,0.00,0.00,0.00,0.00,0.00,27007.00,0.00,0.00,0.00,0.00,1995.37
0.49,0.00,0.00,0.00,0.49,0.00,7.35,0.00,0.00,91.67,0.00,341.00,0.00,0.00,0.00,0.00,0.00,0.00,13452.00,0.00,0.00,0.00,0.00,0.00,0.00,0.00,0.00,0.00,674340,1141592,1366380,66.96,47744,538188,3722120,182.39,850112,352912,416,617176,100456,7376,28916,0,0,0,0.00,0,0.00,0,0,0.00,26572,7648,36930,0,0,461,0.00,0.00,0.00,0,0.00,0.00,0.00,0.00,0.00,0.00,0.00,0.00,0.00,0.00,0.00,0.00,0.00,0.00,26618.00,1109.00,36415.17,62.81,0.00,0.00,0.00,0.00,0.00,0.00,0.00,0.00,0.00,0.00,0.00,0.00,0.00,0.00,0.00,0.00,0.00,0.00,0.00,0.00,0.00,0.00,0.00,0.00,0.00,0.00,0.00,0.00,0.00,0.00,723,3,5,0,0,0,26617.00,0.00,2218.00,1109.00,25508.00,1109.00,0.00,0.00,0.00,0.00,0.00,0.00,0.00,0.00,0.00,0.00,0.00,0.00,0.00,0.00,0.00,0.00,0.00,0.00,0.00,0.00,0.00,0.00,0.00,0.00,0.00,0.00,0.00,0.00,0.00,0.00,0.00,0.00,0.00,0.00,0.00,0.00,0.00,0.00,2220.00,1110.00,1110.00,0.00,0.00,0.00,0.00,0.00,0.00,0.00,0.00,3,2,1,0,0.00,0.00,0.00,0.00,0.00,0.00,0.00,0.00,0.00,0.00,0.00,0.00,0.00,0.00,0.00,0.00,0.00,0.00,0.00,0.00,0.00,0.00,0.00,0.00,0.00,0.00,0.00,0.00,0.00,0.00,0.00,0.00,0.00,0.00,0.00,0.00,0.00,0.00,0.00,0.00,0.00,0.00,0.00,0.00,0.00,0.00,0.00,0.00,0.00,0.00,0.00,0.00,0.00,26665.00,0.00,0.00,0.00,0.00,1995.37
0.00,0.00,0.50,0.00,0.00,0.00,6.50,0.00,0.00,93.00,0.00,340.00,0.00,0.00,0.00,0.00,0.00,0.00,12612.00,0.00,0.00,0.00,0.00,0.00,0.00,0.00,0.00,0.00,674216,1141528,1366504,66.96,47744,538204,3722120,182.39,850116,352964,432,617176,100460,7376,28916,0,0,0,0.00,0,0.00,0,0,0.00,26572,7648,36930,0,0,461,0.00,0.00,0.00,0,0.00,0.00,0.00,0.00,0.00,0.00,0.00,0.00,0.00,0.00,0.00,0.00,0.00,0.00,25947.00,1082.00,35495.84,61.27,0.00,0.00,0.00,0.00,0.00,0.00,0.00,1.00,0.00,0.00,0.00,0.00,0.00,0.00,0.00,0.00,0.00,0.00,0.00,0.00,0.00,0.00,0.00,0.00,0.00,0.00,0.00,0.00,0.00,0.00,723,3,5,0,0,0,25964.00,0.00,2161.00,1082.00,24885.00,1082.00,0.00,0.00,0.00,0.00,0.00,0.00,0.00,0.00,0.00,0.00,0.00,0.00,0.00,0.00,0.00,0.00,0.00,0.00,0.00,0.00,0.00,0.00,0.00,0.00,0.00,0.00,0.00,0.00,0.00,0.00,0.00,0.00,0.00,0.00,0.00,0.00,0.00,0.00,2160.00,1081.00,1079.00,0.00,0.00,0.00,0.00,0.00,0.00,0.00,0.00,3,2,1,0,0.00,0.00,0.00,0.00,0.00,0.00,0.00,0.00,0.00,0.00,0.00,0.00,0.00,0.00,0.00,0.00,0.00,0.00,0.00,0.00,0.00,0.00,0.00,0.00,0.00,0.00,0.00,0.00,0.00,0.00,0.00,0.00,0.00,0.00,0.00,0.00,0.00,0.00,0.00,0.00,0.00,0.00,0.00,0.00,0.00,0.00,0.00,0.00,0.00,0.00,0.00,0.00,0.00,25901.00,0.00,0.00,0.00,0.00,1995.37
0.50,0.00,0.00,0.00,0.00,0.00,5.53,0.00,0.00,93.97,0.00,320.00,0.00,0.00,0.00,0.00,0.00,0.00,12140.00,0.00,0.00,0.00,0.00,0.00,0.00,0.00,0.00,0.00,674216,1141528,1366504,66.96,47744,538216,3722120,182.39,850116,352964,444,617176,100460,7376,28916,0,0,0,0.00,0,0.00,0,0,0.00,26572,7648,36930,0,0,461,0.00,0.00,0.00,0,0.00,0.00,0.00,0.00,0.00,0.00,0.00,0.00,0.00,0.00,0.00,0.00,0.00,0.00,24029.00,1002.00,32869.07,56.75,0.00,0.00,0.00,0.00,0.00,0.00,0.00,0.00,0.00,0.00,0.00,0.00,0.00,0.00,0.00,0.00,0.00,0.00,0.00,0.00,0.00,0.00,0.00,0.00,0.00,0.00,0.00,0.00,0.00,0.00,723,3,5,0,0,0,24012.00,0.00,2001.00,1001.00,23011.00,1000.00,0.00,0.00,0.00,0.00,0.00,0.00,0.00,0.00,0.00,0.00,0.00,0.00,0.00,0.00,0.00,0.00,0.00,0.00,0.00,0.00,0.00,0.00,0.00,0.00,0.00,0.00,0.00,0.00,0.00,0.00,0.00,0.00,0.00,0.00,0.00,0.00,0.00,0.00,2002.00,1002.00,1001.00,0.00,1.00,0.00,0.00,0.00,0.00,0.00,0.00,3,2,1,0,0.00,0.00,0.00,0.00,0.00,0.00,0.00,0.00,0.00,0.00,0.00,0.00,0.00,0.00,0.00,0.00,0.00,0.00,0.00,0.00,0.00,0.00,0.00,0.00,0.00,0.00,0.00,0.00,0.00,0.00,0.00,0.00,0.00,0.00,0.00,0.00,0.00,0.00,0.00,0.00,0.00,0.00,0.00,0.00,0.00,0.00,0.00,0.00,0.00,0.00,0.00,0.00,0.00,24028.00,0.00,0.00,0.00,0.00,1995.37
0.00,0.00,0.49,1.97,0.00,0.00,6.90,0.00,0.00,90.64,0.00,351.00,0.00,0.00,0.00,12.00,0.00,0.00,11446.00,0.00,0.00,0.00,0.00,2.00,0.00,2.00,0.00,24.00,674184,1141496,1366536,66.96,47752,538232,3722120,182.39,850116,352964,460,617176,100460,7376,28916,0,0,0,0.00,0,0.00,0,0,0.00,26572,7648,36930,0,0,461,0.00,0.00,0.00,0,0.00,0.00,0.00,0.00,0.00,0.00,2.00,0.00,12.00,6.00,0.00,26.00,0.00,0.00,23763.00,991.00,32507.76,56.13,0.00,0.00,0.00,0.00,0.00,0.00,0.00,1.00,0.00,0.00,0.00,0.00,0.00,0.00,0.00,0.00,0.00,0.00,0.00,0.00,0.00,0.00,0.00,0.00,0.00,0.00,0.00,0.00,0.00,0.00,723,3,5,0,0,0,23748.00,0.00,1979.00,991.00,22759.00,990.00,0.00,0.00,0.00,0.00,0.00,0.00,0.00,0.00,0.00,0.00,0.00,0.00,0.00,0.00,0.00,0.00,0.00,0.00,0.00,0.00,0.00,0.00,0.00,0.00,0.00,0.00,0.00,0.00,0.00,0.00,0.00,0.00,0.00,0.00,0.00,0.00,0.00,0.00,1978.00,991.00,988.00,0.00,1.00,0.00,0.00,0.00,0.00,0.00,0.00,3,2,1,0,0.00,0.00,0.00,0.00,0.00,0.00,0.00,0.00,0.00,0.00,0.00,0.00,0.00,0.00,0.00,0.00,0.00,0.00,0.00,0.00,0.00,0.00,0.00,0.00,0.00,0.00,0.00,0.00,0.00,0.00,0.00,0.00,0.00,0.00,0.00,0.00,0.00,0.00,0.00,0.00,0.00,0.00,0.00,0.00,0.00,0.00,0.00,0.00,0.00,0.00,0.00,0.00,0.00,23763.00,0.00,0.00,0.00,0.00,1995.37
0.00,0.00,0.50,0.00,0.50,0.00,5.00,0.00,0.00,94.00,0.00,329.00,0.00,0.00,0.00,0.00,0.00,0.00,11268.00,0.00,0.00,0.00,0.00,0.00,0.00,0.00,0.00,0.00,674248,1141616,1366472,66.96,47752,538248,3722120,182.39,850124,353012,476,617176,100460,7376,28916,0,0,0,0.00,0,0.00,0,0,0.00,26572,7648,36930,0,0,461,0.00,0.00,0.00,0,0.00,0.00,0.00,0.00,0.00,0.00,0.00,0.00,0.00,0.00,0.00,0.00,0.00,0.00,22999.00,960.00,31457.22,54.37,0.00,0.00,0.00,0.00,0.00,0.00,0.00,0.00,0.00,0.00,0.00,0.00,0.00,0.00,0.00,0.00,0.00,0.00,0.00,0.00,0.00,0.00,0.00,0.00,0.00,0.00,0.00,0.00,0.00,0.00,723,3,5,0,0,0,22995.00,0.00,1919.00,960.00,22034.00,958.00,0.00,0.00,0.00,0.00,0.00,0.00,0.00,0.00,0.00,0.00,0.00,0.00,0.00,0.00,0.00,0.00,0.00,0.00,0.00,0.00,0.00,0.00,0.00,0.00,0.00,0.00,0.00,0.00,0.00,0.00,0.00,0.00,0.00,0.00,0.00,0.00,0.00,0.00,1919.00,959.00,961.00,0.00,2.00,0.00,0.00,0.00,0.00,0.00,0.00,3,2,1,0,0.00,0.00,0.00,0.00,0.00,0.00,0.00,0.00,0.00,0.00,0.00,0.00,0.00,0.00,0.00,0.00,0.00,0.00,0.00,0.00,0.00,0.00,0.00,0.00,0.00,0.00,0.00,0.00,0.00,0.00,0.00,0.00,0.00,0.00,0.00,0.00,0.00,0.00,0.00,0.00,0.00,0.00,0.00,0.00,0.00,0.00,0.00,0.00,0.00,0.00,0.00,0.00,0.00,23022.00,0.00,0.00,0.00,0.00,1995.37
0.00,0.00,0.00,0.00,0.00,0.00,5.53,0.00,0.00,94.47,0.00,347.00,0.00,0.00,0.00,484.00,0.00,0.00,11388.00,0.00,0.00,0.00,0.00,1.00,0.00,1.00,0.00,968.00,674248,1141640,1366472,66.96,47752,538264,3722120,182.39,850132,353028,8,617176,100460,7376,28916,0,0,0,0.00,0,0.00,0,0,0.00,26572,7648,36930,0,0,461,0.00,0.00,0.00,0,0.00,0.00,0.00,0.00,0.00,0.00,1.00,0.00,484.00,484.00,0.00,0.00,0.00,0.00,22830.00,951.00,31227.36,53.87,0.00,0.00,0.00,0.00,0.00,0.00,0.00,3.00,0.00,0.00,0.00,0.00,0.00,0.00,0.00,0.00,0.00,0.00,0.00,0.00,0.00,0.00,0.00,0.00,0.00,0.00,0.00,0.00,0.00,0.00,723,3,5,0,0,0,22824.00,0.00,1901.00,951.00,21873.00,951.00,0.00,0.00,0.00,0.00,0.00,0.00,0.00,0.00,0.00,0.00,0.00,0.00,0.00,0.00,0.00,0.00,0.00,0.00,0.00,0.00,0.00,0.00,0.00,0.00,0.00,0.00,0.00,0.00,0.00,0.00,0.00,0.00,0.00,0.00,0.00,0.00,0.00,0.00,1901.00,951.00,951.00,0.00,0.00,0.00,0.00,0.00,0.00,0.00,0.00,3,2,1,0,0.00,0.00,0.00,0.00,0.00,0.00,0.00,0.00,0.00,0.00,0.00,0.00,0.00,0.00,0.00,0.00,0.00,0.00,0.00,0.00,0.00,0.00,0.00,0.00,0.00,0.00,0.00,0.00,0.00,0.00,0.00,0.00,0.00,0.00,0.00,0.00,0.00,0.00,0.00,0.00,0.00,0.00,0.00,0.00,0.00,0.00,0.00,0.00,0.00,0.00,0.00,0.00,0.00,22807.00,0.00,0.00,0.00,0.00,1995.37
0.51,0.00,0.00,0.00,0.00,0.00,4.55,0.00,0.00,94.95,0.00,324.00,0.00,0.00,0.00,0.00,0.00,0.00,9732.00,0.00,0.00,0.00,0.00,0.00,0.00,0.00,0.00,0.00,674312,1141704,1366408,66.96,47752,538280,3722120,182.39,850132,353028,28,617176,100460,7376,28916,0,0,0,0.00,0,0.00,0,0,0.00,26572,7648,36930,0,0,461,0.00,0.00,0.00,0,0.00,0.00,0.00,0.00,0.00,0.00,0.00,0.00,0.00,0.00,0.00,0.00,0.00,0.00,20189.00,842.00,27615.32,47.69,0.00,0.00,0.00,0.00,0.00,0.00,0.00,0.00,0.00,0.00,0.00,0.00,0.00,0.00,0.00,0.00,0.00,0.00,0.00,0.00,0.00,0.00,0.00,0.00,0.00,0.00,0.00,0.00,0.00,0.00,723,3,5,0,0,0,20206.00,0.00,1683.00,843.00,19366.00,842.00,0.00,0.00,0.00,0.00,0.00,0.00,0.00,0.00,0.00,0.00,0.00,0.00,0.00,0.00,0.00,0.00,0.00,0.00,0.00,0.00,0.00,0.00,0.00,0.00,0.00,0.00,0.00,0.00,0.00,0.00,0.00,0.00,0.00,0.00,0.00,0.00,0.00,0.00,1683.00,844.00,840.00,0.00,1.00,0.00,0.00,0.00,0.00,0.00,0.00,3,2,1,0,0.00,0.00,0.00,0.00,0.00,0.00,0.00,0.00,0.00,0.00,0.00,0.00,0.00,0.00,0.00,0.00,0.00,0.00,0.00,0.00,0.00,0.00,0.00,0.00,0.00,0.00,0.00,0.00,0.00,0.00,0.00,0.00,0.00,0.00,0.00,0.00,0.00,0.00,0.00,0.00,0.00,0.00,0.00,0.00,0.00,0.00,0.00,0.00,0.00,0.00,0.00,0.00,0.00,20213.00,0.00,0.00,0.00,0.00,1995.37
0.00,0.00,0.00,0.00,0.00,0.00,5.03,0.00,0.00,94.97,0.00,331.00,0.00,0.00,0.00,0.00,0.00,0.00,9788.00,0.00,0.00,0.00,0.00,0.00,0.00,0.00,0.00,0.00,674344,1141736,1366376,66.96,47752,538296,3722120,182.39,850132,353028,44,617176,100460,7376,28916,0,0,0,0.00,0,0.00,0,0,0.00,26572,7648,36930,0,0,461,0.00,0.00,0.00,0,0.00,0.00,0.00,0.00,0.00,0.00,0.00,0.00,0.00,0.00,0.00,0.00,0.00,0.00,19321.00,806.00,26432.99,45.65,0.00,0.00,0.00,0.00,0.00,0.00,0.00,1.00,0.00,0.00,0.00,0.00,0.00,0.00,0.00,0.00,0.00,0.00,0.00,0.00,0.00,0.00,0.00,0.00,0.00,0.00,0.00,0.00,0.00,0.00,723,3,5,0,0,0,19296.00,0.00,1608.00,805.00,18492.00,804.00,0.00,0.00,0.00,0.00,0.00,0.00,0.00,0.00,0.00,0.00,0.00,0.00,0.00,0.00,0.00,0.00,0.00,0.00,0.00,0.00,0.00,0.00,0.00,0.00,0.00,0.00,0.00,0.00,0.00,0.00,0.00,0.00,0.00,0.00,0.00,0.00,0.00,0.00,1607.00,804.00,804.00,0.00,1.00,0.00,0.00,0.00,0.00,0.00,0.00,3,2,1,0,0.00,0.00,0.00,0.00,0.00,0.00,0.00,0.00,0.00,0.00,0.00,0.00,0.00,0.00,0.00,0.00,0.00,0.00,0.00,0.00,0.00,0.00,0.00,0.00,0.00,0.00,0.00,0.00,0.00,0.00,0.00,0.00,0.00,0.00,0.00,0.00,0.00,0.00,0.00,0.00,0.00,0.00,0.00,0.00,0.00,0.00,0.00,0.00,0.00,0.00,0.00,0.00,0.00,19297.00,0.00,0.00,0.00,0.00,1995.37
0.50,0.00,0.50,9.90,0.00,0.00,4.95,0.00,0.00,84.16,0.00,364.00,0.00,0.00,0.00,20.00,0.00,0.00,9212.00,0.00,0.00,0.00,0.00,2.00,0.00,2.00,0.00,40.00,674124,1141572,1366596,66.97,47760,538312,3722120,182.39,850140,353076,60,617176,100460,7376,28916,0,0,0,0.00,0,0.00,0,0,0.00,26572,7648,36930,0,1,461,0.00,0.00,0.00,0,0.00,0.00,0.00,0.00,0.00,0.00,2.00,0.00,20.00,10.00,0.00,100.00,0.00,0.00,18243.00,761.00,24955.49,43.10,0.00,0.00,0.00,0.00,0.00,0.00,0.00,0.00,0.00,0.00,0.00,0.00,0.00,0.00,0.00,0.00,0.00,0.00,0.00,0.00,0.00,0.00,0.00,0.00,0.00,0.00,0.00,0.00,0.00,0.00,723,3,5,0,0,0,18240.00,0.00,1520.00,761.00,17480.00,760.00,0.00,0.00,0.00,0.00,0.00,0.00,0.00,0.00,0.00,0.00,0.00,0.00,0.00,0.00,0.00,0.00,0.00,0.00,0.00,0.00,0.00,0.00,0.00,0.00,0.00,0.00,0.00,0.00,0.00,0.00,0.00,0.00,0.00,0.00,0.00,0.00,0.00,0.00,1520.00,761.00,760.00,0.00,1.00,0.00,0.00,0.00,0.00,0.00,0.00,3,2,1,0,0.00,0.00,0.00,0.00,0.00,0.00,0.00,0.00,0.00,0.00,0.00,0.00,0.00,0.00,0.00,0.00,0.00,0.00,0.00,0.00,0.00,0.00,0.00,0.00,0.00,0.00,0.00,0.00,0.00,0.00,0.00,0.00,0.00,0.00,0.00,0.00,0.00,0.00,0.00,0.00,0.00,0.00,0.00,0.00,0.00,0.00,0.00,0.00,0.00,0.00,0.00,0.00,0.00,18220.00,0.00,0.00,0.00,0.00,1995.37
0.00,0.00,0.49,0.00,0.49,0.00,6.83,0.00,0.00,92.20,0.00,350.00,0.00,0.00,0.00,0.00,2.00,0.00,9948.00,0.00,0.00,0.00,0.00,0.00,0.00,0.00,0.00,0.00,674060,1141508,1366660,66.97,47760,538328,3722120,182.39,850144,353076,76,617176,100460,7376,28916,0,0,0,0.00,0,0.00,0,0,0.00,26572,7648,36930,0,0,461,0.00,0.00,0.00,0,0.00,0.00,0.00,0.00,0.00,0.00,0.00,0.00,0.00,0.00,0.00,0.00,0.00,0.00,20116.00,840.00,27516.74,47.58,0.00,0.00,0.00,0.00,0.00,0.00,0.00,1.00,0.00,0.00,0.00,0.00,0.00,0.00,0.00,0.00,0.00,0.00,0.00,0.00,0.00,0.00,0.00,0.00,0.00,0.00,0.00,0.00,0.00,0.00,723,3,5,0,0,0,20114.00,0.00,1678.00,840.00,19274.00,838.00,0.00,0.00,0.00,0.00,0.00,0.00,0.00,0.00,0.00,0.00,0.00,0.00,0.00,0.00,0.00,0.00,0.00,0.00,0.00,0.00,0.00,0.00,0.00,0.00,0.00,0.00,0.00,0.00,0.00,0.00,0.00,0.00,0.00,0.00,0.00,0.00,0.00,0.00,1678.00,840.00,840.00,0.00,2.00,0.00,0.00,0.00,0.00,0.00,0.00,3,2,1,0,0.00,0.00,0.00,0.00,0.00,0.00,0.00,0.00,0.00,0.00,0.00,0.00,0.00,0.00,0.00,0.00,0.00,0.00,0.00,0.00,0.00,0.00,0.00,0.00,0.00,0.00,0.00,0.00,0.00,0.00,0.00,0.00,0.00,0.00,0.00,0.00,0.00,0.00,0.00,0.00,0.00,0.00,0.00,0.00,0.00,0.00,0.00,0.00,0.00,0.00,0.00,0.00,0.00,20138.00,0.00,0.00,0.00,0.00,1995.37
0.00,0.00,0.00,0.00,0.00,0.00,4.04,0.00,0.00,95.96,0.00,340.00,0.00,0.00,0.00,8.00,0.00,0.00,8604.00,0.00,0.00,0.00,0.00,2.00,0.00,2.00,0.00,16.00,674124,1141572,1366596,66.97,47760,538340,3722120,182.39,850144,353076,88,617176,100464,7376,28916,0,0,0,0.00,0,0.00,0,0,0.00,26572,7648,36930,0,0,461,0.00,0.00,0.00,0,0.00,0.00,0.00,0.00,0.00,0.00,2.00,0.00,8.00,4.00,0.00,0.00,0.00,0.00,17116.00,713.00,23412.26,40.38,0.00,0.00,0.00,0.00,0.00,0.00,0.00,0.00,0.00,0.00,0.00,0.00,0.00,0.00,0.00,0.00,0.00,0.00,0.00,0.00,0.00,0.00,0.00,0.00,0.00,0.00,0.00,0.00,0.00,0.00,723,3,5,0,0,0,17135.00,0.00,1427.00,714.00,16422.00,714.00,0.00,0.00,0.00,0.00,0.00,0.00,0.00,0.00,0.00,0.00,0.00,0.00,0.00,0.00,0.00,0.00,0.00,0.00,0.00,0.00,0.00,0.00,0.00,0.00,0.00,0.00,0.00,0.00,0.00,0.00,0.00,0.00,0.00,0.00,0.00,0.00,0.00,0.00,1427.00,714.00,713.00,0.00,0.00,0.00,0.00,0.00,0.00,0.00,0.00,3,2,1,0,0.00,0.00,0.00,0.00,0.00,0.00,0.00,0.00,0.00,0.00,0.00,0.00,0.00,0.00,0.00,0.00,0.00,0.00,0.00,0.00,0.00,0.00,0.00,0.00,0.00,0.00,0.00,0.00,0.00,0.00,0.00,0.00,0.00,0.00,0.00,0.00,0.00,0.00,0.00,0.00,0.00,0.00,0.00,0.00,0.00,0.00,0.00,0.00,0.00,0.00,0.00,0.00,0.00,17117.00,0.00,0.00,0.00,0.00,1995.37
0.50,0.00,0.00,0.00,0.00,0.00,4.95,0.00,0.00,94.55,0.00,328.00,0.00,0.00,0.00,0.00,0.00,0.00,8132.00,0.00,0.00,0.00,0.00,0.00,0.00,0.00,0.00,0.00,674156,1141632,1366564,66.96,47760,538356,3722120,182.39,850144,353104,96,617176,100464,7376,28916,0,0,0,0.00,0,0.00,0,0,0.00,26572,7648,36930,0,0,461,0.00,0.00,0.00,0,0.00,0.00,0.00,0.00,0.00,0.00,0.00,0.00,0.00,0.00,0.00,0.00,0.00,0.00,16345.00,683.00,22361.34,38.67,0.00,0.00,0.00,0.00,0.00,0.00,0.00,1.00,0.00,0.00,0.00,0.00,0.00,0.00,0.00,0.00,0.00,0.00,0.00,0.00,0.00,0.00,0.00,0.00,0.00,0.00,0.00,0.00,0.00,0.00,723,3,5,0,0,0,16318.00,0.00,1358.00,681.00,15640.00,680.00,0.00,0.00,0.00,0.00,0.00,0.00,0.00,0.00,0.00,0.00,0.00,0.00,0.00,0.00,0.00,0.00,0.00,0.00,0.00,0.00,0.00,0.00,0.00,0.00,0.00,0.00,0.00,0.00,0.00,0.00,0.00,0.00,0.00,0.00,0.00,0.00,0.00,0.00,1359.00,681.00,679.00,0.00,1.00,0.00,0.00,0.00,0.00,0.00,0.00,3,2,1,0,0.00,0.00,0.00,0.00,0.00,0.00,0.00,0.00,0.00,0.00,0.00,0.00,0.00,0.00,0.00,0.00,0.00,0.00,0.00,0.00,0.00,0.00,0.00,0.00,0.00,0.00,0.00,0.00,0.00,0.00,0.00,0.00,0.00,0.00,0.00,0.00,0.00,0.00,0.00,0.00,0.00,0.00,0.00,0.00,0.00,0.00,0.00,0.00,0.00,0.00,0.00,0.00,0.00,16346.00,0.00,0.00,0.00,0.00,1995.37
0.50,0.00,0.50,0.00,0.00,0.00,3.52,0.00,0.00,95.48,0.00,304.00,0.00,0.00,0.00,0.00,0.00,0.00,7180.00,0.00,0.00,0.00,0.00,0.00,0.00,0.00,0.00,0.00,674188,1141664,1366532,66.96,47760,538372,3722120,182.39,850144,353104,112,617176,100464,7376,28916,0,0,0,0.00,0,0.00,0,0,0.00,26572,7648,36930,0,0,461,0.00,0.00,0.00,0,0.00,0.00,0.00,0.00,0.00,0.00,0.00,0.00,0.00,0.00,0.00,0.00,0.00,0.00,14401.00,601.00,19701.63,34.04,0.00,0.00,0.00,0.00,0.00,0.00,0.00,0.00,0.00,0.00,0.00,0.00,0.00,0.00,0.00,0.00,0.00,0.00,0.00,0.00,0.00,0.00,0.00,0.00,0.00,0.00,0.00,0.00,0.00,0.00,723,3,5,0,0,0,14422.00,0.00,1200.00,602.00,13823.00,601.00,0.00,0.00,0.00,0.00,0.00,0.00,0.00,0.00,0.00,0.00,0.00,0.00,0.00,0.00,0.00,0.00,0.00,0.00,0.00,0.00,0.00,0.00,0.00,0.00,0.00,0.00,0.00,0.00,0.00,0.00,0.00,0.00,0.00,0.00,0.00,0.00,0.00,0.00,1199.00,602.00,598.00,0.00,1.00,0.00,0.00,0.00,0.00,0.00,0.00,3,2,1,0,0.00,0.00,0.00,0.00,0.00,0.00,0.00,0.00,0.00,0.00,0.00,0.00,0.00,0.00,0.00,0.00,0.00,0.00,0.00,0.00,0.00,0.00,0.00,0.00,0.00,0.00,0.00,0.00,0.00,0.00,0.00,0.00,0.00,0.00,0.00,0.00,0.00,0.00,0.00,0.00,0.00,0.00,0.00,0.00,0.00,0.00,0.00,0.00,0.00,0.00,0.00,0.00,0.00,14423.00,0.00,0.00,0.00,0.00,1995.37
0.49,0.00,0.00,3.45,0.00,0.00,4.93,0.00,0.00,91.13,0.00,331.00,0.00,0.00,0.00,12.00,0.00,0.00,7645.00,0.00,0.00,0.00,0.00,2.00,0.00,2.00,0.00,24.00,674124,1141656,1366596,66.97,47768,538388,3722120,182.39,850152,353152,128,617176,100464,7376,28916,0,0,0,0.00,0,0.00,0,0,0.00,26572,7648,36930,0,0,461,0.00,0.00,0.00,0,0.00,0.00,0.00,0.00,0.00,0.00,2.00,0.00,12.00,6.00,0.00,36.00,0.00,0.00,15196.00,635.00,20785.38,35.97,0.00,0.00,0.00,0.00,0.00,0.00,0.00,1.00,0.00,0.00,0.00,0.00,0.00,0.00,0.00,0.00,0.00,0.00,0.00,0.00,0.00,0.00,0.00,0.00,0.00,0.00,0.00,0.00,0.00,0.00,723,3,5,0,0,0,15170.00,0.00,1266.00,634.00,14536.00,632.00,0.00,0.00,0.00,0.00,0.00,0.00,0.00,0.00,0.00,0.00,0.00,0.00,0.00,0.00,0.00,0.00,0.00,0.00,0.00,0.00,0.00,0.00,0.00,0.00,0.00,0.00,0.00,0.00,0.00,0.00,0.00,0.00,0.00,0.00,0.00,0.00,0.00,0.00,1266.00,634.00,634.00,0.00,2.00,0.00,0.00,0.00,0.00,0.00,0.00,3,2,1,0,0.00,0.00,0.00,0.00,0.00,0.00,0.00,0.00,0.00,0.00,0.00,0.00,0.00,0.00,0.00,0.00,0.00,0.00,0.00,0.00,0.00,0.00,0.00,0.00,0.00,0.00,0.00,0.00,0.00,0.00,0.00,0.00,0.00,0.00,0.00,0.00,0.00,0.00,0.00,0.00,0.00,0.00,0.00,0.00,0.00,0.00,0.00,0.00,0.00,0.00,0.00,0.00,0.00,15173.00,0.00,0.00,0.00,0.00,1995.37
0.00,0.00,0.50,0.00,0.50,0.00,3.98,0.00,0.00,95.02,0.00,320.00,0.00,0.00,0.00,0.00,0.00,0.00,6692.00,0.00,0.00,0.00,0.00,0.00,0.00,0.00,0.00,0.00,674220,1141752,1366500,66.96,47768,538404,3722120,182.39,850152,353152,144,617176,100464,7376,28916,0,0,0,0.00,0,0.00,0,0,0.00,26572,7648,36930,0,0,461,0.00,0.00,0.00,0,0.00,0.00,0.00,0.00,0.00,0.00,0.00,0.00,0.00,0.00,0.00,0.00,0.00,0.00,13788.00,575.00,18848.52,32.57,0.00,0.00,0.00,0.00,0.00,0.00,0.00,0.00,0.00,0.00,0.00,0.00,0.00,0.00,0.00,0.00,0.00,0.00,0.00,0.00,0.00,0.00,0.00,0.00,0.00,0.00,0.00,0.00,0.00,0.00,723,3,5,0,0,0,13778.00,0.00,1150.00,575.00,13202.00,574.00,0.00,0.00,0.00,0.00,0.00,0.00,0.00,0.00,0.00,0.00,0.00,0.00,0.00,0.00,0.00,0.00,0.00,0.00,0.00,0.00,0.00,0.00,0.00,0.00,0.00,0.00,0.00,0.00,0.00,0.00,0.00,0.00,0.00,0.00,0.00,0.00,0.00,0.00,1150.00,575.00,576.00,0.00,1.00,0.00,0.00,0.00,0.00,0.00,0.00,3,2,1,0,0.00,0.00,0.00,0.00,0.00,0.00,0.00,0.00,0.00,0.00,0.00,0.00,0.00,0.00,0.00,0.00,0.00,0.00,0.00,0.00,0.00,0.00,0.00,0.00,0.00,0.00,0.00,0.00,0.00,0.00,0.00,0.00,0.00,0.00,0.00,0.00,0.00,0.00,0.00,0.00,0.00,0.00,0.00,0.00,0.00,0.00,0.00,0.00,0.00,0.00,0.00,0.00,0.00,13764.00,0.00,0.00,0.00,0.00,1995.37
0.50,0.00,0.00,0.00,0.00,0.00,4.00,0.00,0.00,95.50,0.00,339.00,0.00,0.00,0.00,0.00,0.00,0.00,6109.00,0.00,0.00,0.00,0.00,0.00,0.00,0.00,0.00,0.00,674028,1141560,1366692,66.97,47768,538420,3722120,182.39,850152,353152,160,617176,100464,7376,28916,0,0,0,0.00,0,0.00,0,0,0.00,26572,7648,36930,0,0,461,0.00,0.00,0.00,0,0.00,0.00,0.00,0.00,0.00,0.00,0.00,0.00,0.00,0.00,0.00,0.00,0.00,0.00,12298.00,513.00,16812.58,29.06,0.00,0.00,0.00,0.00,0.00,0.00,0.00,1.00,0.00,0.00,0.00,0.00,0.00,0.00,0.00,0.00,0.00,0.00,0.00,0.00,0.00,0.00,0.00,0.00,0.00,0.00,0.00,0.00,0.00,0.00,723,3,5,0,0,0,12289.00,0.00,1025.00,513.00,11776.00,512.00,0.00,0.00,0.00,0.00,0.00,0.00,0.00,0.00,0.00,0.00,0.00,0.00,0.00,0.00,0.00,0.00,0.00,0.00,0.00,0.00,0.00,0.00,0.00,0.00,0.00,0.00,0.00,0.00,0.00,0.00,0.00,0.00,0.00,0.00,0.00,0.00,0.00,0.00,1025.00,513.00,513.00,0.00,1.00,0.00,0.00,0.00,0.00,0.00,0.00,3,2,1,0,0.00,0.00,0.00,0.00,0.00,0.00,0.00,0.00,0.00,0.00,0.00,0.00,0.00,0.00,0.00,0.00,0.00,0.00,0.00,0.00,0.00,0.00,0.00,0.00,0.00,0.00,0.00,0.00,0.00,0.00,0.00,0.00,0.00,0.00,0.00,0.00,0.00,0.00,0.00,0.00,0.00,0.00,0.00,0.00,0.00,0.00,0.00,0.00,0.00,0.00,0.00,0.00,0.00,12298.00,0.00,0.00,0.00,0.00,1995.37
0.00,0.00,0.50,0.00,0.00,0.00,3.00,0.00,0.00,96.50,0.00,304.00,0.00,0.00,0.00,0.00,0.00,0.00,5316.00,0.00,0.00,0.00,0.00,0.00,0.00,0.00,0.00,0.00,673936,1141468,1366784,66.98,47768,538436,3722120,182.39,850152,353152,176,617176,100464,7376,28916,0,0,0,0.00,0,0.00,0,0,0.00,26572,7648,36930,0,0,461,0.00,0.00,0.00,0,0.00,0.00,0.00,0.00,0.00,0.00,0.00,0.00,0.00,0.00,0.00,0.00,0.00,0.00,10685.00,445.00,14612.30,25.21,0.00,0.00,0.00,0.00,0.00,0.00,0.00,0.00,0.00,0.00,0.00,0.00,0.00,0.00,0.00,0.00,0.00,0.00,0.00,0.00,0.00,0.00,0.00,0.00,0.00,0.00,0.00,0.00,0.00,0.00,723,3,5,0,0,0,10679.00,0.00,889.00,445.00,10235.00,445.00,0.00,0.00,0.00,0.00,0.00,0.00,0.00,0.00,0.00,0.00,0.00,0.00,0.00,0.00,0.00,0.00,0.00,0.00,0.00,0.00,0.00,0.00,0.00,0.00,0.00,0.00,0.00,0.00,0.00,0.00,0.00,0.00,0.00,0.00,0.00,0.00,0.00,0.00,889.00,445.00,444.00,0.00,0.00,0.00,0.00,0.00,0.00,0.00,0.00,3,2,1,0,0.00,0.00,0.00,0.00,0.00,0.00,0.00,0.00,0.00,0.00,0.00,0.00,0.00,0.00,0.00,0.00,0.00,0.00,0.00,0.00,0.00,0.00,0.00,0.00,0.00,0.00,0.00,0.00,0.00,0.00,0.00,0.00,0.00,0.00,0.00,0.00,0.00,0.00,0.00,0.00,0.00,0.00,0.00,0.00,0.00,0.00,0.00,0.00,0.00,0.00,0.00,0.00,0.00,10709.00,0.00,0.00,0.00,0.00,1995.37
1.00,0.00,0.00,0.00,0.00,0.00,4.48,0.00,0.00,94.53,3.00,355.00,0.00,0.00,0.00,0.00,510.00,0.00,6425.00,0.00,0.00,0.00,0.00,0.00,0.00,0.00,0.00,0.00,673876,1141472,1366844,66.98,47768,538452,3722120,182.39,850152,353216,352,617176,100408,7376,28916,0,0,0,0.00,0,0.00,0,0,0.00,26572,7648,36930,0,0,461,0.00,0.00,0.00,0,0.00,0.00,0.00,0.00,0.00,0.00,0.00,0.00,0.00,0.00,0.00,0.00,0.00,0.00,11985.00,500.00,16385.65,28.32,0.00,0.00,0.00,0.00,0.00,0.00,0.00,1.00,0.00,0.00,0.00,0.00,0.00,0.00,0.00,0.00,0.00,0.00,0.00,0.00,0.00,0.00,0.00,0.00,0.00,0.00,0.00,0.00,0.00,0.00,723,3,5,0,0,0,11977.00,0.00,999.00,500.00,11477.00,499.00,0.00,0.00,0.00,0.00,0.00,0.00,0.00,0.00,0.00,0.00,0.00,0.00,0.00,0.00,0.00,0.00,0.00,0.00,0.00,0.00,0.00,0.00,0.00,0.00,0.00,0.00,0.00,0.00,0.00,0.00,0.00,0.00,0.00,0.00,0.00,0.00,0.00,0.00,999.00,500.00,500.00,0.00,1.00,0.00,0.00,0.00,0.00,0.00,0.00,3,2,1,0,0.00,0.00,0.00,0.00,0.00,0.00,0.00,0.00,0.00,0.00,0.00,0.00,0.00,0.00,0.00,0.00,0.00,0.00,0.00,0.00,0.00,0.00,0.00,0.00,0.00,0.00,0.00,0.00,0.00,0.00,0.00,0.00,0.00,0.00,0.00,0.00,0.00,0.00,0.00,0.00,0.00,0.00,0.00,0.00,0.00,0.00,0.00,0.00,0.00,0.00,0.00,0.00,0.00,11985.00,0.00,0.00,0.00,0.00,1995.37
0.00,0.00,0.51,0.00,0.00,0.00,8.12,0.00,0.00,91.37,0.00,365.00,0.00,0.00,0.00,0.00,4.00,0.00,33159.00,0.00,0.00,0.00,0.00,0.00,0.00,0.00,0.00,0.00,664628,1147044,1376092,67.43,47068,554028,3724084,182.49,847184,366500,24,612664,99608,7328,28924,0,0,0,0.00,0,0.00,0,0,0.00,26553,7648,36881,0,0,458,0.00,0.00,0.00,0,0.00,0.00,0.00,0.00,0.00,0.00,0.00,0.00,0.00,0.00,0.00,0.00,0.00,0.00,66006.00,2752.00,90299.49,155.88,0.00,0.00,0.00,0.00,0.00,0.00,0.00,2.00,0.00,0.00,0.00,0.00,0.00,0.00,0.00,0.00,0.00,0.00,0.00,0.00,0.00,0.00,0.00,0.00,0.00,0.00,0.00,0.00,0.00,0.00,724,3,5,0,0,0,66023.00,0.00,5501.00,2753.00,63273.00,2751.00,0.00,0.00,0.00,0.00,0.00,0.00,0.00,0.00,0.00,0.00,0.00,0.00,0.00,0.00,0.00,0.00,0.00,0.00,0.00,0.00,0.00,0.00,0.00,0.00,0.00,0.00,0.00,0.00,0.00,0.00,0.00,0.00,0.00,0.00,0.00,0.00,0.00,0.00,5501.00,2753.00,2750.00,0.00,2.00,0.00,0.00,0.00,0.00,0.00,0.00,3,2,1,0,0.00,0.00,0.00,0.00,0.00,0.00,0.00,0.00,0.00,0.00,0.00,0.00,0.00,0.00,0.00,0.00,0.00,0.00,0.00,0.00,0.00,0.00,0.00,0.00,0.00,0.00,0.00,0.00,0.00,0.00,0.00,0.00,0.00,0.00,0.00,0.00,0.00,0.00,0.00,0.00,0.00,0.00,0.00,0.00,0.00,0.00,0.00,0.00,0.00,0.00,0.00,0.00,0.00,66052.00,0.00,0.00,0.00,0.00,1995.37
0.00,0.00,0.00,0.00,0.00,0.00,11.33,0.00,0.00,88.67,0.00,361.00,0.00,0.00,0.00,0.00,2.00,0.00,31355.00,0.00,0.00,0.00,0.00,0.00,0.00,0.00,0.00,0.00,664532,1146948,1376188,67.44,47068,554040,3724084,182.49,847184,366500,36,612668,99608,7328,28924,0,0,0,0.00,0,0.00,0,0,0.00,26553,7648,36881,0,0,458,0.00,0.00,0.00,0,0.00,0.00,0.00,0.00,0.00,0.00,0.00,0.00,0.00,0.00,0.00,0.00,0.00,0.00,63866.00,2663.00,87376.55,150.83,0.00,0.00,0.00,0.00,0.00,0.00,0.00,0.00,0.00,0.00,0.00,0.00,0.00,0.00,0.00,0.00,0.00,0.00,0.00,0.00,0.00,0.00,0.00,0.00,0.00,0.00,0.00,0.00,0.00,0.00,724,3,5,0,0,0,63839.00,0.00,5319.00,2662.00,61180.00,2660.00,0.00,0.00,0.00,0.00,0.00,0.00,0.00,0.00,0.00,0.00,0.00,0.00,0.00,0.00,0.00,0.00,0.00,0.00,0.00,0.00,0.00,0.00,0.00,0.00,0.00,0.00,0.00,0.00,0.00,0.00,0.00,0.00,0.00,0.00,0.00,0.00,0.00,0.00,5320.00,2661.00,2661.00,0.00,2.00,0.00,0.00,0.00,0.00,0.00,0.00,3,2,1,0,0.00,0.00,0.00,0.00,0.00,0.00,0.00,0.00,0.00,0.00,0.00,0.00,0.00,0.00,0.00,0.00,0.00,0.00,0.00,0.00,0.00,0.00,0.00,0.00,0.00,0.00,0.00,0.00,0.00,0.00,0.00,0.00,0.00,0.00,0.00,0.00,0.00,0.00,0.00,0.00,0.00,0.00,0.00,0.00,0.00,0.00,0.00,0.00,0.00,0.00,0.00,0.00,0.00,63797.00,0.00,0.00,0.00,0.00,1995.37
0.50,0.00,0.50,0.00,0.50,0.00,8.96,0.00,0.00,89.55,0.00,359.00,0.00,0.00,0.00,0.00,0.00,0.00,32050.00,0.00,0.00,0.00,0.00,0.00,0.00,0.00,0.00,0.00,664436,1146852,1376284,67.44,47068,554056,3724084,182.49,847184,366500,52,612668,99608,7328,28924,0,0,0,0.00,0,0.00,0,0,0.00,26553,7648,36881,0,0,458,0.00,0.00,0.00,0,0.00,0.00,0.00,0.00,0.00,0.00,0.00,0.00,0.00,0.00,0.00,0.00,0.00,0.00,63752.00,2659.00,87212.72,150.61,0.00,0.00,0.00,0.00,0.00,0.00,0.00,1.00,0.00,0.00,0.00,0.00,0.00,0.00,0.00,0.00,0.00,0.00,0.00,0.00,0.00,0.00,0.00,0.00,0.00,0.00,0.00,0.00,0.00,0.00,724,3,5,0,1,0,63768.00,0.00,5313.00,2659.00,61111.00,2657.00,0.00,0.00,0.00,0.00,0.00,0.00,0.00,0.00,0.00,0.00,0.00,0.00,0.00,0.00,0.00,0.00,0.00,0.00,0.00,0.00,0.00,0.00,0.00,0.00,0.00,0.00,0.00,0.00,0.00,0.00,0.00,0.00,0.00,0.00,0.00,0.00,0.00,0.00,5312.00,2660.00,2656.00,0.00,3.00,0.00,0.00,0.00,0.00,0.00,0.00,3,2,1,0,0.00,0.00,0.00,0.00,0.00,0.00,0.00,0.00,0.00,0.00,0.00,0.00,0.00,0.00,0.00,0.00,0.00,0.00,0.00,0.00,0.00,0.00,0.00,0.00,0.00,0.00,0.00,0.00,0.00,0.00,0.00,0.00,0.00,0.00,0.00,0.00,0.00,0.00,0.00,0.00,0.00,0.00,0.00,0.00,0.00,0.00,0.00,0.00,0.00,0.00,0.00,0.00,0.00,63776.00,0.00,0.00,0.00,0.00,1995.37
0.00,0.00,0.00,0.00,0.00,0.00,9.09,0.00,0.00,90.91,0.00,354.00,0.00,0.00,0.00,0.00,0.00,0.00,30443.00,0.00,0.00,0.00,0.00,0.00,0.00,0.00,0.00,0.00,664592,1147012,1376128,67.43,47068,554072,3724084,182.49,847184,366500,68,612668,99612,7328,28924,0,0,0,0.00,0,0.00,0,0,0.00,26553,7648,36881,0,0,458,0.00,0.00,0.00,0,0.00,0.00,0.00,0.00,0.00,0.00,0.00,0.00,0.00,0.00,0.00,0.00,0.00,0.00,61970.00,2582.00,84782.50,146.25,0.00,0.00,0.00,0.00,0.00,0.00,0.00,0.00,0.00,0.00,0.00,0.00,0.00,0.00,0.00,0.00,0.00,0.00,0.00,0.00,0.00,0.00,0.00,0.00,0.00,0.00,0.00,0.00,0.00,0.00,724,3,5,0,0,0,61945.00,0.00,5164.00,2582.00,59363.00,2581.00,0.00,0.00,0.00,0.00,0.00,0.00,0.00,0.00,0.00,0.00,0.00,0.00,0.00,0.00,0.00,0.00,0.00,0.00,0.00,0.00,0.00,0.00,0.00,0.00,0.00,0.00,0.00,0.00,0.00,0.00,0.00,0.00,0.00,0.00,0.00,0.00,0.00,0.00,5164.00,2581.00,2582.00,0.00,0.00,0.00,0.00,0.00,0.00,0.00,0.00,3,2,1,0,0.00,0.00,0.00,0.00,0.00,0.00,0.00,0.00,0.00,0.00,0.00,0.00,0.00,0.00,0.00,0.00,0.00,0.00,0.00,0.00,0.00,0.00,0.00,0.00,0.00,0.00,0.00,0.00,0.00,0.00,0.00,0.00,0.00,0.00,0.00,0.00,0.00,0.00,0.00,0.00,0.00,0.00,0.00,0.00,0.00,0.00,0.00,0.00,0.00,0.00,0.00,0.00,0.00,61970.00,0.00,0.00,0.00,0.00,1995.37
0.50,0.00,0.00,0.00,0.00,0.00,9.45,0.00,0.00,90.05,0.00,361.00,0.00,0.00,0.00,0.00,0.00,0.00,30594.00,0.00,0.00,0.00,0.00,0.00,0.00,0.00,0.00,0.00,664720,1147196,1376000,67.43,47068,554088,3724084,182.49,847184,366556,84,612668,99612,7328,28924,0,0,0,0.00,0,0.00,0,0,0.00,26553,7648,36881,0,0,458,0.00,0.00,0.00,0,0.00,0.00,0.00,0.00,0.00,0.00,0.00,0.00,0.00,0.00,0.00,0.00,0.00,0.00,61035.00,2545.00,83501.97,144.15,0.00,0.00,0.00,0.00,0.00,0.00,0.00,1.00,0.00,0.00,0.00,0.00,0.00,0.00,0.00,0.00,0.00,0.00,0.00,0.00,0.00,0.00,0.00,0.00,0.00,0.00,0.00,0.00,0.00,0.00,724,3,5,0,0,0,61032.00,0.00,5086.00,2545.00,58489.00,2543.00,0.00,0.00,0.00,0.00,0.00,0.00,0.00,0.00,0.00,0.00,0.00,0.00,0.00,0.00,0.00,0.00,0.00,0.00,0.00,0.00,0.00,0.00,0.00,0.00,0.00,0.00,0.00,0.00,0.00,0.00,0.00,0.00,0.00,0.00,0.00,0.00,0.00,0.00,5087.00,2546.00,2543.00,0.00,2.00,0.00,0.00,0.00,0.00,0.00,0.00,3,2,1,0,0.00,0.00,0.00,0.00,0.00,0.00,0.00,0.00,0.00,0.00,0.00,0.00,0.00,0.00,0.00,0.00,0.00,0.00,0.00,0.00,0.00,0.00,0.00,0.00,0.00,0.00,0.00,0.00,0.00,0.00,0.00,0.00,0.00,0.00,0.00,0.00,0.00,0.00,0.00,0.00,0.00,0.00,0.00,0.00,0.00,0.00,0.00,0.00,0.00,0.00,0.00,0.00,0.00,61059.00,0.00,0.00,0.00,0.00,1995.37
0.00,0.00,0.50,2.01,0.00,0.00,9.05,0.00,0.00,88.44,0.00,376.00,0.00,0.00,0.00,156.00,0.00,0.00,29179.00,0.00,0.00,0.00,0.00,9.00,0.00,9.00,0.00,312.00,664592,1147100,1376128,67.43,47076,554104,3724084,182.49,847192,366580,0,612668,99612,7328,28924,0,0,0,0.00,0,0.00,0,0,0.00,26553,7648,36881,0,0,458,0.00,0.00,0.00,0,0.00,0.00,0.00,0.00,0.00,0.00,9.00,0.00,156.00,17.33,0.06,15.56,2.67,2.40,59764.00,2493.00,81761.72,141.21,0.00,0.00,0.00,0.00,0.00,0.00,0.00,0.00,0.00,0.00,0.00,0.00,0.00,0.00,0.00,0.00,0.00,0.00,0.00,0.00,0.00,0.00,0.00,0.00,0.00,0.00,0.00,0.00,0.00,0.00,724,3,5,0,0,0,59782.00,0.00,4980.00,2494.00,57293.00,2491.00,0.00,0.00,0.00,0.00,0.00,0.00,0.00,0.00,0.00,0.00,0.00,0.00,0.00,0.00,0.00,0.00,0.00,0.00,0.00,0.00,0.00,0.00,0.00,0.00,0.00,0.00,0.00,0.00,0.00,0.00,0.00,0.00,0.00,0.00,0.00,0.00,0.00,0.00,4980.00,2494.00,2489.00,0.00,3.00,0.00,0.00,0.00,0.00,0.00,0.00,3,2,1,0,0.00,0.00,0.00,0.00,0.00,0.00,0.00,0.00,0.00,0.00,0.00,0.00,0.00,0.00,0.00,0.00,0.00,0.00,0.00,0.00,0.00,0.00,0.00,0.00,0.00,0.00,0.00,0.00,0.00,0.00,0.00,0.00,0.00,0.00,0.00,0.00,0.00,0.00,0.00,0.00,0.00,0.00,0.00,0.00,0.00,0.00,0.00,0.00,0.00,0.00,0.00,0.00,0.00,59763.00,0.00,0.00,0.00,0.00,1995.37
2.04,0.00,0.00,0.00,0.00,0.00,7.14,0.00,0.00,90.82,0.00,385.00,0.00,0.00,0.00,0.00,5.00,0.00,28754.00,0.00,0.00,0.00,0.00,0.00,0.00,0.00,0.00,0.00,664436,1146944,1376284,67.44,47076,554116,3724084,182.49,847192,366580,16,612668,99612,7328,28924,0,0,0,0.00,0,0.00,0,0,0.00,26553,7648,36881,0,0,458,0.00,0.00,0.00,0,0.00,0.00,0.00,0.00,0.00,0.00,0.00,0.00,0.00,0.00,0.00,0.00,0.00,0.00,58519.00,2440.00,80054.43,138.20,0.00,0.00,0.00,0.00,0.00,0.00,0.00,1.00,0.00,0.00,0.00,0.00,0.00,0.00,0.00,0.00,0.00,0.00,0.00,0.00,0.00,0.00,0.00,0.00,0.00,0.00,0.00,0.00,0.00,0.00,724,3,5,0,0,0,58512.00,0.00,4876.00,2440.00,56074.00,2438.00,0.00,0.00,0.00,0.00,0.00,0.00,0.00,0.00,0.00,0.00,0.00,0.00,0.00,0.00,0.00,0.00,0.00,0.00,0.00,0.00,0.00,0.00,0.00,0.00,0.00,0.00,0.00,0.00,0.00,0.00,0.00,0.00,0.00,0.00,0.00,0.00,0.00,0.00,4874.00,2439.00,2437.00,0.00,2.00,0.00,0.00,0.00,0.00,0.00,0.00,3,2,1,0,0.00,0.00,0.00,0.00,0.00,0.00,0.00,0.00,0.00,0.00,0.00,0.00,0.00,0.00,0.00,0.00,0.00,0.00,0.00,0.00,0.00,0.00,0.00,0.00,0.00,0.00,0.00,0.00,0.00,0.00,0.00,0.00,0.00,0.00,0.00,0.00,0.00,0.00,0.00,0.00,0.00,0.00,0.00,0.00,0.00,0.00,0.00,0.00,0.00,0.00,0.00,0.00,0.00,58518.00,0.00,0.00,0.00,0.00,1995.37
0.00,0.00,0.00,0.00,0.00,0.00,8.63,0.00,0.00,91.37,0.00,373.00,0.00,0.00,0.00,0.00,0.00,0.00,28715.00,0.00,0.00,0.00,0.00,0.00,0.00,0.00,0.00,0.00,664468,1146988,1376252,67.44,47076,554132,3724084,182.49,847172,366592,32,612648,99612,7328,28924,0,0,0,0.00,0,0.00,0,0,0.00,26553,7648,36881,0,0,458,0.00,0.00,0.00,0,0.00,0.00,0.00,0.00,0.00,0.00,0.00,0.00,0.00,0.00,0.00,0.00,0.00,0.00,58659.00,2447.00,80251.20,138.60,0.00,0.00,0.00,0.00,0.00,0.00,0.00,0.00,0.00,0.00,0.00,0.00,0.00,0.00,0.00,0.00,0.00,0.00,0.00,0.00,0.00,0.00,0.00,0.00,0.00,0.00,0.00,0.00,0.00,0.00,724,3,5,0,0,0,58634.00,0.00,4888.00,2446.00,56189.00,2443.00,0.00,0.00,0.00,0.00,0.00,0.00,0.00,0.00,0.00,0.00,0.00,0.00,0.00,0.00,0.00,0.00,0.00,0.00,0.00,0.00,0.00,0.00,0.00,0.00,0.00,0.00,0.00,0.00,0.00,0.00,0.00,0.00,0.00,0.00,0.00,0.00,0.00,0.00,4889.00,2447.00,2445.00,0.00,3.00,0.00,0.00,0.00,0.00,0.00,0.00,3,2,1,0,0.00,0.00,0.00,0.00,0.00,0.00,0.00,0.00,0.00,0.00,0.00,0.00,0.00,0.00,0.00,0.00,0.00,0.00,0.00,0.00,0.00,0.00,0.00,0.00,0.00,0.00,0.00,0.00,0.00,0.00,0.00,0.00,0.00,0.00,0.00,0.00,0.00,0.00,0.00,0.00,0.00,0.00,0.00,0.00,0.00,0.00,0.00,0.00,0.00,0.00,0.00,0.00,0.00,58636.00,0.00,0.00,0.00,0.00,1995.37
0.00,0.00,0.50,0.00,0.00,0.00,8.54,0.00,0.00,90.95,0.00,372.00,0.00,0.00,0.00,0.00,0.00,0.00,28795.00,0.00,0.00,0.00,0.00,0.00,0.00,0.00,0.00,0.00,664436,1146956,1376284,67.44,47076,554148,3724084,182.49,847172,366592,48,612648,99612,7328,28924,0,0,0,0.00,0,0.00,0,0,0.00,26553,7648,36881,0,0,458,0.00,0.00,0.00,0,0.00,0.00,0.00,0.00,0.00,0.00,0.00,0.00,0.00,0.00,0.00,0.00,0.00,0.00,56905.00,2371.00,77854.08,134.29,0.00,0.00,0.00,0.00,0.00,0.00,0.00,1.00,0.00,0.00,0.00,0.00,0.00,0.00,0.00,0.00,0.00,0.00,0.00,0.00,0.00,0.00,0.00,0.00,0.00,0.00,0.00,0.00,0.00,0.00,724,3,5,0,0,0,56902.00,0.00,4740.00,2371.00,54533.00,2371.00,0.00,0.00,0.00,0.00,0.00,0.00,0.00,0.00,0.00,0.00,0.00,0.00,0.00,0.00,0.00,0.00,0.00,0.00,0.00,0.00,0.00,0.00,0.00,0.00,0.00,0.00,0.00,0.00,0.00,0.00,0.00,0.00,0.00,0.00,0.00,0.00,0.00,0.00,4739.00,2370.00,2369.00,0.00,0.00,0.00,0.00,0.00,0.00,0.00,0.00,3,2,1,0,0.00,0.00,0.00,0.00,0.00,0.00,0.00,0.00,0.00,0.00,0.00,0.00,0.00,0.00,0.00,0.00,0.00,0.00,0.00,0.00,0.00,0.00,0.00,0.00,0.00,0.00,0.00,0.00,0.00,0.00,0.00,0.00,0.00,0.00,0.00,0.00,0.00,0.00,0.00,0.00,0.00,0.00,0.00,0.00,0.00,0.00,0.00,0.00,0.00,0.00,0.00,0.00,0.00,56905.00,0.00,0.00,0.00,0.00,1995.37
0.51,0.00,0.00,0.00,0.00,0.00,7.65,0.00,0.00,91.84,0.00,356.00,0.00,0.00,0.00,0.00,0.00,0.00,29099.00,0.00,0.00,0.00,0.00,0.00,0.00,0.00,0.00,0.00,664532,1146956,1376188,67.44,47076,554164,3724084,182.49,847172,366592,64,612648,99612,7328,28924,0,0,0,0.00,0,0.00,0,0,0.00,26553,7648,36881,0,0,458,0.00,0.00,0.00,0,0.00,0.00,0.00,0.00,0.00,0.00,0.00,0.00,0.00,0.00,0.00,0.00,0.00,0.00,57719.00,2407.00,78970.39,136.33,0.00,0.00,0.00,0.00,0.00,0.00,0.00,0.00,0.00,0.00,0.00,0.00,0.00,0.00,0.00,0.00,0.00,0.00,0.00,0.00,0.00,0.00,0.00,0.00,0.00,0.00,0.00,0.00,0.00,0.00,724,3,5,0,0,0,57717.00,0.00,4807.00,2407.00,55315.00,2405.00,0.00,0.00,0.00,0.00,0.00,0.00,0.00,0.00,0.00,0.00,0.00,0.00,0.00,0.00,0.00,0.00,0.00,0.00,0.00,0.00,0.00,0.00,0.00,0.00,0.00,0.00,0.00,0.00,0.00,0.00,0.00,0.00,0.00,0.00,0.00,0.00,0.00,0.00,4807.00,2407.00,2402.00,0.00,2.00,0.00,0.00,0.00,0.00,0.00,0.00,3,2,1,0,0.00,0.00,0.00,0.00,0.00,0.00,0.00,0.00,0.00,0.00,0.00,0.00,0.00,0.00,0.00,0.00,0.00,0.00,0.00,0.00,0.00,0.00,0.00,0.00,0.00,0.00,0.00,0.00,0.00,0.00,0.00,0.00,0.00,0.00,0.00,0.00,0.00,0.00,0.00,0.00,0.00,0.00,0.00,0.00,0.00,0.00,0.00,0.00,0.00,0.00,0.00,0.00,0.00,57718.00,0.00,0.00,0.00,0.00,1995.37
0.00,0.00,0.00,10.00,0.00,0.00,9.50,0.00,0.00,80.50,0.00,400.00,0.00,0.00,0.00,20.00,0.00,0.00,28251.00,0.00,0.00,0.00,0.00,2.00,0.00,2.00,0.00,40.00,664468,1147044,1376252,67.44,47084,554180,3724084,182.49,847172,366648,92,612648,99612,7328,28924,0,0,0,0.00,0,0.00,0,0,0.00,26553,7648,36881,0,0,458,0.00,0.00,0.00,0,0.00,0.00,0.00,0.00,0.00,0.00,2.00,0.00,20.00,10.00,0.00,98.00,0.00,0.00,56168.00,2344.00,76836.55,132.77,0.00,0.00,0.00,0.00,0.00,0.00,0.00,1.00,0.00,0.00,0.00,0.00,0.00,0.00,0.00,0.00,0.00,0.00,0.00,0.00,0.00,0.00,0.00,0.00,0.00,0.00,0.00,0.00,0.00,0.00,724,3,5,0,0,0,56163.00,0.00,4683.00,2344.00,53820.00,2340.00,0.00,0.00,0.00,0.00,0.00,0.00,0.00,0.00,0.00,0.00,0.00,0.00,0.00,0.00,0.00,0.00,0.00,0.00,0.00,0.00,0.00,0.00,0.00,0.00,0.00,0.00,0.00,0.00,0.00,0.00,0.00,0.00,0.00,0.00,0.00,0.00,0.00,0.00,4683.00,2344.00,2343.00,0.00,4.00,0.00,0.00,0.00,0.00,0.00,0.00,3,2,1,0,0.00,0.00,0.00,0.00,0.00,0.00,0.00,0.00,0.00,0.00,0.00,0.00,0.00,0.00,0.00,0.00,0.00,0.00,0.00,0.00,0.00,0.00,0.00,0.00,0.00,0.00,0.00,0.00,0.00,0.00,0.00,0.00,0.00,0.00,0.00,0.00,0.00,0.00,0.00,0.00,0.00,0.00,0.00,0.00,0.00,0.00,0.00,0.00,0.00,0.00,0.00,0.00,0.00,56171.00,0.00,0.00,0.00,0.00,1995.37
0.49,0.00,0.49,0.00,0.49,0.00,10.68,0.00,0.00,87.86,0.00,396.00,0.00,0.00,0.00,0.00,0.00,0.00,27531.00,0.00,0.00,0.00,0.00,0.00,0.00,0.00,0.00,0.00,664628,1147204,1376092,67.43,47084,554192,3724084,182.49,847172,366648,104,612648,99612,7328,28924,0,0,0,0.00,0,0.00,0,0,0.00,26553,7648,36881,0,0,458,0.00,0.00,0.00,0,0.00,0.00,0.00,0.00,0.00,0.00,0.00,0.00,0.00,0.00,0.00,0.00,0.00,0.00,54338.00,2265.00,74340.68,128.29,0.00,0.00,0.00,0.00,0.00,0.00,0.00,0.00,0.00,0.00,0.00,0.00,0.00,0.00,0.00,0.00,0.00,0.00,0.00,0.00,0.00,0.00,0.00,0.00,0.00,0.00,0.00,0.00,0.00,0.00,724,3,5,0,0,0,54358.00,0.00,4528.00,2266.00,52095.00,2265.00,0.00,0.00,0.00,0.00,0.00,0.00,0.00,0.00,0.00,0.00,0.00,0.00,0.00,0.00,0.00,0.00,0.00,0.00,0.00,0.00,0.00,0.00,0.00,0.00,0.00,0.00,0.00,0.00,0.00,0.00,0.00,0.00,0.00,0.00,0.00,0.00,0.00,0.00,4529.00,2266.00,2264.00,0.00,1.00,0.00,0.00,0.00,0.00,0.00,0.00,3,2,1,0,0.00,0.00,0.00,0.00,0.00,0.00,0.00,0.00,0.00,0.00,0.00,0.00,0.00,0.00,0.00,0.00,0.00,0.00,0.00,0.00,0.00,0.00,0.00,0.00,0.00,0.00,0.00,0.00,0.00,0.00,0.00,0.00,0.00,0.00,0.00,0.00,0.00,0.00,0.00,0.00,0.00,0.00,0.00,0.00,0.00,0.00,0.00,0.00,0.00,0.00,0.00,0.00,0.00,54335.00,0.00,0.00,0.00,0.00,1995.37
0.00,0.00,0.00,0.00,0.00,0.00,9.95,0.00,0.00,90.05,0.00,384.00,0.00,0.00,0.00,0.00,0.00,0.00,25739.00,0.00,0.00,0.00,0.00,0.00,0.00,0.00,0.00,0.00,664436,1147012,1376284,67.44,47084,554208,3724084,182.49,847172,366648,120,612648,99616,7328,28924,0,0,0,0.00,0,0.00,0,0,0.00,26553,7648,36881,0,0,458,0.00,0.00,0.00,0,0.00,0.00,0.00,0.00,0.00,0.00,0.00,0.00,0.00,0.00,0.00,0.00,0.00,0.00,53209.00,2220.00,72797.36,125.74,0.00,0.00,0.00,0.00,0.00,0.00,0.00,1.00,0.00,0.00,0.00,0.00,0.00,0.00,0.00,0.00,0.00,0.00,0.00,0.00,0.00,0.00,0.00,0.00,0.00,0.00,0.00,0.00,0.00,0.00,724,3,5,0,0,0,53204.00,0.00,4430.00,2220.00,50991.00,2217.00,0.00,0.00,0.00,0.00,0.00,0.00,0.00,0.00,0.00,0.00,0.00,0.00,0.00,0.00,0.00,0.00,0.00,0.00,0.00,0.00,0.00,0.00,0.00,0.00,0.00,0.00,0.00,0.00,0.00,0.00,0.00,0.00,0.00,0.00,0.00,0.00,0.00,0.00,4429.00,2220.00,2212.00,0.00,3.00,0.00,0.00,0.00,0.00,0.00,0.00,3,2,1,0,0.00,0.00,0.00,0.00,0.00,0.00,0.00,0.00,0.00,0.00,0.00,0.00,0.00,0.00,0.00,0.00,0.00,0.00,0.00,0.00,0.00,0.00,0.00,0.00,0.00,0.00,0.00,0.00,0.00,0.00,0.00,0.00,0.00,0.00,0.00,0.00,0.00,0.00,0.00,0.00,0.00,0.00,0.00,0.00,0.00,0.00,0.00,0.00,0.00,0.00,0.00,0.00,0.00,53237.00,0.00,0.00,0.00,0.00,1995.37
0.00,0.00,0.00,0.00,0.00,0.00,7.65,0.00,0.00,92.35,0.00,366.00,0.00,0.00,0.00,0.00,0.00,0.00,26731.00,0.00,0.00,0.00,0.00,0.00,0.00,0.00,0.00,0.00,664564,1147196,1376156,67.43,47084,554224,3724084,182.49,847180,366696,136,612648,99616,7328,28924,0,0,0,0.00,0,0.00,0,0,0.00,26553,7648,36881,0,0,458,0.00,0.00,0.00,0,0.00,0.00,0.00,0.00,0.00,0.00,0.00,0.00,0.00,0.00,0.00,0.00,0.00,0.00,52976.00,2208.00,72469.36,125.06,0.00,0.00,0.00,0.00,0.00,0.00,0.00,0.00,0.00,0.00,0.00,0.00,0.00,0.00,0.00,0.00,0.00,0.00,0.00,0.00,0.00,0.00,0.00,0.00,0.00,0.00,0.00,0.00,0.00,0.00,724,3,5,0,0,0,52973.00,0.00,4419.00,2208.00,50761.00,2207.00,0.00,0.00,0.00,0.00,0.00,0.00,0.00,0.00,0.00,0.00,0.00,0.00,0.00,0.00,0.00,0.00,0.00,0.00,0.00,0.00,0.00,0.00,0.00,0.00,0.00,0.00,0.00,0.00,0.00,0.00,0.00,0.00,0.00,0.00,0.00,0.00,0.00,0.00,4419.00,2208.00,2212.00,0.00,1.00,0.00,0.00,0.00,0.00,0.00,0.00,3,2,1,0,0.00,0.00,0.00,0.00,0.00,0.00,0.00,0.00,0.00,0.00,0.00,0.00,0.00,0.00,0.00,0.00,0.00,0.00,0.00,0.00,0.00,0.00,0.00,0.00,0.00,0.00,0.00,0.00,0.00,0.00,0.00,0.00,0.00,0.00,0.00,0.00,0.00,0.00,0.00,0.00,0.00,0.00,0.00,0.00,0.00,0.00,0.00,0.00,0.00,0.00,0.00,0.00,0.00,52948.00,0.00,0.00,0.00,0.00,1995.37
0.50,0.00,0.00,0.00,0.00,0.00,8.50,0.00,0.00,91.00,0.00,383.00,0.00,0.00,0.00,0.00,0.00,0.00,26667.00,0.00,0.00,0.00,0.00,0.00,0.00,0.00,0.00,0.00,664628,1147260,1376092,67.43,47084,554240,3724084,182.49,847180,366696,152,612648,99616,7328,28924,0,0,0,0.00,0,0.00,0,0,0.00,26553,7648,36881,0,0,458,0.00,0.00,0.00,0,0.00,0.00,0.00,0.00,0.00,0.00,0.00,0.00,0.00,0.00,0.00,0.00,0.00,0.00,53481.00,2232.00,73159.00,126.42,0.00,0.00,0.00,0.00,0.00,0.00,0.00,1.00,0.00,0.00,0.00,0.00,0.00,0.00,0.00,0.00,0.00,0.00,0.00,0.00,0.00,0.00,0.00,0.00,0.00,0.00,0.00,0.00,0.00,0.00,724,3,5,0,0,0,53471.00,0.00,4455.00,2232.00,51244.00,2228.00,0.00,0.00,0.00,0.00,0.00,0.00,0.00,0.00,0.00,0.00,0.00,0.00,0.00,0.00,0.00,0.00,0.00,0.00,0.00,0.00,0.00,0.00,0.00,0.00,0.00,0.00,0.00,0.00,0.00,0.00,0.00,0.00,0.00,0.00,0.00,0.00,0.00,0.00,4455.00,2232.00,2227.00,0.00,4.00,0.00,0.00,0.00,0.00,0.00,0.00,3,2,1,0,0.00,0.00,0.00,0.00,0.00,0.00,0.00,0.00,0.00,0.00,0.00,0.00,0.00,0.00,0.00,0.00,0.00,0.00,0.00,0.00,0.00,0.00,0.00,0.00,0.00,0.00,0.00,0.00,0.00,0.00,0.00,0.00,0.00,0.00,0.00,0.00,0.00,0.00,0.00,0.00,0.00,0.00,0.00,0.00,0.00,0.00,0.00,0.00,0.00,0.00,0.00,0.00,0.00,53503.00,0.00,0.00,0.00,0.00,1995.37
0.00,0.00,0.50,0.00,0.00,0.00,8.04,0.00,0.00,91.46,0.00,366.00,0.00,0.00,0.00,0.00,0.00,0.00,25627.00,0.00,0.00,0.00,0.00,0.00,0.00,0.00,0.00,0.00,664472,1147104,1376248,67.44,47084,554256,3724084,182.49,847180,366696,168,612648,99616,7328,28924,0,0,0,0.00,0,0.00,0,0,0.00,26553,7648,36881,0,0,458,0.00,0.00,0.00,0,0.00,0.00,0.00,0.00,0.00,0.00,0.00,0.00,0.00,0.00,0.00,0.00,0.00,0.00,50838.00,2119.00,69546.88,120.02,0.00,0.00,0.00,0.00,0.00,0.00,0.00,2.00,0.00,0.00,0.00,0.00,0.00,0.00,0.00,0.00,0.00,0.00,0.00,0.00,0.00,0.00,0.00,0.00,0.00,0.00,0.00,0.00,0.00,0.00,724,3,5,0,0,0,50812.00,0.00,4238.00,2118.00,48691.00,2117.00,0.00,0.00,0.00,0.00,0.00,0.00,0.00,0.00,0.00,0.00,0.00,0.00,0.00,0.00,0.00,0.00,0.00,0.00,0.00,0.00,0.00,0.00,0.00,0.00,0.00,0.00,0.00,0.00,0.00,0.00,0.00,0.00,0.00,0.00,0.00,0.00,0.00,0.00,4239.00,2119.00,2121.00,0.00,1.00,0.00,0.00,0.00,0.00,0.00,0.00,3,2,1,0,0.00,0.00,0.00,0.00,0.00,0.00,0.00,0.00,0.00,0.00,0.00,0.00,0.00,0.00,0.00,0.00,0.00,0.00,0.00,0.00,0.00,0.00,0.00,0.00,0.00,0.00,0.00,0.00,0.00,0.00,0.00,0.00,0.00,0.00,0.00,0.00,0.00,0.00,0.00,0.00,0.00,0.00,0.00,0.00,0.00,0.00,0.00,0.00,0.00,0.00,0.00,0.00,0.00,50817.00,0.00,0.00,0.00,0.00,1995.37
0.50,0.00,0.00,4.00,0.00,0.00,9.00,0.00,0.00,86.50,0.00,403.00,0.00,0.00,0.00,12.00,1.00,0.00,24109.00,0.00,0.00,0.00,0.00,2.00,0.00,2.00,0.00,24.00,664344,1147032,1376376,67.45,47092,554268,3724084,182.49,847188,366744,180,612652,99616,7328,28924,0,0,0,0.00,0,0.00,0,0,0.00,26553,7648,36881,0,0,458,0.00,0.00,0.00,0,0.00,0.00,0.00,0.00,0.00,0.00,2.00,0.00,12.00,6.00,0.00,42.00,0.00,0.00,50329.00,2099.00,68857.04,118.88,0.00,0.00,0.00,0.00,0.00,0.00,0.00,1.00,0.00,0.00,0.00,0.00,0.00,0.00,0.00,0.00,0.00,0.00,0.00,0.00,0.00,0.00,0.00,0.00,0.00,0.00,0.00,0.00,0.00,0.00,724,3,5,0,0,0,50374.00,0.00,4196.00,2100.00,48277.00,2099.00,0.00,0.00,0.00,0.00,0.00,0.00,0.00,0.00,0.00,0.00,0.00,0.00,0.00,0.00,0.00,0.00,0.00,0.00,0.00,0.00,0.00,0.00,0.00,0.00,0.00,0.00,0.00,0.00,0.00,0.00,0.00,0.00,0.00,0.00,0.00,0.00,0.00,0.00,4195.00,2099.00,2097.00,0.00,1.00,0.00,0.00,0.00,0.00,0.00,0.00,3,2,1,0,0.00,0.00,0.00,0.00,0.00,0.00,0.00,0.00,0.00,0.00,0.00,0.00,0.00,0.00,0.00,0.00,0.00,0.00,0.00,0.00,0.00,0.00,0.00,0.00,0.00,0.00,0.00,0.00,0.00,0.00,0.00,0.00,0.00,0.00,0.00,0.00,0.00,0.00,0.00,0.00,0.00,0.00,0.00,0.00,0.00,0.00,0.00,0.00,0.00,0.00,0.00,0.00,0.00,50379.00,0.00,0.00,0.00,0.00,1995.37
0.00,0.00,0.00,0.00,0.51,0.00,7.11,0.00,0.00,92.39,0.00,361.00,0.00,0.00,0.00,0.00,0.00,0.00,24387.00,0.00,0.00,0.00,0.00,0.00,0.00,0.00,0.00,0.00,664312,1147000,1376408,67.45,47092,554284,3724084,182.49,847188,366744,196,612652,99616,7328,28924,0,0,0,0.00,0,0.00,0,0,0.00,26553,7648,36881,0,0,458,0.00,0.00,0.00,0,0.00,0.00,0.00,0.00,0.00,0.00,0.00,0.00,0.00,0.00,0.00,0.00,0.00,0.00,49086.00,2046.00,67149.83,115.88,0.00,0.00,0.00,0.00,0.00,0.00,0.00,0.00,0.00,0.00,0.00,0.00,0.00,0.00,0.00,0.00,0.00,0.00,0.00,0.00,0.00,0.00,0.00,0.00,0.00,0.00,0.00,0.00,0.00,0.00,724,3,5,0,0,0,49033.00,0.00,4087.00,2045.00,46989.00,2043.00,0.00,0.00,0.00,0.00,0.00,0.00,0.00,0.00,0.00,0.00,0.00,0.00,0.00,0.00,0.00,0.00,0.00,0.00,0.00,0.00,0.00,0.00,0.00,0.00,0.00,0.00,0.00,0.00,0.00,0.00,0.00,0.00,0.00,0.00,0.00,0.00,0.00,0.00,4087.00,2045.00,2044.00,0.00,2.00,0.00,0.00,0.00,0.00,0.00,0.00,3,2,1,0,0.00,0.00,0.00,0.00,0.00,0.00,0.00,0.00,0.00,0.00,0.00,0.00,0.00,0.00,0.00,0.00,0.00,0.00,0.00,0.00,0.00,0.00,0.00,0.00,0.00,0.00,0.00,0.00,0.00,0.00,0.00,0.00,0.00,0.00,0.00,0.00,0.00,0.00,0.00,0.00,0.00,0.00,0.00,0.00,0.00,0.00,0.00,0.00,0.00,0.00,0.00,0.00,0.00,48988.00,0.00,0.00,0.00,0.00,1995.37
0.50,0.00,0.00,0.00,0.00,0.00,8.00,0.00,0.00,91.50,0.00,361.00,0.00,0.00,0.00,0.00,0.00,0.00,23691.00,0.00,0.00,0.00,0.00,0.00,0.00,0.00,0.00,0.00,664504,1147192,1376216,67.44,47092,554300,3724084,182.49,847188,366744,212,612652,99616,7328,28924,0,0,0,0.00,0,0.00,0,0,0.00,26553,7648,36881,0,0,458,0.00,0.00,0.00,0,0.00,0.00,0.00,0.00,0.00,0.00,0.00,0.00,0.00,0.00,0.00,0.00,0.00,0.00,47933.00,1998.00,65573.67,113.17,0.00,0.00,0.00,0.00,0.00,0.00,0.00,1.00,0.00,0.00,0.00,0.00,0.00,0.00,0.00,0.00,0.00,0.00,0.00,0.00,0.00,0.00,0.00,0.00,0.00,0.00,0.00,0.00,0.00,0.00,724,3,5,0,0,0,47951.00,0.00,3995.00,1999.00,45954.00,1998.00,0.00,0.00,0.00,0.00,0.00,0.00,0.00,0.00,0.00,0.00,0.00,0.00,0.00,0.00,0.00,0.00,0.00,0.00,0.00,0.00,0.00,0.00,0.00,0.00,0.00,0.00,0.00,0.00,0.00,0.00,0.00,0.00,0.00,0.00,0.00,0.00,0.00,0.00,3995.00,1999.00,1997.00,0.00,1.00,0.00,0.00,0.00,0.00,0.00,0.00,3,2,1,0,0.00,0.00,0.00,0.00,0.00,0.00,0.00,0.00,0.00,0.00,0.00,0.00,0.00,0.00,0.00,0.00,0.00,0.00,0.00,0.00,0.00,0.00,0.00,0.00,0.00,0.00,0.00,0.00,0.00,0.00,0.00,0.00,0.00,0.00,0.00,0.00,0.00,0.00,0.00,0.00,0.00,0.00,0.00,0.00,0.00,0.00,0.00,0.00,0.00,0.00,0.00,0.00,0.00,48006.00,0.00,0.00,0.00,0.00,1995.37
0.50,0.00,0.00,0.00,0.00,0.00,9.00,0.00,0.00,90.50,0.00,369.00,0.00,0.00,0.00,0.00,0.00,0.00,23579.00,0.00,0.00,0.00,0.00,0.00,0.00,0.00,0.00,0.00,664376,1147064,1376344,67.44,47092,554316,3724084,182.49,847188,366744,228,612652,99616,7328,28924,0,0,0,0.00,0,0.00,0,0,0.00,26553,7648,36881,0,0,458,0.00,0.00,0.00,0,0.00,0.00,0.00,0.00,0.00,0.00,0.00,0.00,0.00,0.00,0.00,0.00,0.00,0.00,47642.00,1985.00,65179.45,112.43,0.00,0.00,0.00,0.00,0.00,0.00,0.00,0.00,0.00,0.00,0.00,0.00,0.00,0.00,0.00,0.00,0.00,0.00,0.00,0.00,0.00,0.00,0.00,0.00,0.00,0.00,0.00,0.00,0.00,0.00,724,3,5,0,0,0,47616.00,0.00,3968.00,1984.00,45632.00,1984.00,0.00,0.00,0.00,0.00,0.00,0.00,0.00,0.00,0.00,0.00,0.00,0.00,0.00,0.00,0.00,0.00,0.00,0.00,0.00,0.00,0.00,0.00,0.00,0.00,0.00,0.00,0.00,0.00,0.00,0.00,0.00,0.00,0.00,0.00,0.00,0.00,0.00,0.00,3969.00,1985.00,1984.00,0.00,0.00,0.00,0.00,0.00,0.00,0.00,0.00,3,2,1,0,0.00,0.00,0.00,0.00,0.00,0.00,0.00,0.00,0.00,0.00,0.00,0.00,0.00,0.00,0.00,0.00,0.00,0.00,0.00,0.00,0.00,0.00,0.00,0.00,0.00,0.00,0.00,0.00,0.00,0.00,0.00,0.00,0.00,0.00,0.00,0.00,0.00,0.00,0.00,0.00,0.00,0.00,0.00,0.00,0.00,0.00,0.00,0.00,0.00,0.00,0.00,0.00,0.00,47616.00,0.00,0.00,0.00,0.00,1995.37
0.00,0.00,0.00,0.00,0.00,0.00,9.85,0.00,0.00,90.15,0.00,393.00,0.00,0.00,0.00,0.00,0.00,0.00,23523.00,0.00,0.00,0.00,0.00,0.00,0.00,0.00,0.00,0.00,664376,1147116,1376344,67.44,47092,554332,3724084,182.49,847192,366796,244,612652,99616,7328,28924,0,0,0,0.00,0,0.00,0,0,0.00,26553,7648,36881,0,0,458,0.00,0.00,0.00,0,0.00,0.00,0.00,0.00,0.00,0.00,0.00,0.00,0.00,0.00,0.00,0.00,0.00,0.00,46730.00,1950.00,63931.70,110.45,0.00,0.00,0.00,0.00,0.00,0.00,0.00,1.00,0.00,0.00,0.00,0.00,0.00,0.00,0.00,0.00,0.00,0.00,0.00,0.00,0.00,0.00,0.00,0.00,0.00,0.00,0.00,0.00,0.00,0.00,724,3,5,0,0,0,46750.00,0.00,3894.00,1951.00,44804.00,1948.00,0.00,0.00,0.00,0.00,0.00,0.00,0.00,0.00,0.00,0.00,0.00,0.00,0.00,0.00,0.00,0.00,0.00,0.00,0.00,0.00,0.00,0.00,0.00,0.00,0.00,0.00,0.00,0.00,0.00,0.00,0.00,0.00,0.00,0.00,0.00,0.00,0.00,0.00,3893.00,1950.00,1946.00,0.00,3.00,0.00,0.00,0.00,0.00,0.00,0.00,3,2,1,0,0.00,0.00,0.00,0.00,0.00,0.00,0.00,0.00,0.00,0.00,0.00,0.00,0.00,0.00,0.00,0.00,0.00,0.00,0.00,0.00,0.00,0.00,0.00,0.00,0.00,0.00,0.00,0.00,0.00,0.00,0.00,0.00,0.00,0.00,0.00,0.00,0.00,0.00,0.00,0.00,0.00,0.00,0.00,0.00,0.00,0.00,0.00,0.00,0.00,0.00,0.00,0.00,0.00,46755.00,0.00,0.00,0.00,0.00,1995.37
0.50,0.00,0.00,5.03,0.00,0.00,7.54,0.00,0.00,86.93,0.00,383.00,0.00,0.00,0.00,256.00,0.00,0.00,22339.00,0.00,0.00,0.00,0.00,4.00,0.00,4.00,0.00,512.00,664312,1147056,1376408,67.45,47100,554344,3724084,182.49,847192,366796,4,612652,99620,7328,28924,0,0,0,0.00,0,0.00,0,0,0.00,26553,7648,36881,0,0,458,0.00,0.00,0.00,0,0.00,0.00,0.00,0.00,0.00,0.00,4.00,0.00,256.00,64.00,0.00,27.00,0.00,0.00,44306.00,1848.00,60615.26,104.67,0.00,0.00,0.00,0.00,0.00,0.00,0.00,0.00,0.00,0.00,0.00,0.00,0.00,0.00,0.00,0.00,0.00,0.00,0.00,0.00,0.00,0.00,0.00,0.00,0.00,0.00,0.00,0.00,0.00,0.00,724,3,5,0,0,0,44279.00,0.00,3689.00,1847.00,42435.00,1845.00,0.00,0.00,0.00,0.00,0.00,0.00,0.00,0.00,0.00,0.00,0.00,0.00,0.00,0.00,0.00,0.00,0.00,0.00,0.00,0.00,0.00,0.00,0.00,0.00,0.00,0.00,0.00,0.00,0.00,0.00,0.00,0.00,0.00,0.00,0.00,0.00,0.00,0.00,3690.00,1848.00,1844.00,0.00,2.00,0.00,0.00,0.00,0.00,0.00,0.00,3,2,1,0,0.00,0.00,0.00,0.00,0.00,0.00,0.00,0.00,0.00,0.00,0.00,0.00,0.00,0.00,0.00,0.00,0.00,0.00,0.00,0.00,0.00,0.00,0.00,0.00,0.00,0.00,0.00,0.00,0.00,0.00,0.00,0.00,0.00,0.00,0.00,0.00,0.00,0.00,0.00,0.00,0.00,0.00,0.00,0.00,0.00,0.00,0.00,0.00,0.00,0.00,0.00,0.00,0.00,44258.00,0.00,0.00,0.00,0.00,1995.37
0.50,0.00,0.50,0.00,0.00,0.00,7.50,0.00,0.00,91.50,0.00,359.00,0.00,0.00,0.00,0.00,0.00,0.00,21875.00,0.00,0.00,0.00,0.00,0.00,0.00,0.00,0.00,0.00,664188,1146964,1376532,67.45,47100,554360,3724084,182.49,847200,366820,20,612652,99620,7328,28924,0,0,0,0.00,0,0.00,0,0,0.00,26553,7648,36881,0,0,458,0.00,0.00,0.00,0,0.00,0.00,0.00,0.00,0.00,0.00,0.00,0.00,0.00,0.00,0.00,0.00,0.00,0.00,43903.00,1831.00,60057.35,103.71,0.00,0.00,0.00,0.00,0.00,0.00,0.00,1.00,0.00,0.00,0.00,0.00,0.00,0.00,0.00,0.00,0.00,0.00,0.00,0.00,0.00,0.00,0.00,0.00,0.00,0.00,0.00,0.00,0.00,0.00,724,3,5,0,0,0,43894.00,0.00,3656.00,1831.00,42067.00,1829.00,0.00,0.00,0.00,0.00,0.00,0.00,0.00,0.00,0.00,0.00,0.00,0.00,0.00,0.00,0.00,0.00,0.00,0.00,0.00,0.00,0.00,0.00,0.00,0.00,0.00,0.00,0.00,0.00,0.00,0.00,0.00,0.00,0.00,0.00,0.00,0.00,0.00,0.00,3656.00,1831.00,1827.00,0.00,2.00,0.00,0.00,0.00,0.00,0.00,0.00,3,2,1,0,0.00,0.00,0.00,0.00,0.00,0.00,0.00,0.00,0.00,0.00,0.00,0.00,0.00,0.00,0.00,0.00,0.00,0.00,0.00,0.00,0.00,0.00,0.00,0.00,0.00,0.00,0.00,0.00,0.00,0.00,0.00,0.00,0.00,0.00,0.00,0.00,0.00,0.00,0.00,0.00,0.00,0.00,0.00,0.00,0.00,0.00,0.00,0.00,0.00,0.00,0.00,0.00,0.00,43949.00,0.00,0.00,0.00,0.00,1995.37
0.00,0.00,0.00,0.00,0.50,0.00,8.46,0.00,0.00,91.04,0.00,372.00,0.00,0.00,0.00,0.00,0.00,0.00,21611.00,0.00,0.00,0.00,0.00,0.00,0.00,0.00,0.00,0.00,664316,1147092,1376404,67.45,47100,554376,3724084,182.49,847200,366820,36,612652,99620,7328,28924,0,0,0,0.00,0,0.00,0,0,0.00,26553,7648,36881,0,0,458,0.00,0.00,0.00,0,0.00,0.00,0.00,0.00,0.00,0.00,0.00,0.00,0.00,0.00,0.00,0.00,0.00,0.00,43038.00,1798.00,58875.18,101.82,0.00,0.00,0.00,0.00,0.00,0.00,0.00,0.00,0.00,0.00,0.00,0.00,0.00,0.00,0.00,0.00,0.00,0.00,0.00,0.00,0.00,0.00,0.00,0.00,0.00,0.00,0.00,0.00,0.00,0.00,724,3,5,0,0,0,43056.00,0.00,3588.00,1798.00,41262.00,1794.00,0.00,0.00,0.00,0.00,0.00,0.00,0.00,0.00,0.00,0.00,0.00,0.00,0.00,0.00,0.00,0.00,0.00,0.00,0.00,0.00,0.00,0.00,0.00,0.00,0.00,0.00,0.00,0.00,0.00,0.00,0.00,0.00,0.00,0.00,0.00,0.00,0.00,0.00,3587.00,1797.00,1794.00,0.00,4.00,0.00,0.00,0.00,0.00,0.00,0.00,3,2,1,0,0.00,0.00,0.00,0.00,0.00,0.00,0.00,0.00,0.00,0.00,0.00,0.00,0.00,0.00,0.00,0.00,0.00,0.00,0.00,0.00,0.00,0.00,0.00,0.00,0.00,0.00,0.00,0.00,0.00,0.00,0.00,0.00,0.00,0.00,0.00,0.00,0.00,0.00,0.00,0.00,0.00,0.00,0.00,0.00,0.00,0.00,0.00,0.00,0.00,0.00,0.00,0.00,0.00,43038.00,0.00,0.00,0.00,0.00,1995.37
0.00,0.00,0.00,0.00,0.00,0.00,8.04,0.00,0.00,91.96,0.00,370.00,0.00,0.00,0.00,0.00,0.00,0.00,21227.00,0.00,0.00,0.00,0.00,0.00,0.00,0.00,0.00,0.00,664252,1147028,1376468,67.45,47100,554392,3724084,182.49,847200,366820,52,612652,99620,7328,28924,0,0,0,0.00,0,0.00,0,0,0.00,26553,7648,36881,0,0,458,0.00,0.00,0.00,0,0.00,0.00,0.00,0.00,0.00,0.00,0.00,0.00,0.00,0.00,0.00,0.00,0.00,0.00,42192.00,1761.00,57725.60,99.74,0.00,0.00,0.00,0.00,0.00,0.00,0.00,1.00,0.00,0.00,0.00,0.00,0.00,0.00,0.00,0.00,0.00,0.00,0.00,0.00,0.00,0.00,0.00,0.00,0.00,0.00,0.00,0.00,0.00,0.00,724,3,5,0,0,0,42188.00,0.00,3512.00,1761.00,40434.00,1758.00,0.00,0.00,0.00,0.00,0.00,0.00,0.00,0.00,0.00,0.00,0.00,0.00,0.00,0.00,0.00,0.00,0.00,0.00,0.00,0.00,0.00,0.00,0.00,0.00,0.00,0.00,0.00,0.00,0.00,0.00,0.00,0.00,0.00,0.00,0.00,0.00,0.00,0.00,3512.00,1761.00,1754.00,0.00,3.00,0.00,0.00,0.00,0.00,0.00,0.00,3,2,1,0,0.00,0.00,0.00,0.00,0.00,0.00,0.00,0.00,0.00,0.00,0.00,0.00,0.00,0.00,0.00,0.00,0.00,0.00,0.00,0.00,0.00,0.00,0.00,0.00,0.00,0.00,0.00,0.00,0.00,0.00,0.00,0.00,0.00,0.00,0.00,0.00,0.00,0.00,0.00,0.00,0.00,0.00,0.00,0.00,0.00,0.00,0.00,0.00,0.00,0.00,0.00,0.00,0.00,42168.00,0.00,0.00,0.00,0.00,1995.37
0.50,0.00,0.00,0.00,0.00,0.00,8.00,0.00,0.00,91.50,0.00,371.00,0.00,0.00,0.00,0.00,0.00,0.00,19683.00,0.00,0.00,0.00,0.00,0.00,0.00,0.00,0.00,0.00,664220,1147052,1376500,67.45,47100,554408,3724084,182.49,847200,366876,68,612652,99620,7328,28924,0,0,0,0.00,0,0.00,0,0,0.00,26553,7648,36881,0,0,458,0.00,0.00,0.00,0,0.00,0.00,0.00,0.00,0.00,0.00,0.00,0.00,0.00,0.00,0.00,0.00,0.00,0.00,41645.00,1738.00,56970.62,98.44,0.00,0.00,0.00,0.00,0.00,0.00,0.00,0.00,0.00,0.00,0.00,0.00,0.00,0.00,0.00,0.00,0.00,0.00,0.00,0.00,0.00,0.00,0.00,0.00,0.00,0.00,0.00,0.00,0.00,0.00,724,3,5,0,0,0,41622.00,0.00,3474.00,1737.00,39882.00,1734.00,0.00,0.00,0.00,0.00,0.00,0.00,0.00,0.00,0.00,0.00,0.00,0.00,0.00,0.00,0.00,0.00,0.00,0.00,0.00,0.00,0.00,0.00,0.00,0.00,0.00,0.00,0.00,0.00,0.00,0.00,0.00,0.00,0.00,0.00,0.00,0.00,0.00,0.00,3475.00,1738.00,1740.00,0.00,3.00,0.00,0.00,0.00,0.00,0.00,0.00,3,2,1,0,0.00,0.00,0.00,0.00,0.00,0.00,0.00,0.00,0.00,0.00,0.00,0.00,0.00,0.00,0.00,0.00,0.00,0.00,0.00,0.00,0.00,0.00,0.00,0.00,0.00,0.00,0.00,0.00,0.00,0.00,0.00,0.00,0.00,0.00,0.00,0.00,0.00,0.00,0.00,0.00,0.00,0.00,0.00,0.00,0.00,0.00,0.00,0.00,0.00,0.00,0.00,0.00,0.00,41646.00,0.00,0.00,0.00,0.00,1995.37
0.49,0.00,0.00,7.39,0.00,0.00,8.87,0.00,0.00,83.25,0.00,392.00,0.00,0.00,0.00,20.00,0.00,0.00,20005.00,0.00,0.00,0.00,0.00,2.00,0.00,2.00,0.00,40.00,664316,1147148,1376404,67.45,47108,554420,3724084,182.49,847200,366876,92,612652,99620,7328,28924,0,0,0,0.00,0,0.00,0,0,0.00,26553,7648,36881,0,0,458,0.00,0.00,0.00,0,0.00,0.00,0.00,0.00,0.00,0.00,2.00,0.00,20.00,10.00,0.00,72.00,0.00,0.00,40663.00,1695.00,55624.49,96.00,0.00,0.00,0.00,0.00,0.00,0.00,0.00,1.00,0.00,0.00,0.00,0.00,0.00,0.00,0.00,0.00,0.00,0.00,0.00,0.00,0.00,0.00,0.00,0.00,0.00,0.00,0.00,0.00,0.00,0.00,724,3,5,0,0,0,40680.00,0.00,3390.00,1696.00,38985.00,1695.00,0.00,0.00,0.00,0.00,0.00,0.00,0.00,0.00,0.00,0.00,0.00,0.00,0.00,0.00,0.00,0.00,0.00,0.00,0.00,0.00,0.00,0.00,0.00,0.00,0.00,0.00,0.00,0.00,0.00,0.00,0.00,0.00,0.00,0.00,0.00,0.00,0.00,0.00,3391.00,1696.00,1696.00,0.00,1.00,0.00,0.00,0.00,0.00,0.00,0.00,3,2,1,0,0.00,0.00,0.00,0.00,0.00,0.00,0.00,0.00,0.00,0.00,0.00,0.00,0.00,0.00,0.00,0.00,0.00,0.00,0.00,0.00,0.00,0.00,0.00,0.00,0.00,0.00,0.00,0.00,0.00,0.00,0.00,0.00,0.00,0.00,0.00,0.00,0.00,0.00,0.00,0.00,0.00,0.00,0.00,0.00,0.00,0.00,0.00,0.00,0.00,0.00,0.00,0.00,0.00,40712.00,0.00,0.00,0.00,0.00,1995.37
0.49,0.00,0.00,0.00,0.00,0.00,9.76,0.00,0.00,89.76,0.00,386.00,0.00,0.00,0.00,0.00,0.00,0.00,19651.00,0.00,0.00,0.00,0.00,0.00,0.00,0.00,0.00,0.00,664220,1147052,1376500,67.45,47108,554436,3724084,182.49,847200,366876,108,612652,99620,7328,28924,0,0,0,0.00,0,0.00,0,0,0.00,26553,7648,36881,0,0,458,0.00,0.00,0.00,0,0.00,0.00,0.00,0.00,0.00,0.00,0.00,0.00,0.00,0.00,0.00,0.00,0.00,0.00,39268.00,1638.00,53719.83,92.78,0.00,0.00,0.00,0.00,0.00,0.00,0.00,0.00,0.00,0.00,0.00,0.00,0.00,0.00,0.00,0.00,0.00,0.00,0.00,0.00,0.00,0.00,0.00,0.00,0.00,0.00,0.00,0.00,0.00,0.00,724,3,5,0,0,0,39264.00,0.00,3272.00,1638.00,37628.00,1636.00,0.00,0.00,0.00,0.00,0.00,0.00,0.00,0.00,0.00,0.00,0.00,0.00,0.00,0.00,0.00,0.00,0.00,0.00,0.00,0.00,0.00,0.00,0.00,0.00,0.00,0.00,0.00,0.00,0.00,0.00,0.00,0.00,0.00,0.00,0.00,0.00,0.00,0.00,3270.00,1637.00,1635.00,0.00,2.00,0.00,0.00,0.00,0.00,0.00,0.00,3,2,1,0,0.00,0.00,0.00,0.00,0.00,0.00,0.00,0.00,0.00,0.00,0.00,0.00,0.00,0.00,0.00,0.00,0.00,0.00,0.00,0.00,0.00,0.00,0.00,0.00,0.00,0.00,0.00,0.00,0.00,0.00,0.00,0.00,0.00,0.00,0.00,0.00,0.00,0.00,0.00,0.00,0.00,0.00,0.00,0.00,0.00,0.00,0.00,0.00,0.00,0.00,0.00,0.00,0.00,39243.00,0.00,0.00,0.00,0.00,1995.37
0.00,0.00,0.50,0.00,0.50,0.00,7.92,0.00,0.00,91.09,0.00,369.00,0.00,0.00,0.00,0.00,0.00,0.00,19739.00,0.00,0.00,0.00,0.00,0.00,0.00,0.00,0.00,0.00,664284,1147172,1376436,67.45,47108,554452,3724084,182.49,847208,366924,124,612652,99620,7328,28924,0,0,0,0.00,0,0.00,0,0,0.00,26553,7648,36881,0,0,458,0.00,0.00,0.00,0,0.00,0.00,0.00,0.00,0.00,0.00,0.00,0.00,0.00,0.00,0.00,0.00,0.00,0.00,39531.00,1649.00,54080.96,93.38,0.00,0.00,0.00,0.00,0.00,0.00,0.00,1.00,0.00,0.00,0.00,0.00,0.00,0.00,0.00,0.00,0.00,0.00,0.00,0.00,0.00,0.00,0.00,0.00,0.00,0.00,0.00,0.00,0.00,0.00,724,3,5,0,0,0,39528.00,0.00,3294.00,1648.00,37881.00,1647.00,0.00,0.00,0.00,0.00,0.00,0.00,0.00,0.00,0.00,0.00,0.00,0.00,0.00,0.00,0.00,0.00,0.00,0.00,0.00,0.00,0.00,0.00,0.00,0.00,0.00,0.00,0.00,0.00,0.00,0.00,0.00,0.00,0.00,0.00,0.00,0.00,0.00,0.00,3296.00,1649.00,1648.00,0.00,1.00,0.00,0.00,0.00,0.00,0.00,0.00,3,2,1,0,0.00,0.00,0.00,0.00,0.00,0.00,0.00,0.00,0.00,0.00,0.00,0.00,0.00,0.00,0.00,0.00,0.00,0.00,0.00,0.00,0.00,0.00,0.00,0.00,0.00,0.00,0.00,0.00,0.00,0.00,0.00,0.00,0.00,0.00,0.00,0.00,0.00,0.00,0.00,0.00,0.00,0.00,0.00,0.00,0.00,0.00,0.00,0.00,0.00,0.00,0.00,0.00,0.00,39556.00,0.00,0.00,0.00,0.00,1995.37
0.50,0.00,0.00,0.00,0.00,0.00,8.46,0.00,0.00,91.04,0.00,441.00,0.00,0.00,0.00,0.00,0.00,0.00,18505.00,0.00,0.00,0.00,0.00,0.00,0.00,0.00,0.00,0.00,664188,1147084,1376532,67.45,47108,554468,3724084,182.49,847256,366932,140,612652,99620,7328,28924,0,0,0,0.00,0,0.00,0,0,0.00,26553,7648,36881,0,0,458,0.00,0.00,0.00,0,0.00,0.00,0.00,0.00,0.00,0.00,0.00,0.00,0.00,0.00,0.00,0.00,0.00,0.00,38386.00,1602.00,52505.23,90.74,0.00,0.00,0.00,0.00,0.00,0.00,0.00,0.00,0.00,0.00,0.00,0.00,0.00,0.00,0.00,0.00,0.00,0.00,0.00,0.00,0.00,0.00,0.00,0.00,0.00,0.00,0.00,0.00,0.00,0.00,724,3,5,0,0,0,38403.00,0.00,3203.00,1602.00,36800.00,1600.00,0.00,0.00,0.00,0.00,0.00,0.00,0.00,0.00,0.00,0.00,0.00,0.00,0.00,0.00,0.00,0.00,0.00,0.00,0.00,0.00,0.00,0.00,0.00,0.00,0.00,0.00,0.00,0.00,0.00,0.00,0.00,0.00,0.00,0.00,0.00,0.00,0.00,0.00,3201.00,1601.00,1602.00,0.00,2.00,0.00,0.00,0.00,0.00,0.00,0.00,3,2,1,0,0.00,0.00,0.00,0.00,0.00,0.00,0.00,0.00,0.00,0.00,0.00,0.00,0.00,0.00,0.00,0.00,0.00,0.00,0.00,0.00,0.00,0.00,0.00,0.00,0.00,0.00,0.00,0.00,0.00,0.00,0.00,0.00,0.00,0.00,0.00,0.00,0.00,0.00,0.00,0.00,0.00,0.00,0.00,0.00,0.00,0.00,0.00,0.00,0.00,0.00,0.00,0.00,0.00,38362.00,0.00,0.00,0.00,0.00,1995.37
0.00,0.00,0.49,0.00,0.00,0.00,8.87,0.00,0.00,90.64,0.00,445.00,0.00,0.00,0.00,0.00,0.00,0.00,18929.00,0.00,0.00,0.00,0.00,0.00,0.00,0.00,0.00,0.00,664188,1147084,1376532,67.45,47108,554484,3724084,182.49,847256,366932,156,612652,99620,7328,28924,0,0,0,0.00,0,0.00,0,0,0.00,26553,7648,36881,0,0,458,0.00,0.00,0.00,0,0.00,0.00,0.00,0.00,0.00,0.00,0.00,0.00,0.00,0.00,0.00,0.00,0.00,0.00,37737.00,1571.00,51618.63,88.98,0.00,0.00,0.00,0.00,0.00,0.00,0.00,1.00,0.00,0.00,0.00,0.00,0.00,0.00,0.00,0.00,0.00,0.00,0.00,0.00,0.00,0.00,0.00,0.00,0.00,0.00,0.00,0.00,0.00,0.00,724,3,5,0,0,0,37679.00,0.00,3139.00,1570.00,36110.00,1570.00,0.00,0.00,0.00,0.00,0.00,0.00,0.00,0.00,0.00,0.00,0.00,0.00,0.00,0.00,0.00,0.00,0.00,0.00,0.00,0.00,0.00,0.00,0.00,0.00,0.00,0.00,0.00,0.00,0.00,0.00,0.00,0.00,0.00,0.00,0.00,0.00,0.00,0.00,3140.00,1570.00,1570.00,0.00,0.00,0.00,0.00,0.00,0.00,0.00,0.00,3,2,1,0,0.00,0.00,0.00,0.00,0.00,0.00,0.00,0.00,0.00,0.00,0.00,0.00,0.00,0.00,0.00,0.00,0.00,0.00,0.00,0.00,0.00,0.00,0.00,0.00,0.00,0.00,0.00,0.00,0.00,0.00,0.00,0.00,0.00,0.00,0.00,0.00,0.00,0.00,0.00,0.00,0.00,0.00,0.00,0.00,0.00,0.00,0.00,0.00,0.00,0.00,0.00,0.00,0.00,37690.00,0.00,0.00,0.00,0.00,1995.37
0.49,0.00,0.00,0.00,0.00,0.00,9.27,0.00,0.00,90.24,0.00,446.00,0.00,0.00,0.00,0.00,0.00,0.00,18241.00,0.00,0.00,0.00,0.00,0.00,0.00,0.00,0.00,0.00,664128,1147024,1376592,67.46,47108,554496,3724084,182.49,847256,366932,168,612652,99620,7328,28924,0,0,0,0.00,0,0.00,0,0,0.00,26553,7648,36881,0,0,458,0.00,0.00,0.00,0,0.00,0.00,0.00,0.00,0.00,0.00,0.00,0.00,0.00,0.00,0.00,0.00,0.00,0.00,36654.00,1528.00,50140.83,86.54,0.00,0.00,0.00,0.00,0.00,0.00,0.00,0.00,0.00,0.00,0.00,0.00,0.00,0.00,0.00,0.00,0.00,0.00,0.00,0.00,0.00,0.00,0.00,0.00,0.00,0.00,0.00,0.00,0.00,0.00,724,3,5,0,0,0,36649.00,0.00,3055.00,1528.00,35121.00,1527.00,0.00,0.00,0.00,0.00,0.00,0.00,0.00,0.00,0.00,0.00,0.00,0.00,0.00,0.00,0.00,0.00,0.00,0.00,0.00,0.00,0.00,0.00,0.00,0.00,0.00,0.00,0.00,0.00,0.00,0.00,0.00,0.00,0.00,0.00,0.00,0.00,0.00,0.00,3055.00,1529.00,1527.00,0.00,1.00,0.00,0.00,0.00,0.00,0.00,0.00,3,2,1,0,0.00,0.00,0.00,0.00,0.00,0.00,0.00,0.00,0.00,0.00,0.00,0.00,0.00,0.00,0.00,0.00,0.00,0.00,0.00,0.00,0.00,0.00,0.00,0.00,0.00,0.00,0.00,0.00,0.00,0.00,0.00,0.00,0.00,0.00,0.00,0.00,0.00,0.00,0.00,0.00,0.00,0.00,0.00,0.00,0.00,0.00,0.00,0.00,0.00,0.00,0.00,0.00,0.00,36658.00,0.00,0.00,0.00,0.00,1995.37
0.00,0.00,0.49,6.40,0.49,0.00,7.88,0.00,0.00,84.73,0.00,461.00,0.00,0.00,0.00,184.00,0.00,0.00,17522.00,0.00,0.00,0.00,0.00,3.00,0.00,3.00,0.00,368.00,663940,1146864,1376780,67.47,47116,554512,3724084,182.49,847264,366952,0,612652,99620,7328,28924,0,0,0,0.00,0,0.00,0,0,0.00,26553,7648,36881,0,0,458,0.00,0.00,0.00,0,0.00,0.00,0.00,0.00,0.00,0.00,3.00,0.00,184.00,61.33,0.00,45.33,0.00,0.00,35767.00,1491.00,48925.95,84.45,0.00,0.00,0.00,0.00,0.00,0.00,0.00,1.00,0.00,0.00,0.00,0.00,0.00,0.00,0.00,0.00,0.00,0.00,0.00,0.00,0.00,0.00,0.00,0.00,0.00,0.00,0.00,0.00,0.00,0.00,724,3,5,0,0,0,35784.00,0.00,2982.00,1492.00,34293.00,1491.00,0.00,0.00,0.00,0.00,0.00,0.00,0.00,0.00,0.00,0.00,0.00,0.00,0.00,0.00,0.00,0.00,0.00,0.00,0.00,0.00,0.00,0.00,0.00,0.00,0.00,0.00,0.00,0.00,0.00,0.00,0.00,0.00,0.00,0.00,0.00,0.00,0.00,0.00,2983.00,1492.00,1492.00,0.00,1.00,0.00,0.00,0.00,0.00,0.00,0.00,3,2,1,0,0.00,0.00,0.00,0.00,0.00,0.00,0.00,0.00,0.00,0.00,0.00,0.00,0.00,0.00,0.00,0.00,0.00,0.00,0.00,0.00,0.00,0.00,0.00,0.00,0.00,0.00,0.00,0.00,0.00,0.00,0.00,0.00,0.00,0.00,0.00,0.00,0.00,0.00,0.00,0.00,0.00,0.00,0.00,0.00,0.00,0.00,0.00,0.00,0.00,0.00,0.00,0.00,0.00,35834.00,0.00,0.00,0.00,0.00,1995.37
0.50,0.00,0.00,0.00,0.00,0.00,8.42,0.00,0.00,91.09,0.00,360.00,0.00,0.00,0.00,0.00,0.00,0.00,17315.00,0.00,0.00,0.00,0.00,0.00,0.00,0.00,0.00,0.00,664036,1146960,1376684,67.46,47116,554528,3724084,182.49,847264,366952,20,612652,99620,7328,28924,0,0,0,0.00,0,0.00,0,0,0.00,26553,7648,36881,0,0,458,0.00,0.00,0.00,0,0.00,0.00,0.00,0.00,0.00,0.00,0.00,0.00,0.00,0.00,0.00,0.00,0.00,0.00,36147.00,1506.00,49451.11,85.30,0.00,0.00,0.00,0.00,0.00,0.00,0.00,0.00,0.00,0.00,0.00,0.00,0.00,0.00,0.00,0.00,0.00,0.00,0.00,0.00,0.00,0.00,0.00,0.00,0.00,0.00,0.00,0.00,0.00,0.00,724,3,5,0,0,0,36142.00,0.00,3010.00,1506.00,34638.00,1506.00,0.00,0.00,0.00,0.00,0.00,0.00,0.00,0.00,0.00,0.00,0.00,0.00,0.00,0.00,0.00,0.00,0.00,0.00,0.00,0.00,0.00,0.00,0.00,0.00,0.00,0.00,0.00,0.00,0.00,0.00,0.00,0.00,0.00,0.00,0.00,0.00,0.00,0.00,3010.00,1506.00,1504.00,0.00,0.00,0.00,0.00,0.00,0.00,0.00,0.00,3,2,1,0,0.00,0.00,0.00,0.00,0.00,0.00,0.00,0.00,0.00,0.00,0.00,0.00,0.00,0.00,0.00,0.00,0.00,0.00,0.00,0.00,0.00,0.00,0.00,0.00,0.00,0.00,0.00,0.00,0.00,0.00,0.00,0.00,0.00,0.00,0.00,0.00,0.00,0.00,0.00,0.00,0.00,0.00,0.00,0.00,0.00,0.00,0.00,0.00,0.00,0.00,0.00,0.00,0.00,36170.00,0.00,0.00,0.00,0.00,1995.37
0.50,0.00,0.00,0.00,0.00,0.00,7.46,0.00,0.00,92.04,0.00,341.00,0.00,0.00,0.00,0.00,0.00,0.00,17003.00,0.00,0.00,0.00,0.00,0.00,0.00,0.00,0.00,0.00,664068,1147048,1376652,67.46,47116,554544,3724084,182.49,847264,367008,36,612652,99620,7328,28924,0,0,0,0.00,0,0.00,0,0,0.00,26553,7648,36881,0,0,458,0.00,0.00,0.00,0,0.00,0.00,0.00,0.00,0.00,0.00,0.00,0.00,0.00,0.00,0.00,0.00,0.00,0.00,33747.00,1408.00,46167.51,79.75,0.00,0.00,0.00,0.00,0.00,0.00,0.00,1.00,0.00,0.00,0.00,0.00,0.00,0.00,0.00,0.00,0.00,0.00,0.00,0.00,0.00,0.00,0.00,0.00,0.00,0.00,0.00,0.00,0.00,0.00,724,3,5,0,0,0,33719.00,0.00,2809.00,1407.00,32315.00,1405.00,0.00,0.00,0.00,0.00,0.00,0.00,0.00,0.00,0.00,0.00,0.00,0.00,0.00,0.00,0.00,0.00,0.00,0.00,0.00,0.00,0.00,0.00,0.00,0.00,0.00,0.00,0.00,0.00,0.00,0.00,0.00,0.00,0.00,0.00,0.00,0.00,0.00,0.00,2808.00,1406.00,1404.00,0.00,2.00,0.00,0.00,0.00,0.00,0.00,0.00,3,2,1,0,0.00,0.00,0.00,0.00,0.00,0.00,0.00,0.00,0.00,0.00,0.00,0.00,0.00,0.00,0.00,0.00,0.00,0.00,0.00,0.00,0.00,0.00,0.00,0.00,0.00,0.00,0.00,0.00,0.00,0.00,0.00,0.00,0.00,0.00,0.00,0.00,0.00,0.00,0.00,0.00,0.00,0.00,0.00,0.00,0.00,0.00,0.00,0.00,0.00,0.00,0.00,0.00,0.00,33654.00,0.00,0.00,0.00,0.00,1995.37
0.50,0.00,0.00,0.00,0.00,0.00,7.92,0.00,0.00,91.58,0.00,333.00,0.00,0.00,0.00,0.00,0.00,0.00,15299.00,0.00,0.00,0.00,0.00,0.00,0.00,0.00,0.00,0.00,663972,1146952,1376748,67.46,47116,554560,3724084,182.49,847264,367008,52,612652,99620,7328,28924,0,0,0,0.00,0,0.00,0,0,0.00,26553,7648,36881,0,0,458,0.00,0.00,0.00,0,0.00,0.00,0.00,0.00,0.00,0.00,0.00,0.00,0.00,0.00,0.00,0.00,0.00,0.00,32017.00,1335.00,43803.20,75.62,0.00,0.00,0.00,0.00,0.00,0.00,0.00,0.00,0.00,0.00,0.00,0.00,0.00,0.00,0.00,0.00,0.00,0.00,0.00,0.00,0.00,0.00,0.00,0.00,0.00,0.00,0.00,0.00,0.00,0.00,724,3,5,0,0,0,32041.00,0.00,2671.00,1336.00,30705.00,1335.00,0.00,0.00,0.00,0.00,0.00,0.00,0.00,0.00,0.00,0.00,0.00,0.00,0.00,0.00,0.00,0.00,0.00,0.00,0.00,0.00,0.00,0.00,0.00,0.00,0.00,0.00,0.00,0.00,0.00,0.00,0.00,0.00,0.00,0.00,0.00,0.00,0.00,0.00,2671.00,1337.00,1335.00,0.00,1.00,0.00,0.00,0.00,0.00,0.00,0.00,3,2,1,0,0.00,0.00,0.00,0.00,0.00,0.00,0.00,0.00,0.00,0.00,0.00,0.00,0.00,0.00,0.00,0.00,0.00,0.00,0.00,0.00,0.00,0.00,0.00,0.00,0.00,0.00,0.00,0.00,0.00,0.00,0.00,0.00,0.00,0.00,0.00,0.00,0.00,0.00,0.00,0.00,0.00,0.00,0.00,0.00,0.00,0.00,0.00,0.00,0.00,0.00,0.00,0.00,0.00,32111.00,0.00,0.00,0.00,0.00,1995.37
0.50,0.00,0.50,0.00,0.00,0.00,6.97,0.00,0.00,92.04,0.00,472.00,0.00,0.00,0.00,0.00,0.00,0.00,15717.00,0.00,0.00,0.00,0.00,0.00,0.00,0.00,0.00,0.00,664100,1147080,1376620,67.46,47116,554572,3724084,182.49,847264,367008,64,612652,99620,7328,28924,0,0,0,0.00,0,0.00,0,0,0.00,26553,7648,36881,0,0,458,0.00,0.00,0.00,0,0.00,0.00,0.00,0.00,0.00,0.00,0.00,0.00,0.00,0.00,0.00,0.00,0.00,0.00,31567.00,1317.00,43179.64,74.60,0.00,0.00,0.00,0.00,0.00,0.00,0.00,1.00,0.00,0.00,0.00,0.00,0.00,0.00,0.00,0.00,0.00,0.00,0.00,0.00,0.00,0.00,0.00,0.00,0.00,0.00,0.00,0.00,0.00,0.00,724,3,5,0,0,0,31540.00,0.00,2632.00,1316.00,30222.00,1314.00,0.00,0.00,0.00,0.00,0.00,0.00,0.00,0.00,0.00,0.00,0.00,0.00,0.00,0.00,0.00,0.00,0.00,0.00,0.00,0.00,0.00,0.00,0.00,0.00,0.00,0.00,0.00,0.00,0.00,0.00,0.00,0.00,0.00,0.00,0.00,0.00,0.00,0.00,2632.00,1316.00,1318.00,0.00,2.00,0.00,0.00,0.00,0.00,0.00,0.00,3,2,1,0,0.00,0.00,0.00,0.00,0.00,0.00,0.00,0.00,0.00,0.00,0.00,0.00,0.00,0.00,0.00,0.00,0.00,0.00,0.00,0.00,0.00,0.00,0.00,0.00,0.00,0.00,0.00,0.00,0.00,0.00,0.00,0.00,0.00,0.00,0.00,0.00,0.00,0.00,0.00,0.00,0.00,0.00,0.00,0.00,0.00,0.00,0.00,0.00,0.00,0.00,0.00,0.00,0.00,31494.00,0.00,0.00,0.00,0.00,1995.37
0.00,0.00,0.50,5.45,0.50,0.00,6.93,0.00,0.00,86.63,0.00,344.00,0.00,0.00,0.00,20.00,0.00,0.00,15139.00,0.00,0.00,0.00,0.00,2.00,0.00,2.00,0.00,40.00,663880,1146916,1376840,67.47,47124,554580,3724084,182.49,847264,367064,80,612652,99624,7328,28924,0,0,0,0.00,0,0.00,0,0,0.00,26553,7648,36881,0,0,458,0.00,0.00,0.00,0,0.00,0.00,0.00,0.00,0.00,0.00,2.00,0.00,20.00,10.00,0.00,58.00,0.00,0.00,30098.00,1254.00,41176.38,71.03,0.00,0.00,0.00,0.00,0.00,0.00,0.00,0.00,0.00,0.00,0.00,0.00,0.00,0.00,0.00,0.00,0.00,0.00,0.00,0.00,0.00,0.00,0.00,0.00,0.00,0.00,0.00,0.00,0.00,0.00,724,3,5,0,0,0,30095.00,0.00,2507.00,1254.00,28842.00,1254.00,0.00,0.00,0.00,0.00,0.00,0.00,0.00,0.00,0.00,0.00,0.00,0.00,0.00,0.00,0.00,0.00,0.00,0.00,0.00,0.00,0.00,0.00,0.00,0.00,0.00,0.00,0.00,0.00,0.00,0.00,0.00,0.00,0.00,0.00,0.00,0.00,0.00,0.00,2506.00,1253.00,1253.00,0.00,0.00,0.00,0.00,0.00,0.00,0.00,0.00,3,2,1,0,0.00,0.00,0.00,0.00,0.00,0.00,0.00,0.00,0.00,0.00,0.00,0.00,0.00,0.00,0.00,0.00,0.00,0.00,0.00,0.00,0.00,0.00,0.00,0.00,0.00,0.00,0.00,0.00,0.00,0.00,0.00,0.00,0.00,0.00,0.00,0.00,0.00,0.00,0.00,0.00,0.00,0.00,0.00,0.00,0.00,0.00,0.00,0.00,0.00,0.00,0.00,0.00,0.00,30098.00,0.00,0.00,0.00,0.00,1995.37
0.51,0.00,0.00,0.00,0.00,0.00,5.56,0.00,0.00,93.94,0.00,329.00,0.00,0.00,0.00,0.00,0.00,0.00,14875.00,0.00,0.00,0.00,0.00,0.00,0.00,0.00,0.00,0.00,663880,1146916,1376840,67.47,47124,554604,3724084,182.49,847264,367064,108,612652,99624,7328,28924,0,0,0,0.00,0,0.00,0,0,0.00,26553,7648,36881,0,0,458,0.00,0.00,0.00,0,0.00,0.00,0.00,0.00,0.00,0.00,0.00,0.00,0.00,0.00,0.00,0.00,0.00,0.00,29740.00,1240.00,40683.97,70.23,0.00,0.00,0.00,0.00,0.00,0.00,0.00,1.00,0.00,0.00,0.00,0.00,0.00,0.00,0.00,0.00,0.00,0.00,0.00,0.00,0.00,0.00,0.00,0.00,0.00,0.00,0.00,0.00,0.00,0.00,724,3,5,0,0,0,29736.00,0.00,2478.00,1240.00,28497.00,1239.00,0.00,0.00,0.00,0.00,0.00,0.00,0.00,0.00,0.00,0.00,0.00,0.00,0.00,0.00,0.00,0.00,0.00,0.00,0.00,0.00,0.00,0.00,0.00,0.00,0.00,0.00,0.00,0.00,0.00,0.00,0.00,0.00,0.00,0.00,0.00,0.00,0.00,0.00,2479.00,1241.00,1239.00,0.00,1.00,0.00,0.00,0.00,0.00,0.00,0.00,3,2,1,0,0.00,0.00,0.00,0.00,0.00,0.00,0.00,0.00,0.00,0.00,0.00,0.00,0.00,0.00,0.00,0.00,0.00,0.00,0.00,0.00,0.00,0.00,0.00,0.00,0.00,0.00,0.00,0.00,0.00,0.00,0.00,0.00,0.00,0.00,0.00,0.00,0.00,0.00,0.00,0.00,0.00,0.00,0.00,0.00,0.00,0.00,0.00,0.00,0.00,0.00,0.00,0.00,0.00,29717.00,0.00,0.00,0.00,0.00,1995.37
0.50,0.00,0.00,0.00,0.00,0.00,5.47,0.00,0.00,94.03,0.00,323.00,0.00,0.00,0.00,0.00,0.00,0.00,14147.00,0.00,0.00,0.00,0.00,0.00,0.00,0.00,0.00,0.00,663880,1146916,1376840,67.47,47124,554620,3724084,182.49,847264,367064,124,612652,99624,7328,28924,0,0,0,0.00,0,0.00,0,0,0.00,26553,7648,36881,0,0,458,0.00,0.00,0.00,0,0.00,0.00,0.00,0.00,0.00,0.00,0.00,0.00,0.00,0.00,0.00,0.00,0.00,0.00,28154.00,1174.00,38516.67,66.50,0.00,0.00,0.00,0.00,0.00,0.00,0.00,0.00,0.00,0.00,0.00,0.00,0.00,0.00,0.00,0.00,0.00,0.00,0.00,0.00,0.00,0.00,0.00,0.00,0.00,0.00,0.00,0.00,0.00,0.00,724,3,5,0,0,0,28151.00,0.00,2345.00,1174.00,26979.00,1173.00,0.00,0.00,0.00,0.00,0.00,0.00,0.00,0.00,0.00,0.00,0.00,0.00,0.00,0.00,0.00,0.00,0.00,0.00,0.00,0.00,0.00,0.00,0.00,0.00,0.00,0.00,0.00,0.00,0.00,0.00,0.00,0.00,0.00,0.00,0.00,0.00,0.00,0.00,2344.00,1173.00,1172.00,0.00,1.00,0.00,0.00,0.00,0.00,0.00,0.00,3,2,1,0,0.00,0.00,0.00,0.00,0.00,0.00,0.00,0.00,0.00,0.00,0.00,0.00,0.00,0.00,0.00,0.00,0.00,0.00,0.00,0.00,0.00,0.00,0.00,0.00,0.00,0.00,0.00,0.00,0.00,0.00,0.00,0.00,0.00,0.00,0.00,0.00,0.00,0.00,0.00,0.00,0.00,0.00,0.00,0.00,0.00,0.00,0.00,0.00,0.00,0.00,0.00,0.00,0.00,28177.00,0.00,0.00,0.00,0.00,1995.37
0.00,0.00,0.00,0.00,0.00,0.00,7.00,0.00,0.00,93.00,0.00,328.00,0.00,0.00,0.00,0.00,0.00,0.00,14971.00,0.00,0.00,0.00,0.00,0.00,0.00,0.00,0.00,0.00,663848,1146940,1376872,67.47,47124,554636,3724084,182.49,847272,367112,140,612652,99624,7328,28924,0,0,0,0.00,0,0.00,0,0,0.00,26553,7648,36881,0,0,458,0.00,0.00,0.00,0,0.00,0.00,0.00,0.00,0.00,0.00,0.00,0.00,0.00,0.00,0.00,0.00,0.00,0.00,29599.00,1234.00,40487.11,69.89,0.00,0.00,0.00,0.00,0.00,0.00,0.00,1.00,0.00,0.00,0.00,0.00,0.00,0.00,0.00,0.00,0.00,0.00,0.00,0.00,0.00,0.00,0.00,0.00,0.00,0.00,0.00,0.00,0.00,0.00,724,3,5,0,0,0,29594.00,0.00,2468.00,1234.00,28359.00,1233.00,0.00,0.00,0.00,0.00,0.00,0.00,0.00,0.00,0.00,0.00,0.00,0.00,0.00,0.00,0.00,0.00,0.00,0.00,0.00,0.00,0.00,0.00,0.00,0.00,0.00,0.00,0.00,0.00,0.00,0.00,0.00,0.00,0.00,0.00,0.00,0.00,0.00,0.00,2469.00,1235.00,1235.00,0.00,1.00,0.00,0.00,0.00,0.00,0.00,0.00,3,2,1,0,0.00,0.00,0.00,0.00,0.00,0.00,0.00,0.00,0.00,0.00,0.00,0.00,0.00,0.00,0.00,0.00,0.00,0.00,0.00,0.00,0.00,0.00,0.00,0.00,0.00,0.00,0.00,0.00,0.00,0.00,0.00,0.00,0.00,0.00,0.00,0.00,0.00,0.00,0.00,0.00,0.00,0.00,0.00,0.00,0.00,0.00,0.00,0.00,0.00,0.00,0.00,0.00,0.00,29576.00,0.00,0.00,0.00,0.00,1995.37
0.51,0.00,0.00,0.00,0.51,0.00,4.55,0.00,0.00,94.44,0.00,314.00,0.00,0.00,0.00,0.00,0.00,0.00,12955.00,0.00,0.00,0.00,0.00,0.00,0.00,0.00,0.00,0.00,663912,1147004,1376808,67.47,47124,554648,3724084,182.49,847272,367112,152,612652,99624,7328,28924,0,0,0,0.00,0,0.00,0,0,0.00,26553,7648,36881,0,0,458,0.00,0.00,0.00,0,0.00,0.00,0.00,0.00,0.00,0.00,0.00,0.00,0.00,0.00,0.00,0.00,0.00,0.00,26837.00,1118.00,36710.87,63.32,0.00,0.00,0.00,0.00,0.00,0.00,0.00,0.00,0.00,0.00,0.00,0.00,0.00,0.00,0.00,0.00,0.00,0.00,0.00,0.00,0.00,0.00,0.00,0.00,0.00,0.00,0.00,0.00,0.00,0.00,724,3,5,0,0,0,26856.00,0.00,2238.00,1119.00,25737.00,1119.00,0.00,0.00,0.00,0.00,0.00,0.00,0.00,0.00,0.00,0.00,0.00,0.00,0.00,0.00,0.00,0.00,0.00,0.00,0.00,0.00,0.00,0.00,0.00,0.00,0.00,0.00,0.00,0.00,0.00,0.00,0.00,0.00,0.00,0.00,0.00,0.00,0.00,0.00,2237.00,1118.00,1119.00,0.00,0.00,0.00,0.00,0.00,0.00,0.00,0.00,3,2,1,0,0.00,0.00,0.00,0.00,0.00,0.00,0.00,0.00,0.00,0.00,0.00,0.00,0.00,0.00,0.00,0.00,0.00,0.00,0.00,0.00,0.00,0.00,0.00,0.00,0.00,0.00,0.00,0.00,0.00,0.00,0.00,0.00,0.00,0.00,0.00,0.00,0.00,0.00,0.00,0.00,0.00,0.00,0.00,0.00,0.00,0.00,0.00,0.00,0.00,0.00,0.00,0.00,0.00,26884.00,0.00,0.00,0.00,0.00,1995.37
0.00,0.00,0.51,0.00,0.00,0.00,4.08,0.00,0.00,95.41,0.00,315.00,0.00,0.00,0.00,0.00,0.00,0.00,12699.00,0.00,0.00,0.00,0.00,0.00,0.00,0.00,0.00,0.00,663848,1146940,1376872,67.47,47124,554664,3724084,182.49,847272,367112,168,612652,99624,7328,28924,0,0,0,0.00,0,0.00,0,0,0.00,26553,7648,36881,0,0,458,0.00,0.00,0.00,0,0.00,0.00,0.00,0.00,0.00,0.00,0.00,0.00,0.00,0.00,0.00,0.00,0.00,0.00,26432.00,1101.00,36152.84,62.36,0.00,0.00,0.00,0.00,0.00,0.00,0.00,1.00,0.00,0.00,0.00,0.00,0.00,0.00,0.00,0.00,0.00,0.00,0.00,0.00,0.00,0.00,0.00,0.00,0.00,0.00,0.00,0.00,0.00,0.00,724,3,5,0,0,0,26446.00,0.00,2202.00,1102.00,25346.00,1102.00,0.00,0.00,0.00,0.00,0.00,0.00,0.00,0.00,0.00,0.00,0.00,0.00,0.00,0.00,0.00,0.00,0.00,0.00,0.00,0.00,0.00,0.00,0.00,0.00,0.00,0.00,0.00,0.00,0.00,0.00,0.00,0.00,0.00,0.00,0.00,0.00,0.00,0.00,2202.00,1102.00,1100.00,0.00,0.00,0.00,0.00,0.00,0.00,0.00,0.00,3,2,1,0,0.00,0.00,0.00,0.00,0.00,0.00,0.00,0.00,0.00,0.00,0.00,0.00,0.00,0.00,0.00,0.00,0.00,0.00,0.00,0.00,0.00,0.00,0.00,0.00,0.00,0.00,0.00,0.00,0.00,0.00,0.00,0.00,0.00,0.00,0.00,0.00,0.00,0.00,0.00,0.00,0.00,0.00,0.00,0.00,0.00,0.00,0.00,0.00,0.00,0.00,0.00,0.00,0.00,26432.00,0.00,0.00,0.00,0.00,1995.37
0.49,0.00,0.00,5.91,0.00,0.00,7.39,0.00,0.00,86.21,0.00,338.00,0.00,0.00,0.00,184.00,0.00,0.00,12715.00,0.00,0.00,0.00,0.00,3.00,0.00,3.00,0.00,368.00,663912,1147004,1376808,67.47,47132,554680,3724084,182.49,847272,367112,16,612652,99624,7328,28924,0,0,0,0.00,0,0.00,0,0,0.00,26553,7648,36881,0,0,458,0.00,0.00,0.00,0,0.00,0.00,0.00,0.00,0.00,0.00,3.00,0.00,184.00,61.33,0.00,46.67,0.00,0.00,25447.00,1061.00,34806.54,60.10,0.00,0.00,0.00,0.00,0.00,0.00,0.00,0.00,0.00,0.00,0.00,0.00,0.00,0.00,0.00,0.00,0.00,0.00,0.00,0.00,0.00,0.00,0.00,0.00,0.00,0.00,0.00,0.00,0.00,0.00,724,3,5,0,0,0,25417.00,0.00,2119.00,1060.00,24357.00,1059.00,0.00,0.00,0.00,0.00,0.00,0.00,0.00,0.00,0.00,0.00,0.00,0.00,0.00,0.00,0.00,0.00,0.00,0.00,0.00,0.00,0.00,0.00,0.00,0.00,0.00,0.00,0.00,0.00,0.00,0.00,0.00,0.00,0.00,0.00,0.00,0.00,0.00,0.00,2119.00,1060.00,1060.00,0.00,1.00,0.00,0.00,0.00,0.00,0.00,0.00,3,2,1,0,0.00,0.00,0.00,0.00,0.00,0.00,0.00,0.00,0.00,0.00,0.00,0.00,0.00,0.00,0.00,0.00,0.00,0.00,0.00,0.00,0.00,0.00,0.00,0.00,0.00,0.00,0.00,0.00,0.00,0.00,0.00,0.00,0.00,0.00,0.00,0.00,0.00,0.00,0.00,0.00,0.00,0.00,0.00,0.00,0.00,0.00,0.00,0.00,0.00,0.00,0.00,0.00,0.00,25423.00,0.00,0.00,0.00,0.00,1995.37
0.00,0.00,0.51,0.00,0.00,0.00,5.05,0.00,0.00,94.44,0.00,314.00,0.00,0.00,0.00,0.00,0.00,0.00,12259.00,0.00,0.00,0.00,0.00,0.00,0.00,0.00,0.00,0.00,663848,1146992,1376872,67.47,47132,554696,3724084,182.49,847280,367156,20,612652,99624,7328,28924,0,0,0,0.00,0,0.00,0,0,0.00,26553,7648,36881,0,0,458,0.00,0.00,0.00,0,0.00,0.00,0.00,0.00,0.00,0.00,0.00,0.00,0.00,0.00,0.00,0.00,0.00,0.00,24773.00,1032.00,33887.03,58.45,0.00,0.00,0.00,0.00,0.00,0.00,0.00,1.00,0.00,0.00,0.00,0.00,0.00,0.00,0.00,0.00,0.00,0.00,0.00,0.00,0.00,0.00,0.00,0.00,0.00,0.00,0.00,0.00,0.00,0.00,724,3,5,0,0,0,24743.00,0.00,2061.00,1031.00,23713.00,1031.00,0.00,0.00,0.00,0.00,0.00,0.00,0.00,0.00,0.00,0.00,0.00,0.00,0.00,0.00,0.00,0.00,0.00,0.00,0.00,0.00,0.00,0.00,0.00,0.00,0.00,0.00,0.00,0.00,0.00,0.00,0.00,0.00,0.00,0.00,0.00,0.00,0.00,0.00,2061.00,1031.00,1030.00,0.00,0.00,0.00,0.00,0.00,0.00,0.00,0.00,3,2,1,0,0.00,0.00,0.00,0.00,0.00,0.00,0.00,0.00,0.00,0.00,0.00,0.00,0.00,0.00,0.00,0.00,0.00,0.00,0.00,0.00,0.00,0.00,0.00,0.00,0.00,0.00,0.00,0.00,0.00,0.00,0.00,0.00,0.00,0.00,0.00,0.00,0.00,0.00,0.00,0.00,0.00,0.00,0.00,0.00,0.00,0.00,0.00,0.00,0.00,0.00,0.00,0.00,0.00,24750.00,0.00,0.00,0.00,0.00,1995.37
0.50,0.00,0.00,0.00,0.00,0.00,5.50,0.00,0.00,94.00,0.00,313.00,0.00,0.00,0.00,0.00,0.00,0.00,11219.00,0.00,0.00,0.00,0.00,0.00,0.00,0.00,0.00,0.00,663756,1146904,1376964,67.47,47132,554712,3724084,182.49,847280,367156,36,612652,99628,7328,28924,0,0,0,0.00,0,0.00,0,0,0.00,26553,7648,36881,0,0,458,0.00,0.00,0.00,0,0.00,0.00,0.00,0.00,0.00,0.00,0.00,0.00,0.00,0.00,0.00,0.00,0.00,0.00,22829.00,953.00,31227.29,53.98,0.00,0.00,0.00,0.00,0.00,0.00,0.00,2.00,0.00,0.00,0.00,0.00,0.00,0.00,0.00,0.00,0.00,0.00,0.00,0.00,0.00,0.00,0.00,0.00,0.00,0.00,0.00,0.00,0.00,0.00,724,3,5,0,0,0,22825.00,0.00,1903.00,953.00,21873.00,951.00,0.00,0.00,0.00,0.00,0.00,0.00,0.00,0.00,0.00,0.00,0.00,0.00,0.00,0.00,0.00,0.00,0.00,0.00,0.00,0.00,0.00,0.00,0.00,0.00,0.00,0.00,0.00,0.00,0.00,0.00,0.00,0.00,0.00,0.00,0.00,0.00,0.00,0.00,1903.00,953.00,952.00,0.00,2.00,0.00,0.00,0.00,0.00,0.00,0.00,3,2,1,0,0.00,0.00,0.00,0.00,0.00,0.00,0.00,0.00,0.00,0.00,0.00,0.00,0.00,0.00,0.00,0.00,0.00,0.00,0.00,0.00,0.00,0.00,0.00,0.00,0.00,0.00,0.00,0.00,0.00,0.00,0.00,0.00,0.00,0.00,0.00,0.00,0.00,0.00,0.00,0.00,0.00,0.00,0.00,0.00,0.00,0.00,0.00,0.00,0.00,0.00,0.00,0.00,0.00,22805.00,0.00,0.00,0.00,0.00,1995.37
1.52,0.00,3.54,3.54,0.51,0.00,4.04,0.00,0.00,86.87,25.00,1053.00,0.00,0.00,0.00,36.00,4562.00,0.00,14188.00,0.00,0.00,0.00,0.00,3.00,0.00,3.00,0.00,72.00,661112,1144352,1379608,67.60,47140,554724,3728328,182.70,849924,367156,276,615248,99688,7368,28968,0,0,0,0.00,0,0.00,0,0,0.00,26566,7648,36894,0,0,460,0.00,0.00,0.00,0,0.00,0.00,0.00,0.00,0.00,0.00,3.00,0.00,36.00,12.00,0.00,33.33,0.00,0.00,22132.00,922.00,30274.98,52.22,0.00,0.00,0.00,0.00,0.00,0.00,0.00,1.00,0.00,0.00,0.00,0.00,0.00,0.00,0.00,0.00,0.00,0.00,0.00,0.00,0.00,0.00,0.00,0.00,0.00,0.00,0.00,0.00,0.00,0.00,724,3,5,0,0,0,22126.00,0.00,1842.00,922.00,21206.00,922.00,0.00,0.00,0.00,0.00,0.00,0.00,0.00,0.00,0.00,0.00,0.00,0.00,0.00,0.00,0.00,0.00,0.00,0.00,0.00,0.00,0.00,0.00,0.00,0.00,0.00,0.00,0.00,0.00,0.00,0.00,0.00,0.00,0.00,0.00,0.00,0.00,0.00,0.00,1842.00,922.00,920.00,0.00,0.00,0.00,0.00,0.00,0.00,0.00,0.00,3,2,1,0,0.00,0.00,0.00,0.00,0.00,0.00,0.00,0.00,0.00,0.00,0.00,0.00,0.00,0.00,0.00,0.00,0.00,0.00,0.00,0.00,0.00,0.00,0.00,0.00,0.00,0.00,0.00,0.00,0.00,0.00,0.00,0.00,0.00,0.00,0.00,0.00,0.00,0.00,0.00,0.00,0.00,0.00,0.00,0.00,0.00,0.00,0.00,0.00,0.00,0.00,0.00,0.00,0.00,22156.00,0.00,0.00,0.00,0.00,1995.37
0.50,0.00,0.00,0.00,0.00,0.00,5.97,0.00,0.00,93.53,0.00,323.00,0.00,0.00,0.00,0.00,0.00,0.00,10947.00,0.00,0.00,0.00,0.00,0.00,0.00,0.00,0.00,0.00,661016,1144256,1379704,67.61,47140,554740,3728328,182.70,849888,367156,292,615208,99688,7360,28924,0,0,0,0.00,0,0.00,0,0,0.00,26566,7648,36894,0,0,460,0.00,0.00,0.00,0,0.00,0.00,0.00,0.00,0.00,0.00,0.00,0.00,0.00,0.00,0.00,0.00,0.00,0.00,21673.00,904.00,29650.90,51.20,0.00,0.00,0.00,0.00,0.00,0.00,0.00,0.00,0.00,0.00,0.00,0.00,0.00,0.00,0.00,0.00,0.00,0.00,0.00,0.00,0.00,0.00,0.00,0.00,0.00,0.00,0.00,0.00,0.00,0.00,724,3,5,0,0,0,21673.00,0.00,1807.00,904.00,20769.00,903.00,0.00,0.00,0.00,0.00,0.00,0.00,0.00,0.00,0.00,0.00,0.00,0.00,0.00,0.00,0.00,0.00,0.00,0.00,0.00,0.00,0.00,0.00,0.00,0.00,0.00,0.00,0.00,0.00,0.00,0.00,0.00,0.00,0.00,0.00,0.00,0.00,0.00,0.00,1807.00,904.00,904.00,0.00,1.00,0.00,0.00,0.00,0.00,0.00,0.00,3,2,1,0,0.00,0.00,0.00,0.00,0.00,0.00,0.00,0.00,0.00,0.00,0.00,0.00,0.00,0.00,0.00,0.00,0.00,0.00,0.00,0.00,0.00,0.00,0.00,0.00,0.00,0.00,0.00,0.00,0.00,0.00,0.00,0.00,0.00,0.00,0.00,0.00,0.00,0.00,0.00,0.00,0.00,0.00,0.00,0.00,0.00,0.00,0.00,0.00,0.00,0.00,0.00,0.00,0.00,21649.00,0.00,0.00,0.00,0.00,1995.37
0.00,0.00,0.49,0.00,0.00,0.00,5.91,0.00,0.00,93.60,0.00,328.00,0.00,0.00,0.00,0.00,0.00,0.00,9731.00,0.00,0.00,0.00,0.00,0.00,0.00,0.00,0.00,0.00,661016,1144256,1379704,67.61,47140,554756,3728328,182.70,849888,367156,308,615208,99688,7360,28924,0,0,0,0.00,0,0.00,0,0,0.00,26566,7648,36894,0,0,460,0.00,0.00,0.00,0,0.00,0.00,0.00,0.00,0.00,0.00,0.00,0.00,0.00,0.00,0.00,0.00,0.00,0.00,19774.00,824.00,27056.71,46.67,0.00,0.00,0.00,0.00,0.00,0.00,0.00,1.00,0.00,0.00,0.00,0.00,0.00,0.00,0.00,0.00,0.00,0.00,0.00,0.00,0.00,0.00,0.00,0.00,0.00,0.00,0.00,0.00,0.00,0.00,724,3,5,0,0,0,19774.00,0.00,1646.00,824.00,18952.00,824.00,0.00,0.00,0.00,0.00,0.00,0.00,0.00,0.00,0.00,0.00,0.00,0.00,0.00,0.00,0.00,0.00,0.00,0.00,0.00,0.00,0.00,0.00,0.00,0.00,0.00,0.00,0.00,0.00,0.00,0.00,0.00,0.00,0.00,0.00,0.00,0.00,0.00,0.00,1647.00,824.00,823.00,0.00,0.00,0.00,0.00,0.00,0.00,0.00,0.00,3,2,1,0,0.00,0.00,0.00,0.00,0.00,0.00,0.00,0.00,0.00,0.00,0.00,0.00,0.00,0.00,0.00,0.00,0.00,0.00,0.00,0.00,0.00,0.00,0.00,0.00,0.00,0.00,0.00,0.00,0.00,0.00,0.00,0.00,0.00,0.00,0.00,0.00,0.00,0.00,0.00,0.00,0.00,0.00,0.00,0.00,0.00,0.00,0.00,0.00,0.00,0.00,0.00,0.00,0.00,19822.00,0.00,0.00,0.00,0.00,1995.37
0.00,0.00,0.00,2.01,0.50,0.00,4.52,0.00,0.00,92.96,0.00,333.00,0.00,0.00,0.00,304.00,0.00,0.00,9539.00,0.00,0.00,0.00,0.00,46.00,0.00,46.00,0.00,608.00,661144,1144384,1379576,67.60,47140,554772,3728328,182.70,849888,367156,0,615208,99688,7360,28924,0,0,0,0.00,0,0.00,0,0,0.00,26566,7648,36894,0,0,460,0.00,0.00,0.00,0,0.00,0.00,0.00,0.00,0.00,0.00,46.00,0.00,304.00,6.61,0.22,6.26,0.96,4.40,19229.00,803.00,26301.86,45.48,0.00,0.00,0.00,0.00,0.00,0.00,0.00,0.00,0.00,0.00,0.00,0.00,0.00,0.00,0.00,0.00,0.00,0.00,0.00,0.00,0.00,0.00,0.00,0.00,0.00,0.00,0.00,0.00,0.00,0.00,724,3,5,0,0,0,19227.00,0.00,1605.00,803.00,18423.00,801.00,0.00,0.00,0.00,0.00,0.00,0.00,0.00,0.00,0.00,0.00,0.00,0.00,0.00,0.00,0.00,0.00,0.00,0.00,0.00,0.00,0.00,0.00,0.00,0.00,0.00,0.00,0.00,0.00,0.00,0.00,0.00,0.00,0.00,0.00,0.00,0.00,0.00,0.00,1604.00,803.00,803.00,0.00,2.00,0.00,0.00,0.00,0.00,0.00,0.00,3,2,1,0,0.00,0.00,0.00,0.00,0.00,0.00,0.00,0.00,0.00,0.00,0.00,0.00,0.00,0.00,0.00,0.00,0.00,0.00,0.00,0.00,0.00,0.00,0.00,0.00,0.00,0.00,0.00,0.00,0.00,0.00,0.00,0.00,0.00,0.00,0.00,0.00,0.00,0.00,0.00,0.00,0.00,0.00,0.00,0.00,0.00,0.00,0.00,0.00,0.00,0.00,0.00,0.00,0.00,19204.00,0.00,0.00,0.00,0.00,1995.37
0.00,0.00,0.49,0.00,0.00,0.00,6.40,0.00,0.00,93.10,0.00,335.00,0.00,0.00,0.00,0.00,0.00,0.00,8651.00,0.00,0.00,0.00,0.00,0.00,0.00,0.00,0.00,0.00,661080,1144376,1379640,67.61,47140,554788,3728328,182.70,849888,367212,20,615208,99688,7360,28924,0,0,0,0.00,0,0.00,0,0,0.00,26566,7648,36894,0,0,460,0.00,0.00,0.00,0,0.00,0.00,0.00,0.00,0.00,0.00,0.00,0.00,0.00,0.00,0.00,0.00,0.00,0.00,17505.00,729.00,23937.93,41.29,0.00,0.00,0.00,0.00,0.00,0.00,0.00,1.00,0.00,0.00,0.00,0.00,0.00,0.00,0.00,0.00,0.00,0.00,0.00,0.00,0.00,0.00,0.00,0.00,0.00,0.00,0.00,0.00,0.00,0.00,724,3,5,0,0,0,17519.00,0.00,1459.00,730.00,16790.00,730.00,0.00,0.00,0.00,0.00,0.00,0.00,0.00,0.00,0.00,0.00,0.00,0.00,0.00,0.00,0.00,0.00,0.00,0.00,0.00,0.00,0.00,0.00,0.00,0.00,0.00,0.00,0.00,0.00,0.00,0.00,0.00,0.00,0.00,0.00,0.00,0.00,0.00,0.00,1459.00,730.00,729.00,0.00,0.00,0.00,0.00,0.00,0.00,0.00,0.00,3,2,1,0,0.00,0.00,0.00,0.00,0.00,0.00,0.00,0.00,0.00,0.00,0.00,0.00,0.00,0.00,0.00,0.00,0.00,0.00,0.00,0.00,0.00,0.00,0.00,0.00,0.00,0.00,0.00,0.00,0.00,0.00,0.00,0.00,0.00,0.00,0.00,0.00,0.00,0.00,0.00,0.00,0.00,0.00,0.00,0.00,0.00,0.00,0.00,0.00,0.00,0.00,0.00,0.00,0.00,17505.00,0.00,0.00,0.00,0.00,1995.37
0.50,0.00,0.00,1.50,0.00,0.00,4.50,0.00,0.00,93.50,0.00,338.00,0.00,0.00,0.00,36.00,4.00,0.00,9131.00,0.00,0.00,0.00,0.00,2.00,0.00,2.00,0.00,72.00,661048,1144344,1379672,67.61,47148,554792,3728328,182.70,849888,367212,32,615216,99688,7360,28924,0,0,0,0.00,0,0.00,0,0,0.00,26566,7648,36894,0,0,460,0.00,0.00,0.00,0,0.00,0.00,0.00,0.00,0.00,0.00,2.00,0.00,36.00,18.00,0.00,14.00,0.00,0.00,18823.00,785.00,25743.78,44.46,0.00,0.00,0.00,0.00,0.00,0.00,0.00,0.00,0.00,0.00,0.00,0.00,0.00,0.00,0.00,0.00,0.00,0.00,0.00,0.00,0.00,0.00,0.00,0.00,0.00,0.00,0.00,0.00,0.00,0.00,724,3,5,0,0,0,18794.00,0.00,1568.00,784.00,18009.00,783.00,0.00,0.00,0.00,0.00,0.00,0.00,0.00,0.00,0.00,0.00,0.00,0.00,0.00,0.00,0.00,0.00,0.00,0.00,0.00,0.00,0.00,0.00,0.00,0.00,0.00,0.00,0.00,0.00,0.00,0.00,0.00,0.00,0.00,0.00,0.00,0.00,0.00,0.00,1568.00,784.00,785.00,0.00,1.00,0.00,0.00,0.00,0.00,0.00,0.00,3,2,1,0,0.00,0.00,0.00,0.00,0.00,0.00,0.00,0.00,0.00,0.00,0.00,0.00,0.00,0.00,0.00,0.00,0.00,0.00,0.00,0.00,0.00,0.00,0.00,0.00,0.00,0.00,0.00,0.00,0.00,0.00,0.00,0.00,0.00,0.00,0.00,0.00,0.00,0.00,0.00,0.00,0.00,0.00,0.00,0.00,0.00,0.00,0.00,0.00,0.00,0.00,0.00,0.00,0.00,18823.00,0.00,0.00,0.00,0.00,1995.37
0.51,0.00,0.51,0.00,0.00,0.00,2.55,0.00,0.00,96.43,0.00,314.00,0.00,0.00,0.00,0.00,0.00,0.00,8171.00,0.00,0.00,0.00,0.00,0.00,0.00,0.00,0.00,0.00,661016,1144312,1379704,67.61,47148,554816,3728328,182.70,849888,367212,76,615216,99688,7360,28924,0,0,0,0.00,0,0.00,0,0,0.00,26566,7648,36894,0,0,460,0.00,0.00,0.00,0,0.00,0.00,0.00,0.00,0.00,0.00,0.00,0.00,0.00,0.00,0.00,0.00,0.00,0.00,16445.00,686.00,22492.92,38.86,0.00,0.00,0.00,0.00,0.00,0.00,0.00,1.00,0.00,0.00,0.00,0.00,0.00,0.00,0.00,0.00,0.00,0.00,0.00,0.00,0.00,0.00,0.00,0.00,0.00,0.00,0.00,0.00,0.00,0.00,724,3,5,0,0,0,16462.00,0.00,1370.00,687.00,15778.00,686.00,0.00,0.00,0.00,0.00,0.00,0.00,0.00,0.00,0.00,0.00,0.00,0.00,0.00,0.00,0.00,0.00,0.00,0.00,0.00,0.00,0.00,0.00,0.00,0.00,0.00,0.00,0.00,0.00,0.00,0.00,0.00,0.00,0.00,0.00,0.00,0.00,0.00,0.00,1370.00,687.00,685.00,0.00,1.00,0.00,0.00,0.00,0.00,0.00,0.00,3,2,1,0,0.00,0.00,0.00,0.00,0.00,0.00,0.00,0.00,0.00,0.00,0.00,0.00,0.00,0.00,0.00,0.00,0.00,0.00,0.00,0.00,0.00,0.00,0.00,0.00,0.00,0.00,0.00,0.00,0.00,0.00,0.00,0.00,0.00,0.00,0.00,0.00,0.00,0.00,0.00,0.00,0.00,0.00,0.00,0.00,0.00,0.00,0.00,0.00,0.00,0.00,0.00,0.00,0.00,16470.00,0.00,0.00,0.00,0.00,1995.37
0.00,0.00,0.00,0.00,0.50,0.00,4.02,0.00,0.00,95.48,0.00,329.00,0.00,0.00,0.00,0.00,1.00,0.00,7995.00,0.00,0.00,0.00,0.00,0.00,0.00,0.00,0.00,0.00,661080,1144424,1379640,67.61,47148,554832,3728328,182.70,849896,367260,92,615216,99688,7360,28924,0,0,0,0.00,0,0.00,0,0,0.00,26566,7648,36894,0,0,460,0.00,0.00,0.00,0,0.00,0.00,0.00,0.00,0.00,0.00,0.00,0.00,0.00,0.00,0.00,0.00,0.00,0.00,16085.00,671.00,22000.37,38.01,0.00,0.00,0.00,0.00,0.00,0.00,0.00,0.00,0.00,0.00,0.00,0.00,0.00,0.00,0.00,0.00,0.00,0.00,0.00,0.00,0.00,0.00,0.00,0.00,0.00,0.00,0.00,0.00,0.00,0.00,724,3,5,0,0,0,16057.00,0.00,1339.00,670.00,15387.00,669.00,0.00,0.00,0.00,0.00,0.00,0.00,0.00,0.00,0.00,0.00,0.00,0.00,0.00,0.00,0.00,0.00,0.00,0.00,0.00,0.00,0.00,0.00,0.00,0.00,0.00,0.00,0.00,0.00,0.00,0.00,0.00,0.00,0.00,0.00,0.00,0.00,0.00,0.00,1339.00,670.00,669.00,0.00,1.00,0.00,0.00,0.00,0.00,0.00,0.00,3,2,1,0,0.00,0.00,0.00,0.00,0.00,0.00,0.00,0.00,0.00,0.00,0.00,0.00,0.00,0.00,0.00,0.00,0.00,0.00,0.00,0.00,0.00,0.00,0.00,0.00,0.00,0.00,0.00,0.00,0.00,0.00,0.00,0.00,0.00,0.00,0.00,0.00,0.00,0.00,0.00,0.00,0.00,0.00,0.00,0.00,0.00,0.00,0.00,0.00,0.00,0.00,0.00,0.00,0.00,16038.00,0.00,0.00,0.00,0.00,1995.37
0.00,0.00,0.50,0.00,0.00,0.00,4.98,0.00,0.00,94.53,0.00,348.00,0.00,0.00,0.00,0.00,0.00,0.00,7531.00,0.00,0.00,0.00,0.00,0.00,0.00,0.00,0.00,0.00,661048,1144392,1379672,67.61,47148,554848,3728328,182.70,849896,367260,108,615216,99688,7360,28924,0,0,0,0.00,0,0.00,0,0,0.00,26566,7648,36894,0,0,460,0.00,0.00,0.00,0,0.00,0.00,0.00,0.00,0.00,0.00,0.00,0.00,0.00,0.00,0.00,0.00,0.00,0.00,15173.00,632.00,20752.62,35.80,0.00,0.00,0.00,0.00,0.00,0.00,0.00,1.00,0.00,0.00,0.00,0.00,0.00,0.00,0.00,0.00,0.00,0.00,0.00,0.00,0.00,0.00,0.00,0.00,0.00,0.00,0.00,0.00,0.00,0.00,724,3,5,0,0,0,15166.00,0.00,1262.00,632.00,14536.00,632.00,0.00,0.00,0.00,0.00,0.00,0.00,0.00,0.00,0.00,0.00,0.00,0.00,0.00,0.00,0.00,0.00,0.00,0.00,0.00,0.00,0.00,0.00,0.00,0.00,0.00,0.00,0.00,0.00,0.00,0.00,0.00,0.00,0.00,0.00,0.00,0.00,0.00,0.00,1263.00,633.00,630.00,0.00,0.00,0.00,0.00,0.00,0.00,0.00,0.00,3,2,1,0,0.00,0.00,0.00,0.00,0.00,0.00,0.00,0.00,0.00,0.00,0.00,0.00,0.00,0.00,0.00,0.00,0.00,0.00,0.00,0.00,0.00,0.00,0.00,0.00,0.00,0.00,0.00,0.00,0.00,0.00,0.00,0.00,0.00,0.00,0.00,0.00,0.00,0.00,0.00,0.00,0.00,0.00,0.00,0.00,0.00,0.00,0.00,0.00,0.00,0.00,0.00,0.00,0.00,15195.00,0.00,0.00,0.00,0.00,1995.37
0.50,0.00,0.50,0.00,0.00,0.00,3.02,0.00,0.00,95.98,0.00,317.00,0.00,0.00,0.00,0.00,0.00,0.00,6819.00,0.00,0.00,0.00,0.00,0.00,0.00,0.00,0.00,0.00,661112,1144456,1379608,67.60,47148,554864,3728328,182.70,849896,367260,124,615216,99688,7360,28924,0,0,0,0.00,0,0.00,0,0,0.00,26566,7648,36894,0,0,460,0.00,0.00,0.00,0,0.00,0.00,0.00,0.00,0.00,0.00,0.00,0.00,0.00,0.00,0.00,0.00,0.00,0.00,13780.00,577.00,18848.04,32.68,0.00,0.00,0.00,0.00,0.00,0.00,0.00,0.00,0.00,0.00,0.00,0.00,0.00,0.00,0.00,0.00,0.00,0.00,0.00,0.00,0.00,0.00,0.00,0.00,0.00,0.00,0.00,0.00,0.00,0.00,724,3,5,0,0,0,13779.00,0.00,1151.00,577.00,13202.00,574.00,0.00,0.00,0.00,0.00,0.00,0.00,0.00,0.00,0.00,0.00,0.00,0.00,0.00,0.00,0.00,0.00,0.00,0.00,0.00,0.00,0.00,0.00,0.00,0.00,0.00,0.00,0.00,0.00,0.00,0.00,0.00,0.00,0.00,0.00,0.00,0.00,0.00,0.00,1150.00,576.00,577.00,0.00,3.00,0.00,0.00,0.00,0.00,0.00,0.00,3,2,1,0,0.00,0.00,0.00,0.00,0.00,0.00,0.00,0.00,0.00,0.00,0.00,0.00,0.00,0.00,0.00,0.00,0.00,0.00,0.00,0.00,0.00,0.00,0.00,0.00,0.00,0.00,0.00,0.00,0.00,0.00,0.00,0.00,0.00,0.00,0.00,0.00,0.00,0.00,0.00,0.00,0.00,0.00,0.00,0.00,0.00,0.00,0.00,0.00,0.00,0.00,0.00,0.00,0.00,13780.00,0.00,0.00,0.00,0.00,1995.37
0.50,0.00,0.00,0.00,0.50,0.00,4.48,0.00,0.00,94.53,0.00,345.00,0.00,0.00,0.00,0.00,11.00,0.00,7125.00,0.00,0.00,0.00,0.00,0.00,0.00,0.00,0.00,0.00,660956,1144304,1379764,67.61,47148,554876,3728328,182.70,849896,367260,136,615216,99692,7360,28924,0,0,0,0.00,0,0.00,0,0,0.00,26566,7648,36894,0,0,460,0.00,0.00,0.00,0,0.00,0.00,0.00,0.00,0.00,0.00,0.00,0.00,0.00,0.00,0.00,0.00,0.00,0.00,14355.00,598.00,19636.07,33.87,0.00,0.00,0.00,0.00,0.00,0.00,0.00,1.00,0.00,0.00,0.00,0.00,0.00,0.00,0.00,0.00,0.00,0.00,0.00,0.00,0.00,0.00,0.00,0.00,0.00,0.00,0.00,0.00,0.00,0.00,724,3,5,0,0,0,14352.00,0.00,1196.00,598.00,13754.00,598.00,0.00,0.00,0.00,0.00,0.00,0.00,0.00,0.00,0.00,0.00,0.00,0.00,0.00,0.00,0.00,0.00,0.00,0.00,0.00,0.00,0.00,0.00,0.00,0.00,0.00,0.00,0.00,0.00,0.00,0.00,0.00,0.00,0.00,0.00,0.00,0.00,0.00,0.00,1197.00,599.00,598.00,0.00,0.00,0.00,0.00,0.00,0.00,0.00,0.00,3,2,1,0,0.00,0.00,0.00,0.00,0.00,0.00,0.00,0.00,0.00,0.00,0.00,0.00,0.00,0.00,0.00,0.00,0.00,0.00,0.00,0.00,0.00,0.00,0.00,0.00,0.00,0.00,0.00,0.00,0.00,0.00,0.00,0.00,0.00,0.00,0.00,0.00,0.00,0.00,0.00,0.00,0.00,0.00,0.00,0.00,0.00,0.00,0.00,0.00,0.00,0.00,0.00,0.00,0.00,14379.00,0.00,0.00,0.00,0.00,1995.37
0.51,0.00,0.00,2.53,0.00,0.00,3.54,0.00,0.00,93.43,0.00,390.00,0.00,0.00,0.00,12.00,0.00,0.00,6645.00,0.00,0.00,0.00,0.00,2.00,0.00,2.00,0.00,24.00,660924,1144328,1379796,67.61,47156,554892,3728328,182.70,849896,367316,152,615232,99692,7360,28924,0,0,0,0.00,0,0.00,0,0,0.00,26566,7648,36894,0,0,460,0.00,0.00,0.00,0,0.00,0.00,0.00,0.00,0.00,0.00,2.00,0.00,12.00,6.00,0.00,26.00,0.00,0.00,13849.00,578.00,18946.40,32.74,0.00,0.00,0.00,0.00,0.00,0.00,0.00,0.00,0.00,0.00,0.00,0.00,0.00,0.00,0.00,0.00,0.00,0.00,0.00,0.00,0.00,0.00,0.00,0.00,0.00,0.00,0.00,0.00,0.00,0.00,724,3,5,0,0,0,13847.00,0.00,1153.00,578.00,13271.00,577.00,0.00,0.00,0.00,0.00,0.00,0.00,0.00,0.00,0.00,0.00,0.00,0.00,0.00,0.00,0.00,0.00,0.00,0.00,0.00,0.00,0.00,0.00,0.00,0.00,0.00,0.00,0.00,0.00,0.00,0.00,0.00,0.00,0.00,0.00,0.00,0.00,0.00,0.00,1152.00,577.00,576.00,0.00,1.00,0.00,0.00,0.00,0.00,0.00,0.00,3,2,1,0,0.00,0.00,0.00,0.00,0.00,0.00,0.00,0.00,0.00,0.00,0.00,0.00,0.00,0.00,0.00,0.00,0.00,0.00,0.00,0.00,0.00,0.00,0.00,0.00,0.00,0.00,0.00,0.00,0.00,0.00,0.00,0.00,0.00,0.00,0.00,0.00,0.00,0.00,0.00,0.00,0.00,0.00,0.00,0.00,0.00,0.00,0.00,0.00,0.00,0.00,0.00,0.00,0.00,13802.00,0.00,0.00,0.00,0.00,1995.37
0.00,0.00,0.00,0.00,0.00,0.00,3.03,0.00,0.00,96.97,0.00,321.00,0.00,0.00,0.00,0.00,0.00,0.00,5466.00,0.00,0.00,0.00,0.00,0.00,0.00,0.00,0.00,0.00,661020,1144424,1379700,67.61,47156,554908,3728328,182.70,849896,367316,168,615232,99692,7360,28924,0,0,0,0.00,0,0.00,0,0,0.00,26566,7648,36894,0,0,460,0.00,0.00,0.00,0,0.00,0.00,0.00,0.00,0.00,0.00,0.00,0.00,0.00,0.00,0.00,0.00,0.00,0.00,11288.00,472.00,15433.36,26.72,0.00,0.00,0.00,0.00,0.00,0.00,0.00,1.00,0.00,0.00,0.00,0.00,0.00,0.00,0.00,0.00,0.00,0.00,0.00,0.00,0.00,0.00,0.00,0.00,0.00,0.00,0.00,0.00,0.00,0.00,724,3,5,0,0,0,11280.00,0.00,940.00,471.00,10810.00,470.00,0.00,0.00,0.00,0.00,0.00,0.00,0.00,0.00,0.00,0.00,0.00,0.00,0.00,0.00,0.00,0.00,0.00,0.00,0.00,0.00,0.00,0.00,0.00,0.00,0.00,0.00,0.00,0.00,0.00,0.00,0.00,0.00,0.00,0.00,0.00,0.00,0.00,0.00,940.00,471.00,470.00,0.00,1.00,0.00,0.00,0.00,0.00,0.00,0.00,3,2,1,0,0.00,0.00,0.00,0.00,0.00,0.00,0.00,0.00,0.00,0.00,0.00,0.00,0.00,0.00,0.00,0.00,0.00,0.00,0.00,0.00,0.00,0.00,0.00,0.00,0.00,0.00,0.00,0.00,0.00,0.00,0.00,0.00,0.00,0.00,0.00,0.00,0.00,0.00,0.00,0.00,0.00,0.00,0.00,0.00,0.00,0.00,0.00,0.00,0.00,0.00,0.00,0.00,0.00,11312.00,0.00,0.00,0.00,0.00,1995.37
0.50,0.00,0.50,0.00,0.00,0.00,4.48,0.00,0.00,94.53,3.00,380.00,0.00,0.00,0.00,0.00,518.00,0.00,6027.00,0.00,0.00,0.00,0.00,0.00,0.00,0.00,0.00,0.00,660788,1144232,1379932,67.62,47156,554924,3728328,182.70,849968,367356,352,615312,99696,7360,28880,0,0,0,0.00,0,0.00,0,0,0.00,26566,7648,36894,0,0,460,0.00,0.00,0.00,0,0.00,0.00,0.00,0.00,0.00,0.00,0.00,0.00,0.00,0.00,0.00,0.00,0.00,0.00,11404.00,476.00,15598.52,26.95,0.00,0.00,0.00,0.00,0.00,0.00,0.00,0.00,0.00,0.00,0.00,0.00,0.00,0.00,0.00,0.00,0.00,0.00,0.00,0.00,0.00,0.00,0.00,0.00,0.00,0.00,0.00,0.00,0.00,0.00,724,3,5,0,0,0,11401.00,0.00,951.00,475.00,10925.00,475.00,0.00,0.00,0.00,0.00,0.00,0.00,0.00,0.00,0.00,0.00,0.00,0.00,0.00,0.00,0.00,0.00,0.00,0.00,0.00,0.00,0.00,0.00,0.00,0.00,0.00,0.00,0.00,0.00,0.00,0.00,0.00,0.00,0.00,0.00,0.00,0.00,0.00,0.00,952.00,476.00,476.00,0.00,0.00,0.00,0.00,0.00,0.00,0.00,0.00,3,2,1,0,0.00,0.00,0.00,0.00,0.00,0.00,0.00,0.00,0.00,0.00,0.00,0.00,0.00,0.00,0.00,0.00,0.00,0.00,0.00,0.00,0.00,0.00,0.00,0.00,0.00,0.00,0.00,0.00,0.00,0.00,0.00,0.00,0.00,0.00,0.00,0.00,0.00,0.00,0.00,0.00,0.00,0.00,0.00,0.00,0.00,0.00,0.00,0.00,0.00,0.00,0.00,0.00,0.00,11404.00,0.00,0.00,0.00,0.00,1995.37
0.00,0.00,0.00,0.00,0.00,0.00,10.45,0.00,0.00,89.55,0.00,359.00,0.00,0.00,0.00,0.00,4.00,0.00,33383.00,0.00,0.00,0.00,0.00,0.00,0.00,0.00,0.00,0.00,637860,1142176,1402860,68.74,47208,578764,3752564,183.88,847448,392368,36,613924,100468,7376,28884,0,0,0,0.00,0,0.00,0,0,0.00,26551,7616,36821,0,0,461,0.00,0.00,0.00,0,0.00,0.00,0.00,0.00,0.00,0.00,0.00,0.00,0.00,0.00,0.00,0.00,0.00,0.00,66700.00,2783.00,91314.45,157.62,0.00,0.00,0.00,0.00,0.00,0.00,0.00,0.00,0.00,0.00,0.00,0.00,0.00,0.00,0.00,0.00,0.00,0.00,0.00,0.00,0.00,0.00,0.00,0.00,0.00,0.00,0.00,0.00,0.00,0.00,721,3,5,0,0,0,66670.00,0.00,5510.00,2781.00,63940.00,2780.00,0.00,0.00,0.00,0.00,0.00,0.00,0.00,0.00,0.00,0.00,0.00,0.00,0.00,0.00,0.00,0.00,0.00,0.00,0.00,0.00,0.00,0.00,0.00,0.00,0.00,0.00,0.00,0.00,0.00,0.00,0.00,0.00,0.00,0.00,0.00,0.00,0.00,0.00,5511.00,2782.00,2730.00,0.00,1.00,0.00,0.00,0.00,0.00,0.00,0.00,3,2,1,0,0.00,0.00,0.00,0.00,0.00,0.00,0.00,0.00,0.00,0.00,0.00,0.00,0.00,0.00,0.00,0.00,0.00,0.00,0.00,0.00,0.00,0.00,0.00,0.00,0.00,0.00,0.00,0.00,0.00,0.00,0.00,0.00,0.00,0.00,0.00,0.00,0.00,0.00,0.00,0.00,0.00,0.00,0.00,0.00,0.00,0.00,0.00,0.00,0.00,0.00,0.00,0.00,0.00,66766.00,0.00,0.00,0.00,0.00,1995.37
0.50,0.00,0.00,0.00,0.50,0.00,9.50,0.00,0.00,89.50,0.00,366.00,0.00,0.00,0.00,0.00,2.00,0.00,31154.00,0.00,0.00,0.00,0.00,0.00,0.00,0.00,0.00,0.00,637640,1141956,1403080,68.75,47208,578776,3752564,183.88,847448,392368,48,613924,100472,7376,28884,0,0,0,0.00,0,0.00,0,0,0.00,26551,7616,36821,0,0,461,0.00,0.00,0.00,0,0.00,0.00,0.00,0.00,0.00,0.00,0.00,0.00,0.00,0.00,0.00,0.00,0.00,0.00,64327.00,2680.00,87937.59,151.80,0.00,0.00,0.00,0.00,0.00,0.00,0.00,1.00,0.00,0.00,0.00,0.00,0.00,0.00,0.00,0.00,0.00,0.00,0.00,0.00,0.00,0.00,0.00,0.00,0.00,0.00,0.00,0.00,0.00,0.00,721,3,5,0,0,0,64319.00,0.00,5403.00,2680.00,61594.00,2678.00,0.00,0.00,0.00,0.00,0.00,0.00,0.00,0.00,0.00,0.00,0.00,0.00,0.00,0.00,0.00,0.00,0.00,0.00,0.00,0.00,0.00,0.00,0.00,0.00,0.00,0.00,0.00,0.00,0.00,0.00,0.00,0.00,0.00,0.00,0.00,0.00,0.00,0.00,5404.00,2680.00,2726.00,0.00,2.00,0.00,0.00,0.00,0.00,0.00,0.00,3,2,1,0,0.00,0.00,0.00,0.00,0.00,0.00,0.00,0.00,0.00,0.00,0.00,0.00,0.00,0.00,0.00,0.00,0.00,0.00,0.00,0.00,0.00,0.00,0.00,0.00,0.00,0.00,0.00,0.00,0.00,0.00,0.00,0.00,0.00,0.00,0.00,0.00,0.00,0.00,0.00,0.00,0.00,0.00,0.00,0.00,0.00,0.00,0.00,0.00,0.00,0.00,0.00,0.00,0.00,64285.00,0.00,0.00,0.00,0.00,1995.37
0.50,0.00,0.00,0.00,0.00,0.00,10.89,0.00,0.00,88.61,0.00,379.00,0.00,0.00,0.00,0.00,0.00,0.00,32403.00,0.00,0.00,0.00,0.00,0.00,0.00,0.00,0.00,0.00,637640,1141956,1403080,68.75,47208,578792,3752564,183.88,847448,392368,64,613928,100472,7376,28884,0,0,0,0.00,0,0.00,0,0,0.00,26551,7616,36821,0,0,461,0.00,0.00,0.00,0,0.00,0.00,0.00,0.00,0.00,0.00,0.00,0.00,0.00,0.00,0.00,0.00,0.00,0.00,64572.00,2695.00,88330.67,152.65,0.00,0.00,0.00,0.00,0.00,0.00,0.00,0.00,0.00,0.00,0.00,0.00,0.00,0.00,0.00,0.00,0.00,0.00,0.00,0.00,0.00,0.00,0.00,0.00,0.00,0.00,0.00,0.00,0.00,0.00,721,3,5,0,0,0,64543.00,0.00,5384.00,2694.00,61847.00,2689.00,0.00,0.00,0.00,0.00,0.00,0.00,0.00,0.00,0.00,0.00,0.00,0.00,0.00,0.00,0.00,0.00,0.00,0.00,0.00,0.00,0.00,0.00,0.00,0.00,0.00,0.00,0.00,0.00,0.00,0.00,0.00,0.00,0.00,0.00,0.00,0.00,0.00,0.00,5383.00,2695.00,2689.00,0.00,5.00,0.00,0.00,0.00,0.00,0.00,0.00,3,2,1,0,0.00,0.00,0.00,0.00,0.00,0.00,0.00,0.00,0.00,0.00,0.00,0.00,0.00,0.00,0.00,0.00,0.00,0.00,0.00,0.00,0.00,0.00,0.00,0.00,0.00,0.00,0.00,0.00,0.00,0.00,0.00,0.00,0.00,0.00,0.00,0.00,0.00,0.00,0.00,0.00,0.00,0.00,0.00,0.00,0.00,0.00,0.00,0.00,0.00,0.00,0.00,0.00,0.00,64571.00,0.00,0.00,0.00,0.00,1995.37
0.00,0.00,0.50,0.00,0.00,0.00,9.55,0.00,0.00,89.95,0.00,353.00,0.00,0.00,0.00,0.00,0.00,0.00,30290.00,0.00,0.00,0.00,0.00,0.00,0.00,0.00,0.00,0.00,637736,1142052,1402984,68.75,47208,578808,3752564,183.88,847448,392368,80,613928,100472,7376,28884,0,0,0,0.00,0,0.00,0,0,0.00,26551,7616,36821,0,0,461,0.00,0.00,0.00,0,0.00,0.00,0.00,0.00,0.00,0.00,0.00,0.00,0.00,0.00,0.00,0.00,0.00,0.00,62138.00,2591.00,85012.67,146.76,0.00,0.00,0.00,0.00,0.00,0.00,0.00,2.00,0.00,0.00,0.00,0.00,0.00,0.00,0.00,0.00,0.00,0.00,0.00,0.00,0.00,0.00,0.00,0.00,0.00,0.00,0.00,0.00,0.00,0.00,721,3,5,0,0,0,62158.00,0.00,5178.00,2592.00,59570.00,2590.00,0.00,0.00,0.00,0.00,0.00,0.00,0.00,0.00,0.00,0.00,0.00,0.00,0.00,0.00,0.00,0.00,0.00,0.00,0.00,0.00,0.00,0.00,0.00,0.00,0.00,0.00,0.00,0.00,0.00,0.00,0.00,0.00,0.00,0.00,0.00,0.00,0.00,0.00,5177.00,2590.00,2589.00,0.00,2.00,0.00,0.00,0.00,0.00,0.00,0.00,3,2,1,0,0.00,0.00,0.00,0.00,0.00,0.00,0.00,0.00,0.00,0.00,0.00,0.00,0.00,0.00,0.00,0.00,0.00,0.00,0.00,0.00,0.00,0.00,0.00,0.00,0.00,0.00,0.00,0.00,0.00,0.00,0.00,0.00,0.00,0.00,0.00,0.00,0.00,0.00,0.00,0.00,0.00,0.00,0.00,0.00,0.00,0.00,0.00,0.00,0.00,0.00,0.00,0.00,0.00,62138.00,0.00,0.00,0.00,0.00,1995.37
0.00,0.00,0.00,0.00,0.00,0.00,9.09,0.00,0.00,90.91,0.00,353.00,0.00,0.00,0.00,0.00,0.00,0.00,31795.00,0.00,0.00,0.00,0.00,0.00,0.00,0.00,0.00,0.00,637608,1141980,1403112,68.76,47208,578824,3752564,183.88,847448,392424,96,613928,100472,7376,28884,0,0,0,0.00,0,0.00,0,0,0.00,26551,7616,36821,0,0,461,0.00,0.00,0.00,0,0.00,0.00,0.00,0.00,0.00,0.00,0.00,0.00,0.00,0.00,0.00,0.00,0.00,0.00,62930.00,2622.00,86095.95,148.51,0.00,0.00,0.00,0.00,0.00,0.00,0.00,0.00,0.00,0.00,0.00,0.00,0.00,0.00,0.00,0.00,0.00,0.00,0.00,0.00,0.00,0.00,0.00,0.00,0.00,0.00,0.00,0.00,0.00,0.00,721,3,5,0,0,0,62929.00,0.00,5245.00,2622.00,60306.00,2622.00,0.00,0.00,0.00,0.00,0.00,0.00,0.00,0.00,0.00,0.00,0.00,0.00,0.00,0.00,0.00,0.00,0.00,0.00,0.00,0.00,0.00,0.00,0.00,0.00,0.00,0.00,0.00,0.00,0.00,0.00,0.00,0.00,0.00,0.00,0.00,0.00,0.00,0.00,5244.00,2622.00,2623.00,0.00,0.00,0.00,0.00,0.00,0.00,0.00,0.00,3,2,1,0,0.00,0.00,0.00,0.00,0.00,0.00,0.00,0.00,0.00,0.00,0.00,0.00,0.00,0.00,0.00,0.00,0.00,0.00,0.00,0.00,0.00,0.00,0.00,0.00,0.00,0.00,0.00,0.00,0.00,0.00,0.00,0.00,0.00,0.00,0.00,0.00,0.00,0.00,0.00,0.00,0.00,0.00,0.00,0.00,0.00,0.00,0.00,0.00,0.00,0.00,0.00,0.00,0.00,62885.00,0.00,0.00,0.00,0.00,1995.37
0.49,0.00,0.49,1.95,0.00,0.00,11.71,0.00,0.00,85.37,0.00,405.00,0.00,0.00,0.00,36.00,0.00,0.00,30467.00,0.00,0.00,0.00,0.00,2.00,0.00,2.00,0.00,72.00,637640,1142012,1403080,68.75,47216,578840,3752564,183.88,847448,392424,132,613928,100472,7376,28884,0,0,0,0.00,0,0.00,0,0,0.00,26551,7616,36821,0,0,461,0.00,0.00,0.00,0,0.00,0.00,0.00,0.00,0.00,0.00,2.00,0.00,36.00,18.00,0.00,26.00,0.00,0.00,60802.00,2535.00,83174.63,143.57,0.00,0.00,0.00,0.00,0.00,0.00,0.00,1.00,0.00,0.00,0.00,0.00,0.00,0.00,0.00,0.00,0.00,0.00,0.00,0.00,0.00,0.00,0.00,0.00,0.00,0.00,0.00,0.00,0.00,0.00,721,3,5,0,0,0,60816.00,0.00,5065.00,2535.00,58282.00,2534.00,0.00,0.00,0.00,0.00,0.00,0.00,0.00,0.00,0.00,0.00,0.00,0.00,0.00,0.00,0.00,0.00,0.00,0.00,0.00,0.00,0.00,0.00,0.00,0.00,0.00,0.00,0.00,0.00,0.00,0.00,0.00,0.00,0.00,0.00,0.00,0.00,0.00,0.00,5066.00,2535.00,2531.00,0.00,1.00,0.00,0.00,0.00,0.00,0.00,0.00,3,2,1,0,0.00,0.00,0.00,0.00,0.00,0.00,0.00,0.00,0.00,0.00,0.00,0.00,0.00,0.00,0.00,0.00,0.00,0.00,0.00,0.00,0.00,0.00,0.00,0.00,0.00,0.00,0.00,0.00,0.00,0.00,0.00,0.00,0.00,0.00,0.00,0.00,0.00,0.00,0.00,0.00,0.00,0.00,0.00,0.00,0.00,0.00,0.00,0.00,0.00,0.00,0.00,0.00,0.00,60848.00,0.00,0.00,0.00,0.00,1995.37
0.00,0.00,0.00,0.00,0.00,0.00,9.05,0.00,0.00,90.95,0.00,356.00,0.00,0.00,0.00,28.00,0.00,0.00,29763.00,0.00,0.00,0.00,0.00,6.00,0.00,6.00,0.00,56.00,637736,1142108,1402984,68.75,47216,578852,3752564,183.88,847500,392424,112,613928,100472,7376,28884,0,0,0,0.00,0,0.00,0,0,0.00,26551,7616,36821,0,0,461,0.00,0.00,0.00,0,0.00,0.00,0.00,0.00,0.00,0.00,6.00,0.00,28.00,4.67,0.01,4.00,1.33,0.80,59767.00,2494.00,81761.88,141.26,0.00,0.00,0.00,0.00,0.00,0.00,0.00,0.00,0.00,0.00,0.00,0.00,0.00,0.00,0.00,0.00,0.00,0.00,0.00,0.00,0.00,0.00,0.00,0.00,0.00,0.00,0.00,0.00,0.00,0.00,721,3,5,0,0,0,59717.00,0.00,4981.00,2492.00,57224.00,2488.00,0.00,0.00,0.00,0.00,0.00,0.00,0.00,0.00,0.00,0.00,0.00,0.00,0.00,0.00,0.00,0.00,0.00,0.00,0.00,0.00,0.00,0.00,0.00,0.00,0.00,0.00,0.00,0.00,0.00,0.00,0.00,0.00,0.00,0.00,0.00,0.00,0.00,0.00,4980.00,2492.00,2492.00,0.00,4.00,0.00,0.00,0.00,0.00,0.00,0.00,3,2,1,0,0.00,0.00,0.00,0.00,0.00,0.00,0.00,0.00,0.00,0.00,0.00,0.00,0.00,0.00,0.00,0.00,0.00,0.00,0.00,0.00,0.00,0.00,0.00,0.00,0.00,0.00,0.00,0.00,0.00,0.00,0.00,0.00,0.00,0.00,0.00,0.00,0.00,0.00,0.00,0.00,0.00,0.00,0.00,0.00,0.00,0.00,0.00,0.00,0.00,0.00,0.00,0.00,0.00,59742.00,0.00,0.00,0.00,0.00,1995.37
0.00,0.00,0.51,0.00,0.51,0.00,7.61,0.00,0.00,91.37,0.00,343.00,0.00,0.00,0.00,0.00,0.00,0.00,29539.00,0.00,0.00,0.00,0.00,0.00,0.00,0.00,0.00,0.00,637608,1142036,1403112,68.76,47216,578868,3752564,183.88,847508,392472,128,613928,100472,7376,28884,0,0,0,0.00,0,0.00,0,0,0.00,26551,7616,36821,0,0,461,0.00,0.00,0.00,0,0.00,0.00,0.00,0.00,0.00,0.00,0.00,0.00,0.00,0.00,0.00,0.00,0.00,0.00,60265.00,2511.00,82451.10,142.22,0.00,0.00,0.00,0.00,0.00,0.00,0.00,1.00,0.00,0.00,0.00,0.00,0.00,0.00,0.00,0.00,0.00,0.00,0.00,0.00,0.00,0.00,0.00,0.00,0.00,0.00,0.00,0.00,0.00,0.00,721,3,5,0,0,0,60264.00,0.00,5022.00,2511.00,57753.00,2511.00,0.00,0.00,0.00,0.00,0.00,0.00,0.00,0.00,0.00,0.00,0.00,0.00,0.00,0.00,0.00,0.00,0.00,0.00,0.00,0.00,0.00,0.00,0.00,0.00,0.00,0.00,0.00,0.00,0.00,0.00,0.00,0.00,0.00,0.00,0.00,0.00,0.00,0.00,5025.00,2512.00,2513.00,0.00,0.00,0.00,0.00,0.00,0.00,0.00,0.00,3,2,1,0,0.00,0.00,0.00,0.00,0.00,0.00,0.00,0.00,0.00,0.00,0.00,0.00,0.00,0.00,0.00,0.00,0.00,0.00,0.00,0.00,0.00,0.00,0.00,0.00,0.00,0.00,0.00,0.00,0.00,0.00,0.00,0.00,0.00,0.00,0.00,0.00,0.00,0.00,0.00,0.00,0.00,0.00,0.00,0.00,0.00,0.00,0.00,0.00,0.00,0.00,0.00,0.00,0.00,60266.00,0.00,0.00,0.00,0.00,1995.37
1.03,0.00,0.00,0.00,0.00,0.00,8.21,0.00,0.00,90.77,0.00,384.00,0.00,0.00,0.00,0.00,5.00,0.00,28617.00,0.00,0.00,0.00,0.00,0.00,0.00,0.00,0.00,0.00,637704,1142152,1403016,68.75,47216,578884,3752564,183.88,847488,392492,144,613908,100472,7376,28884,0,0,0,0.00,0,0.00,0,0,0.00,26551,7616,36821,0,0,461,0.00,0.00,0.00,0,0.00,0.00,0.00,0.00,0.00,0.00,0.00,0.00,0.00,0.00,0.00,0.00,0.00,0.00,58903.00,2455.00,80579.91,139.05,0.00,0.00,0.00,0.00,0.00,0.00,0.00,0.00,0.00,0.00,0.00,0.00,0.00,0.00,0.00,0.00,0.00,0.00,0.00,0.00,0.00,0.00,0.00,0.00,0.00,0.00,0.00,0.00,0.00,0.00,721,3,5,0,0,0,58897.00,0.00,4908.00,2455.00,56442.00,2454.00,0.00,0.00,0.00,0.00,0.00,0.00,0.00,0.00,0.00,0.00,0.00,0.00,0.00,0.00,0.00,0.00,0.00,0.00,0.00,0.00,0.00,0.00,0.00,0.00,0.00,0.00,0.00,0.00,0.00,0.00,0.00,0.00,0.00,0.00,0.00,0.00,0.00,0.00,4908.00,2455.00,2454.00,0.00,1.00,0.00,0.00,0.00,0.00,0.00,0.00,3,2,1,0,0.00,0.00,0.00,0.00,0.00,0.00,0.00,0.00,0.00,0.00,0.00,0.00,0.00,0.00,0.00,0.00,0.00,0.00,0.00,0.00,0.00,0.00,0.00,0.00,0.00,0.00,0.00,0.00,0.00,0.00,0.00,0.00,0.00,0.00,0.00,0.00,0.00,0.00,0.00,0.00,0.00,0.00,0.00,0.00,0.00,0.00,0.00,0.00,0.00,0.00,0.00,0.00,0.00,58926.00,0.00,0.00,0.00,0.00,1995.37
0.50,0.00,0.50,0.00,0.00,0.00,9.90,0.00,0.00,89.11,0.00,363.00,0.00,0.00,0.00,0.00,0.00,0.00,29355.00,0.00,0.00,0.00,0.00,0.00,0.00,0.00,0.00,0.00,637624,1142084,1403096,68.75,47216,578900,3752564,183.88,847488,392492,160,613908,100496,7376,28884,0,0,0,0.00,0,0.00,0,0,0.00,26551,7616,36821,0,0,461,0.00,0.00,0.00,0,0.00,0.00,0.00,0.00,0.00,0.00,0.00,0.00,0.00,0.00,0.00,0.00,0.00,0.00,59053.00,2462.00,80777.16,139.45,0.00,0.00,0.00,0.00,0.00,0.00,0.00,1.00,0.00,0.00,0.00,0.00,0.00,0.00,0.00,0.00,0.00,0.00,0.00,0.00,0.00,0.00,0.00,0.00,0.00,0.00,0.00,0.00,0.00,0.00,721,3,5,0,0,0,59065.00,0.00,4923.00,2463.00,56603.00,2461.00,0.00,0.00,0.00,0.00,0.00,0.00,0.00,0.00,0.00,0.00,0.00,0.00,0.00,0.00,0.00,0.00,0.00,0.00,0.00,0.00,0.00,0.00,0.00,0.00,0.00,0.00,0.00,0.00,0.00,0.00,0.00,0.00,0.00,0.00,0.00,0.00,0.00,0.00,4923.00,2463.00,2462.00,0.00,2.00,0.00,0.00,0.00,0.00,0.00,0.00,3,2,1,0,0.00,0.00,0.00,0.00,0.00,0.00,0.00,0.00,0.00,0.00,0.00,0.00,0.00,0.00,0.00,0.00,0.00,0.00,0.00,0.00,0.00,0.00,0.00,0.00,0.00,0.00,0.00,0.00,0.00,0.00,0.00,0.00,0.00,0.00,0.00,0.00,0.00,0.00,0.00,0.00,0.00,0.00,0.00,0.00,0.00,0.00,0.00,0.00,0.00,0.00,0.00,0.00,0.00,59030.00,0.00,0.00,0.00,0.00,1995.37
0.00,0.00,0.00,2.99,0.00,0.00,10.45,0.00,0.00,86.57,0.00,386.00,0.00,0.00,0.00,12.00,0.00,0.00,28883.00,0.00,0.00,0.00,0.00,2.00,0.00,2.00,0.00,24.00,637596,1142056,1403124,68.76,47224,578916,3752564,183.88,847488,392492,176,613908,100500,7376,28884,0,0,0,0.00,0,0.00,0,0,0.00,26551,7616,36821,0,0,461,0.00,0.00,0.00,0,0.00,0.00,0.00,0.00,0.00,0.00,2.00,0.00,12.00,6.00,0.00,36.00,0.00,0.00,57699.00,2404.00,78937.78,136.16,0.00,0.00,0.00,0.00,0.00,0.00,0.00,0.00,0.00,0.00,0.00,0.00,0.00,0.00,0.00,0.00,0.00,0.00,0.00,0.00,0.00,0.00,0.00,0.00,0.00,0.00,0.00,0.00,0.00,0.00,721,3,5,0,0,0,57672.00,0.00,4806.00,2403.00,55269.00,2403.00,0.00,0.00,0.00,0.00,0.00,0.00,0.00,0.00,0.00,0.00,0.00,0.00,0.00,0.00,0.00,0.00,0.00,0.00,0.00,0.00,0.00,0.00,0.00,0.00,0.00,0.00,0.00,0.00,0.00,0.00,0.00,0.00,0.00,0.00,0.00,0.00,0.00,0.00,4804.00,2403.00,2401.00,0.00,0.00,0.00,0.00,0.00,0.00,0.00,0.00,3,2,1,0,0.00,0.00,0.00,0.00,0.00,0.00,0.00,0.00,0.00,0.00,0.00,0.00,0.00,0.00,0.00,0.00,0.00,0.00,0.00,0.00,0.00,0.00,0.00,0.00,0.00,0.00,0.00,0.00,0.00,0.00,0.00,0.00,0.00,0.00,0.00,0.00,0.00,0.00,0.00,0.00,0.00,0.00,0.00,0.00,0.00,0.00,0.00,0.00,0.00,0.00,0.00,0.00,0.00,57699.00,0.00,0.00,0.00,0.00,1995.37
0.50,0.00,0.00,0.00,0.50,0.00,9.45,0.00,0.00,89.55,0.00,361.00,0.00,0.00,0.00,0.00,0.00,0.00,28138.00,0.00,0.00,0.00,0.00,0.00,0.00,0.00,0.00,0.00,637688,1142148,1403032,68.75,47224,578928,3752564,183.88,847488,392492,188,613908,100500,7376,28884,0,0,0,0.00,0,0.00,0,0,0.00,26551,7616,36821,0,0,461,0.00,0.00,0.00,0,0.00,0.00,0.00,0.00,0.00,0.00,0.00,0.00,0.00,0.00,0.00,0.00,0.00,0.00,57029.00,2377.00,78018.60,134.63,0.00,0.00,0.00,0.00,0.00,0.00,0.00,1.00,0.00,0.00,0.00,0.00,0.00,0.00,0.00,0.00,0.00,0.00,0.00,0.00,0.00,0.00,0.00,0.00,0.00,0.00,0.00,0.00,0.00,0.00,721,3,5,0,0,0,57023.00,0.00,4750.00,2377.00,54648.00,2376.00,0.00,0.00,0.00,0.00,0.00,0.00,0.00,0.00,0.00,0.00,0.00,0.00,0.00,0.00,0.00,0.00,0.00,0.00,0.00,0.00,0.00,0.00,0.00,0.00,0.00,0.00,0.00,0.00,0.00,0.00,0.00,0.00,0.00,0.00,0.00,0.00,0.00,0.00,4751.00,2377.00,2375.00,0.00,1.00,0.00,0.00,0.00,0.00,0.00,0.00,3,2,1,0,0.00,0.00,0.00,0.00,0.00,0.00,0.00,0.00,0.00,0.00,0.00,0.00,0.00,0.00,0.00,0.00,0.00,0.00,0.00,0.00,0.00,0.00,0.00,0.00,0.00,0.00,0.00,0.00,0.00,0.00,0.00,0.00,0.00,0.00,0.00,0.00,0.00,0.00,0.00,0.00,0.00,0.00,0.00,0.00,0.00,0.00,0.00,0.00,0.00,0.00,0.00,0.00,0.00,57075.00,0.00,0.00,0.00,0.00,1995.37
0.49,0.00,0.00,0.00,0.00,0.00,10.84,0.00,0.00,88.67,0.00,370.00,0.00,0.00,0.00,0.00,0.00,0.00,28123.00,0.00,0.00,0.00,0.00,0.00,0.00,0.00,0.00,0.00,637688,1142204,1403032,68.75,47224,578944,3752564,183.88,847496,392540,204,613908,100500,7376,28884,0,0,0,0.00,0,0.00,0,0,0.00,26551,7616,36821,0,0,461,0.00,0.00,0.00,0,0.00,0.00,0.00,0.00,0.00,0.00,0.00,0.00,0.00,0.00,0.00,0.00,0.00,0.00,55759.00,2324.00,76278.29,131.63,0.00,0.00,0.00,0.00,0.00,0.00,0.00,0.00,0.00,0.00,0.00,0.00,0.00,0.00,0.00,0.00,0.00,0.00,0.00,0.00,0.00,0.00,0.00,0.00,0.00,0.00,0.00,0.00,0.00,0.00,721,3,5,0,0,0,55753.00,0.00,4647.00,2324.00,53429.00,2323.00,0.00,0.00,0.00,0.00,0.00,0.00,0.00,0.00,0.00,0.00,0.00,0.00,0.00,0.00,0.00,0.00,0.00,0.00,0.00,0.00,0.00,0.00,0.00,0.00,0.00,0.00,0.00,0.00,0.00,0.00,0.00,0.00,0.00,0.00,0.00,0.00,0.00,0.00,4647.00,2324.00,2324.00,0.00,1.00,0.00,0.00,0.00,0.00,0.00,0.00,3,2,1,0,0.00,0.00,0.00,0.00,0.00,0.00,0.00,0.00,0.00,0.00,0.00,0.00,0.00,0.00,0.00,0.00,0.00,0.00,0.00,0.00,0.00,0.00,0.00,0.00,0.00,0.00,0.00,0.00,0.00,0.00,0.00,0.00,0.00,0.00,0.00,0.00,0.00,0.00,0.00,0.00,0.00,0.00,0.00,0.00,0.00,0.00,0.00,0.00,0.00,0.00,0.00,0.00,0.00,55712.00,0.00,0.00,0.00,0.00,1995.37
0.00,0.00,0.00,0.00,0.00,0.00,11.27,0.00,0.00,88.73,0.00,372.00,0.00,0.00,0.00,0.00,0.00,0.00,26299.00,0.00,0.00,0.00,0.00,0.00,0.00,0.00,0.00,0.00,637720,1142236,1403000,68.75,47224,578960,3752564,183.88,847496,392540,220,613908,100500,7376,28884,0,0,0,0.00,0,0.00,0,0,0.00,26551,7616,36821,0,0,461,0.00,0.00,0.00,0,0.00,0.00,0.00,0.00,0.00,0.00,0.00,0.00,0.00,0.00,0.00,0.00,0.00,0.00,54198.00,2259.00,74143.90,127.95,0.00,0.00,0.00,0.00,0.00,0.00,0.00,1.00,0.00,0.00,0.00,0.00,0.00,0.00,0.00,0.00,0.00,0.00,0.00,0.00,0.00,0.00,0.00,0.00,0.00,0.00,0.00,0.00,0.00,0.00,721,3,5,0,0,0,54215.00,0.00,4517.00,2260.00,51957.00,2259.00,0.00,0.00,0.00,0.00,0.00,0.00,0.00,0.00,0.00,0.00,0.00,0.00,0.00,0.00,0.00,0.00,0.00,0.00,0.00,0.00,0.00,0.00,0.00,0.00,0.00,0.00,0.00,0.00,0.00,0.00,0.00,0.00,0.00,0.00,0.00,0.00,0.00,0.00,4516.00,2259.00,2258.00,0.00,1.00,0.00,0.00,0.00,0.00,0.00,0.00,3,2,1,0,0.00,0.00,0.00,0.00,0.00,0.00,0.00,0.00,0.00,0.00,0.00,0.00,0.00,0.00,0.00,0.00,0.00,0.00,0.00,0.00,0.00,0.00,0.00,0.00,0.00,0.00,0.00,0.00,0.00,0.00,0.00,0.00,0.00,0.00,0.00,0.00,0.00,0.00,0.00,0.00,0.00,0.00,0.00,0.00,0.00,0.00,0.00,0.00,0.00,0.00,0.00,0.00,0.00,54176.00,0.00,0.00,0.00,0.00,1995.37
0.51,0.00,0.00,0.00,0.00,0.00,8.08,0.00,0.00,91.41,0.00,337.00,0.00,0.00,0.00,0.00,0.00,0.00,26547.00,0.00,0.00,0.00,0.00,0.00,0.00,0.00,0.00,0.00,637688,1142204,1403032,68.75,47224,578976,3752564,183.88,847496,392540,236,613908,100500,7376,28884,0,0,0,0.00,0,0.00,0,0,0.00,26551,7616,36821,0,0,461,0.00,0.00,0.00,0,0.00,0.00,0.00,0.00,0.00,0.00,0.00,0.00,0.00,0.00,0.00,0.00,0.00,0.00,53714.00,2238.00,73487.07,126.76,0.00,0.00,0.00,0.00,0.00,0.00,0.00,0.00,0.00,0.00,0.00,0.00,0.00,0.00,0.00,0.00,0.00,0.00,0.00,0.00,0.00,0.00,0.00,0.00,0.00,0.00,0.00,0.00,0.00,0.00,721,3,5,0,0,0,53690.00,0.00,4475.00,2237.00,51451.00,2237.00,0.00,0.00,0.00,0.00,0.00,0.00,0.00,0.00,0.00,0.00,0.00,0.00,0.00,0.00,0.00,0.00,0.00,0.00,0.00,0.00,0.00,0.00,0.00,0.00,0.00,0.00,0.00,0.00,0.00,0.00,0.00,0.00,0.00,0.00,0.00,0.00,0.00,0.00,4475.00,2238.00,2237.00,0.00,0.00,0.00,0.00,0.00,0.00,0.00,0.00,3,2,1,0,0.00,0.00,0.00,0.00,0.00,0.00,0.00,0.00,0.00,0.00,0.00,0.00,0.00,0.00,0.00,0.00,0.00,0.00,0.00,0.00,0.00,0.00,0.00,0.00,0.00,0.00,0.00,0.00,0.00,0.00,0.00,0.00,0.00,0.00,0.00,0.00,0.00,0.00,0.00,0.00,0.00,0.00,0.00,0.00,0.00,0.00,0.00,0.00,0.00,0.00,0.00,0.00,0.00,53738.00,0.00,0.00,0.00,0.00,1995.37
0.00,0.00,0.49,1.95,0.00,0.00,11.22,0.00,0.00,86.34,0.00,376.00,0.00,0.00,0.00,12.00,0.00,0.00,25379.00,0.00,0.00,0.00,0.00,2.00,0.00,2.00,0.00,24.00,637656,1142228,1403064,68.75,47232,578992,3752564,183.88,847504,392588,252,613908,100500,7376,28884,0,0,0,0.00,0,0.00,0,0,0.00,26551,7616,36821,0,0,461,0.00,0.00,0.00,0,0.00,0.00,0.00,0.00,0.00,0.00,2.00,0.00,12.00,6.00,0.00,28.00,0.00,0.00,51821.00,2159.00,70893.08,122.29,0.00,0.00,0.00,0.00,0.00,0.00,0.00,1.00,0.00,0.00,0.00,0.00,0.00,0.00,0.00,0.00,0.00,0.00,0.00,0.00,0.00,0.00,0.00,0.00,0.00,0.00,0.00,0.00,0.00,0.00,721,3,5,0,0,0,51815.00,0.00,4317.00,2159.00,49657.00,2159.00,0.00,0.00,0.00,0.00,0.00,0.00,0.00,0.00,0.00,0.00,0.00,0.00,0.00,0.00,0.00,0.00,0.00,0.00,0.00,0.00,0.00,0.00,0.00,0.00,0.00,0.00,0.00,0.00,0.00,0.00,0.00,0.00,0.00,0.00,0.00,0.00,0.00,0.00,4318.00,2159.00,2159.00,0.00,0.00,0.00,0.00,0.00,0.00,0.00,0.00,3,2,1,0,0.00,0.00,0.00,0.00,0.00,0.00,0.00,0.00,0.00,0.00,0.00,0.00,0.00,0.00,0.00,0.00,0.00,0.00,0.00,0.00,0.00,0.00,0.00,0.00,0.00,0.00,0.00,0.00,0.00,0.00,0.00,0.00,0.00,0.00,0.00,0.00,0.00,0.00,0.00,0.00,0.00,0.00,0.00,0.00,0.00,0.00,0.00,0.00,0.00,0.00,0.00,0.00,0.00,51820.00,0.00,0.00,0.00,0.00,1995.37
0.50,0.00,0.50,0.00,0.50,0.00,7.54,0.00,0.00,90.95,0.00,338.00,0.00,0.00,0.00,0.00,0.00,0.00,25827.00,0.00,0.00,0.00,0.00,0.00,0.00,0.00,0.00,0.00,637720,1142292,1403000,68.75,47232,579004,3752564,183.88,847504,392588,264,613908,100500,7376,28884,0,0,0,0.00,0,0.00,0,0,0.00,26551,7616,36821,0,0,461,0.00,0.00,0.00,0,0.00,0.00,0.00,0.00,0.00,0.00,0.00,0.00,0.00,0.00,0.00,0.00,0.00,0.00,51748.00,2157.00,70794.52,122.17,0.00,0.00,0.00,0.00,0.00,0.00,0.00,0.00,0.00,0.00,0.00,0.00,0.00,0.00,0.00,0.00,0.00,0.00,0.00,0.00,0.00,0.00,0.00,0.00,0.00,0.00,0.00,0.00,0.00,0.00,721,3,5,0,0,0,51744.00,0.00,4312.00,2157.00,49588.00,2156.00,0.00,0.00,0.00,0.00,0.00,0.00,0.00,0.00,0.00,0.00,0.00,0.00,0.00,0.00,0.00,0.00,0.00,0.00,0.00,0.00,0.00,0.00,0.00,0.00,0.00,0.00,0.00,0.00,0.00,0.00,0.00,0.00,0.00,0.00,0.00,0.00,0.00,0.00,4310.00,2156.00,2155.00,0.00,1.00,0.00,0.00,0.00,0.00,0.00,0.00,3,2,1,0,0.00,0.00,0.00,0.00,0.00,0.00,0.00,0.00,0.00,0.00,0.00,0.00,0.00,0.00,0.00,0.00,0.00,0.00,0.00,0.00,0.00,0.00,0.00,0.00,0.00,0.00,0.00,0.00,0.00,0.00,0.00,0.00,0.00,0.00,0.00,0.00,0.00,0.00,0.00,0.00,0.00,0.00,0.00,0.00,0.00,0.00,0.00,0.00,0.00,0.00,0.00,0.00,0.00,51724.00,0.00,0.00,0.00,0.00,1995.37
0.00,0.00,0.00,0.00,0.00,0.00,9.05,0.00,0.00,90.95,0.00,358.00,0.00,0.00,0.00,0.00,0.00,0.00,25411.00,0.00,0.00,0.00,0.00,0.00,0.00,0.00,0.00,0.00,637596,1142168,1403124,68.76,47232,579020,3752564,183.88,847504,392588,280,613908,100500,7376,28884,0,0,0,0.00,0,0.00,0,0,0.00,26551,7616,36821,0,0,461,0.00,0.00,0.00,0,0.00,0.00,0.00,0.00,0.00,0.00,0.00,0.00,0.00,0.00,0.00,0.00,0.00,0.00,50431.00,2104.00,68988.71,119.17,0.00,0.00,0.00,0.00,0.00,0.00,0.00,1.00,0.00,0.00,0.00,0.00,0.00,0.00,0.00,0.00,0.00,0.00,0.00,0.00,0.00,0.00,0.00,0.00,0.00,0.00,0.00,0.00,0.00,0.00,721,3,5,0,0,0,50424.00,0.00,4202.00,2104.00,48323.00,2101.00,0.00,0.00,0.00,0.00,0.00,0.00,0.00,0.00,0.00,0.00,0.00,0.00,0.00,0.00,0.00,0.00,0.00,0.00,0.00,0.00,0.00,0.00,0.00,0.00,0.00,0.00,0.00,0.00,0.00,0.00,0.00,0.00,0.00,0.00,0.00,0.00,0.00,0.00,4203.00,2104.00,2102.00,0.00,3.00,0.00,0.00,0.00,0.00,0.00,0.00,3,2,1,0,0.00,0.00,0.00,0.00,0.00,0.00,0.00,0.00,0.00,0.00,0.00,0.00,0.00,0.00,0.00,0.00,0.00,0.00,0.00,0.00,0.00,0.00,0.00,0.00,0.00,0.00,0.00,0.00,0.00,0.00,0.00,0.00,0.00,0.00,0.00,0.00,0.00,0.00,0.00,0.00,0.00,0.00,0.00,0.00,0.00,0.00,0.00,0.00,0.00,0.00,0.00,0.00,0.00,50407.00,0.00,0.00,0.00,0.00,1995.37
0.50,0.00,0.00,0.00,0.00,0.00,8.50,0.00,0.00,91.00,0.00,345.00,0.00,0.00,0.00,0.00,1.00,0.00,24389.00,0.00,0.00,0.00,0.00,0.00,0.00,0.00,0.00,0.00,637532,1142160,1403188,68.76,47232,579036,3752564,183.88,847504,392644,296,613912,100500,7376,28884,0,0,0,0.00,0,0.00,0,0,0.00,26551,7616,36821,0,0,461,0.00,0.00,0.00,0,0.00,0.00,0.00,0.00,0.00,0.00,0.00,0.00,0.00,0.00,0.00,0.00,0.00,0.00,49926.00,2080.00,68299.22,117.81,0.00,0.00,0.00,0.00,0.00,0.00,0.00,0.00,0.00,0.00,0.00,0.00,0.00,0.00,0.00,0.00,0.00,0.00,0.00,0.00,0.00,0.00,0.00,0.00,0.00,0.00,0.00,0.00,0.00,0.00,721,3,5,0,0,0,49968.00,0.00,4163.00,2082.00,47886.00,2082.00,0.00,0.00,0.00,0.00,0.00,0.00,0.00,0.00,0.00,0.00,0.00,0.00,0.00,0.00,0.00,0.00,0.00,0.00,0.00,0.00,0.00,0.00,0.00,0.00,0.00,0.00,0.00,0.00,0.00,0.00,0.00,0.00,0.00,0.00,0.00,0.00,0.00,0.00,4162.00,2082.00,2080.00,0.00,0.00,0.00,0.00,0.00,0.00,0.00,0.00,3,2,1,0,0.00,0.00,0.00,0.00,0.00,0.00,0.00,0.00,0.00,0.00,0.00,0.00,0.00,0.00,0.00,0.00,0.00,0.00,0.00,0.00,0.00,0.00,0.00,0.00,0.00,0.00,0.00,0.00,0.00,0.00,0.00,0.00,0.00,0.00,0.00,0.00,0.00,0.00,0.00,0.00,0.00,0.00,0.00,0.00,0.00,0.00,0.00,0.00,0.00,0.00,0.00,0.00,0.00,49998.00,0.00,0.00,0.00,0.00,1995.37
0.49,0.00,0.00,0.00,0.00,0.00,10.34,0.00,0.00,89.16,0.00,363.00,0.00,0.00,0.00,0.00,0.00,0.00,24259.00,0.00,0.00,0.00,0.00,0.00,0.00,0.00,0.00,0.00,637468,1142096,1403252,68.76,47232,579052,3752564,183.88,847504,392644,312,613912,100500,7376,28884,0,0,0,0.00,0,0.00,0,0,0.00,26551,7616,36821,0,0,461,0.00,0.00,0.00,0,0.00,0.00,0.00,0.00,0.00,0.00,0.00,0.00,0.00,0.00,0.00,0.00,0.00,0.00,49310.00,2056.00,67446.34,116.45,0.00,0.00,0.00,0.00,0.00,0.00,0.00,1.00,0.00,0.00,0.00,0.00,0.00,0.00,0.00,0.00,0.00,0.00,0.00,0.00,0.00,0.00,0.00,0.00,0.00,0.00,0.00,0.00,0.00,0.00,721,3,5,0,0,0,49257.00,0.00,4109.00,2054.00,47196.00,2052.00,0.00,0.00,0.00,0.00,0.00,0.00,0.00,0.00,0.00,0.00,0.00,0.00,0.00,0.00,0.00,0.00,0.00,0.00,0.00,0.00,0.00,0.00,0.00,0.00,0.00,0.00,0.00,0.00,0.00,0.00,0.00,0.00,0.00,0.00,0.00,0.00,0.00,0.00,4106.00,2054.00,2054.00,0.00,2.00,0.00,0.00,0.00,0.00,0.00,0.00,3,2,1,0,0.00,0.00,0.00,0.00,0.00,0.00,0.00,0.00,0.00,0.00,0.00,0.00,0.00,0.00,0.00,0.00,0.00,0.00,0.00,0.00,0.00,0.00,0.00,0.00,0.00,0.00,0.00,0.00,0.00,0.00,0.00,0.00,0.00,0.00,0.00,0.00,0.00,0.00,0.00,0.00,0.00,0.00,0.00,0.00,0.00,0.00,0.00,0.00,0.00,0.00,0.00,0.00,0.00,49240.00,0.00,0.00,0.00,0.00,1995.37
0.00,0.00,0.50,3.98,0.00,0.00,8.46,0.00,0.00,87.06,0.00,371.00,0.00,0.00,0.00,12.00,0.00,0.00,23331.00,0.00,0.00,0.00,0.00,2.00,0.00,2.00,0.00,24.00,637628,1142260,1403092,68.75,47240,579068,3752564,183.88,847504,392644,328,613912,100504,7376,28884,0,0,0,0.00,0,0.00,0,0,0.00,26551,7616,36821,0,0,461,0.00,0.00,0.00,0,0.00,0.00,0.00,0.00,0.00,0.00,2.00,0.00,12.00,6.00,0.00,44.00,0.00,0.00,48198.00,2008.00,65934.91,113.73,0.00,0.00,0.00,0.00,0.00,0.00,0.00,0.00,0.00,0.00,0.00,0.00,0.00,0.00,0.00,0.00,0.00,0.00,0.00,0.00,0.00,0.00,0.00,0.00,0.00,0.00,0.00,0.00,0.00,0.00,721,3,5,0,0,0,48216.00,0.00,4018.00,2009.00,46207.00,2009.00,0.00,0.00,0.00,0.00,0.00,0.00,0.00,0.00,0.00,0.00,0.00,0.00,0.00,0.00,0.00,0.00,0.00,0.00,0.00,0.00,0.00,0.00,0.00,0.00,0.00,0.00,0.00,0.00,0.00,0.00,0.00,0.00,0.00,0.00,0.00,0.00,0.00,0.00,4018.00,2010.00,2008.00,0.00,0.00,0.00,0.00,0.00,0.00,0.00,0.00,3,2,1,0,0.00,0.00,0.00,0.00,0.00,0.00,0.00,0.00,0.00,0.00,0.00,0.00,0.00,0.00,0.00,0.00,0.00,0.00,0.00,0.00,0.00,0.00,0.00,0.00,0.00,0.00,0.00,0.00,0.00,0.00,0.00,0.00,0.00,0.00,0.00,0.00,0.00,0.00,0.00,0.00,0.00,0.00,0.00,0.00,0.00,0.00,0.00,0.00,0.00,0.00,0.00,0.00,0.00,48244.00,0.00,0.00,0.00,0.00,1995.37
0.49,0.00,0.00,0.00,0.49,0.00,9.36,0.00,0.00,89.66,0.00,354.00,0.00,0.00,0.00,0.00,0.00,0.00,23395.00,0.00,0.00,0.00,0.00,0.00,0.00,0.00,0.00,0.00,637564,1142248,1403156,68.76,47240,579080,3752564,183.88,847516,392688,340,613912,100504,7376,28884,0,0,0,0.00,0,0.00,0,0,0.00,26551,7616,36821,0,0,461,0.00,0.00,0.00,0,0.00,0.00,0.00,0.00,0.00,0.00,0.00,0.00,0.00,0.00,0.00,0.00,0.00,0.00,47338.00,1973.00,64753.17,111.75,0.00,0.00,0.00,0.00,0.00,0.00,0.00,1.00,0.00,0.00,0.00,0.00,0.00,0.00,0.00,0.00,0.00,0.00,0.00,0.00,0.00,0.00,0.00,0.00,0.00,0.00,0.00,0.00,0.00,0.00,721,3,5,0,0,0,47329.00,0.00,3944.00,1973.00,45356.00,1972.00,0.00,0.00,0.00,0.00,0.00,0.00,0.00,0.00,0.00,0.00,0.00,0.00,0.00,0.00,0.00,0.00,0.00,0.00,0.00,0.00,0.00,0.00,0.00,0.00,0.00,0.00,0.00,0.00,0.00,0.00,0.00,0.00,0.00,0.00,0.00,0.00,0.00,0.00,3944.00,1973.00,1972.00,0.00,1.00,0.00,0.00,0.00,0.00,0.00,0.00,3,2,1,0,0.00,0.00,0.00,0.00,0.00,0.00,0.00,0.00,0.00,0.00,0.00,0.00,0.00,0.00,0.00,0.00,0.00,0.00,0.00,0.00,0.00,0.00,0.00,0.00,0.00,0.00,0.00,0.00,0.00,0.00,0.00,0.00,0.00,0.00,0.00,0.00,0.00,0.00,0.00,0.00,0.00,0.00,0.00,0.00,0.00,0.00,0.00,0.00,0.00,0.00,0.00,0.00,0.00,47337.00,0.00,0.00,0.00,0.00,1995.37
0.00,0.00,0.00,0.00,0.00,0.00,9.90,0.00,0.00,90.10,0.00,369.00,0.00,0.00,0.00,0.00,0.00,0.00,22771.00,0.00,0.00,0.00,0.00,0.00,0.00,0.00,0.00,0.00,637468,1142152,1403252,68.76,47240,579096,3752564,183.88,847516,392688,356,613912,100504,7376,28884,0,0,0,0.00,0,0.00,0,0,0.00,26551,7616,36821,0,0,461,0.00,0.00,0.00,0,0.00,0.00,0.00,0.00,0.00,0.00,0.00,0.00,0.00,0.00,0.00,0.00,0.00,0.00,46159.00,1924.00,63143.95,108.98,0.00,0.00,0.00,0.00,0.00,0.00,0.00,2.00,0.00,0.00,0.00,0.00,0.00,0.00,0.00,0.00,0.00,0.00,0.00,0.00,0.00,0.00,0.00,0.00,0.00,0.00,0.00,0.00,0.00,0.00,721,3,5,0,0,0,46151.00,0.00,3845.00,1924.00,44229.00,1923.00,0.00,0.00,0.00,0.00,0.00,0.00,0.00,0.00,0.00,0.00,0.00,0.00,0.00,0.00,0.00,0.00,0.00,0.00,0.00,0.00,0.00,0.00,0.00,0.00,0.00,0.00,0.00,0.00,0.00,0.00,0.00,0.00,0.00,0.00,0.00,0.00,0.00,0.00,3844.00,1923.00,1922.00,0.00,1.00,0.00,0.00,0.00,0.00,0.00,0.00,3,2,1,0,0.00,0.00,0.00,0.00,0.00,0.00,0.00,0.00,0.00,0.00,0.00,0.00,0.00,0.00,0.00,0.00,0.00,0.00,0.00,0.00,0.00,0.00,0.00,0.00,0.00,0.00,0.00,0.00,0.00,0.00,0.00,0.00,0.00,0.00,0.00,0.00,0.00,0.00,0.00,0.00,0.00,0.00,0.00,0.00,0.00,0.00,0.00,0.00,0.00,0.00,0.00,0.00,0.00,46136.00,0.00,0.00,0.00,0.00,1995.37
0.50,0.00,0.00,0.00,0.00,0.00,7.54,0.00,0.00,91.96,0.00,334.00,0.00,0.00,0.00,0.00,0.00,0.00,21963.00,0.00,0.00,0.00,0.00,0.00,0.00,0.00,0.00,0.00,637628,1142312,1403092,68.75,47240,579112,3752564,183.88,847516,392688,372,613912,100504,7376,28884,0,0,0,0.00,0,0.00,0,0,0.00,26551,7616,36821,0,0,461,0.00,0.00,0.00,0,0.00,0.00,0.00,0.00,0.00,0.00,0.00,0.00,0.00,0.00,0.00,0.00,0.00,0.00,45195.00,1884.00,61830.25,106.71,0.00,0.00,0.00,0.00,0.00,0.00,0.00,1.00,0.00,0.00,0.00,0.00,0.00,0.00,0.00,0.00,0.00,0.00,0.00,0.00,0.00,0.00,0.00,0.00,0.00,0.00,0.00,0.00,0.00,0.00,721,3,5,0,0,0,45169.00,0.00,3765.00,1883.00,43286.00,1882.00,0.00,0.00,0.00,0.00,0.00,0.00,0.00,0.00,0.00,0.00,0.00,0.00,0.00,0.00,0.00,0.00,0.00,0.00,0.00,0.00,0.00,0.00,0.00,0.00,0.00,0.00,0.00,0.00,0.00,0.00,0.00,0.00,0.00,0.00,0.00,0.00,0.00,0.00,3766.00,1883.00,1884.00,0.00,1.00,0.00,0.00,0.00,0.00,0.00,0.00,3,2,1,0,0.00,0.00,0.00,0.00,0.00,0.00,0.00,0.00,0.00,0.00,0.00,0.00,0.00,0.00,0.00,0.00,0.00,0.00,0.00,0.00,0.00,0.00,0.00,0.00,0.00,0.00,0.00,0.00,0.00,0.00,0.00,0.00,0.00,0.00,0.00,0.00,0.00,0.00,0.00,0.00,0.00,0.00,0.00,0.00,0.00,0.00,0.00,0.00,0.00,0.00,0.00,0.00,0.00,45219.00,0.00,0.00,0.00,0.00,1995.37
0.50,0.00,0.50,0.00,0.00,0.00,7.54,0.00,0.00,91.46,0.00,343.00,0.00,0.00,0.00,0.00,0.00,0.00,21379.00,0.00,0.00,0.00,0.00,0.00,0.00,0.00,0.00,0.00,637628,1142312,1403092,68.75,47240,579128,3752564,183.88,847516,392688,388,613912,100504,7376,28884,0,0,0,0.00,0,0.00,0,0,0.00,26551,7616,36821,0,0,461,0.00,0.00,0.00,0,0.00,0.00,0.00,0.00,0.00,0.00,0.00,0.00,0.00,0.00,0.00,0.00,0.00,0.00,43780.00,1824.00,59893.10,103.31,0.00,0.00,0.00,0.00,0.00,0.00,0.00,0.00,0.00,0.00,0.00,0.00,0.00,0.00,0.00,0.00,0.00,0.00,0.00,0.00,0.00,0.00,0.00,0.00,0.00,0.00,0.00,0.00,0.00,0.00,721,3,5,0,0,0,43801.00,0.00,3650.00,1825.00,41975.00,1825.00,0.00,0.00,0.00,0.00,0.00,0.00,0.00,0.00,0.00,0.00,0.00,0.00,0.00,0.00,0.00,0.00,0.00,0.00,0.00,0.00,0.00,0.00,0.00,0.00,0.00,0.00,0.00,0.00,0.00,0.00,0.00,0.00,0.00,0.00,0.00,0.00,0.00,0.00,3649.00,1825.00,1824.00,0.00,0.00,0.00,0.00,0.00,0.00,0.00,0.00,3,2,1,0,0.00,0.00,0.00,0.00,0.00,0.00,0.00,0.00,0.00,0.00,0.00,0.00,0.00,0.00,0.00,0.00,0.00,0.00,0.00,0.00,0.00,0.00,0.00,0.00,0.00,0.00,0.00,0.00,0.00,0.00,0.00,0.00,0.00,0.00,0.00,0.00,0.00,0.00,0.00,0.00,0.00,0.00,0.00,0.00,0.00,0.00,0.00,0.00,0.00,0.00,0.00,0.00,0.00,43803.00,0.00,0.00,0.00,0.00,1995.37
0.00,0.00,0.00,1.01,0.00,0.00,8.04,0.00,0.00,90.95,0.00,358.00,0.00,0.00,0.00,12.00,0.00,0.00,21531.00,0.00,0.00,0.00,0.00,2.00,0.00,2.00,0.00,24.00,637376,1142116,1403344,68.77,47248,579144,3752564,183.88,847520,392740,404,613912,100504,7376,28884,0,0,0,0.00,0,0.00,0,0,0.00,26551,7616,36821,0,0,461,0.00,0.00,0.00,0,0.00,0.00,0.00,0.00,0.00,0.00,2.00,0.00,12.00,6.00,0.00,18.00,0.00,0.00,42561.00,1775.00,58218.64,100.54,0.00,0.00,0.00,0.00,0.00,0.00,0.00,1.00,0.00,0.00,0.00,0.00,0.00,0.00,0.00,0.00,0.00,0.00,0.00,0.00,0.00,0.00,0.00,0.00,0.00,0.00,0.00,0.00,0.00,0.00,721,3,5,0,0,0,42529.00,0.00,3545.00,1774.00,40756.00,1772.00,0.00,0.00,0.00,0.00,0.00,0.00,0.00,0.00,0.00,0.00,0.00,0.00,0.00,0.00,0.00,0.00,0.00,0.00,0.00,0.00,0.00,0.00,0.00,0.00,0.00,0.00,0.00,0.00,0.00,0.00,0.00,0.00,0.00,0.00,0.00,0.00,0.00,0.00,3547.00,1775.00,1774.00,0.00,2.00,0.00,0.00,0.00,0.00,0.00,0.00,3,2,1,0,0.00,0.00,0.00,0.00,0.00,0.00,0.00,0.00,0.00,0.00,0.00,0.00,0.00,0.00,0.00,0.00,0.00,0.00,0.00,0.00,0.00,0.00,0.00,0.00,0.00,0.00,0.00,0.00,0.00,0.00,0.00,0.00,0.00,0.00,0.00,0.00,0.00,0.00,0.00,0.00,0.00,0.00,0.00,0.00,0.00,0.00,0.00,0.00,0.00,0.00,0.00,0.00,0.00,42537.00,0.00,0.00,0.00,0.00,1995.37
0.51,0.00,0.00,0.00,0.51,0.00,6.60,0.00,0.00,92.39,0.00,327.00,0.00,0.00,0.00,0.00,0.00,0.00,20923.00,0.00,0.00,0.00,0.00,0.00,0.00,0.00,0.00,0.00,637440,1142180,1403280,68.76,47248,579156,3752564,183.88,847520,392740,416,613912,100504,7376,28884,0,0,0,0.00,0,0.00,0,0,0.00,26551,7616,36821,0,0,461,0.00,0.00,0.00,0,0.00,0.00,0.00,0.00,0.00,0.00,0.00,0.00,0.00,0.00,0.00,0.00,0.00,0.00,41955.00,1748.00,57397.39,99.01,0.00,0.00,0.00,0.00,0.00,0.00,0.00,0.00,0.00,0.00,0.00,0.00,0.00,0.00,0.00,0.00,0.00,0.00,0.00,0.00,0.00,0.00,0.00,0.00,0.00,0.00,0.00,0.00,0.00,0.00,721,3,5,0,0,0,41952.00,0.00,3496.00,1748.00,40204.00,1748.00,0.00,0.00,0.00,0.00,0.00,0.00,0.00,0.00,0.00,0.00,0.00,0.00,0.00,0.00,0.00,0.00,0.00,0.00,0.00,0.00,0.00,0.00,0.00,0.00,0.00,0.00,0.00,0.00,0.00,0.00,0.00,0.00,0.00,0.00,0.00,0.00,0.00,0.00,3495.00,1747.00,1748.00,0.00,0.00,0.00,0.00,0.00,0.00,0.00,0.00,3,2,1,0,0.00,0.00,0.00,0.00,0.00,0.00,0.00,0.00,0.00,0.00,0.00,0.00,0.00,0.00,0.00,0.00,0.00,0.00,0.00,0.00,0.00,0.00,0.00,0.00,0.00,0.00,0.00,0.00,0.00,0.00,0.00,0.00,0.00,0.00,0.00,0.00,0.00,0.00,0.00,0.00,0.00,0.00,0.00,0.00,0.00,0.00,0.00,0.00,0.00,0.00,0.00,0.00,0.00,41931.00,0.00,0.00,0.00,0.00,1995.37
0.00,0.00,0.00,0.00,0.00,0.00,8.00,0.00,0.00,92.00,0.00,342.00,0.00,0.00,0.00,0.00,0.00,0.00,19867.00,0.00,0.00,0.00,0.00,0.00,0.00,0.00,0.00,0.00,637376,1142116,1403344,68.77,47248,579172,3752564,183.88,847520,392740,432,613912,100504,7376,28884,0,0,0,0.00,0,0.00,0,0,0.00,26551,7616,36821,0,0,461,0.00,0.00,0.00,0,0.00,0.00,0.00,0.00,0.00,0.00,0.00,0.00,0.00,0.00,0.00,0.00,0.00,0.00,40970.00,1707.00,56051.19,96.69,0.00,0.00,0.00,0.00,0.00,0.00,0.00,1.00,0.00,0.00,0.00,0.00,0.00,0.00,0.00,0.00,0.00,0.00,0.00,0.00,0.00,0.00,0.00,0.00,0.00,0.00,0.00,0.00,0.00,0.00,721,3,5,0,0,0,40969.00,0.00,3414.00,1707.00,39261.00,1707.00,0.00,0.00,0.00,0.00,0.00,0.00,0.00,0.00,0.00,0.00,0.00,0.00,0.00,0.00,0.00,0.00,0.00,0.00,0.00,0.00,0.00,0.00,0.00,0.00,0.00,0.00,0.00,0.00,0.00,0.00,0.00,0.00,0.00,0.00,0.00,0.00,0.00,0.00,3415.00,1708.00,1707.00,0.00,0.00,0.00,0.00,0.00,0.00,0.00,0.00,3,2,1,0,0.00,0.00,0.00,0.00,0.00,0.00,0.00,0.00,0.00,0.00,0.00,0.00,0.00,0.00,0.00,0.00,0.00,0.00,0.00,0.00,0.00,0.00,0.00,0.00,0.00,0.00,0.00,0.00,0.00,0.00,0.00,0.00,0.00,0.00,0.00,0.00,0.00,0.00,0.00,0.00,0.00,0.00,0.00,0.00,0.00,0.00,0.00,0.00,0.00,0.00,0.00,0.00,0.00,40973.00,0.00,0.00,0.00,0.00,1995.37
0.51,0.00,0.00,0.00,0.00,0.00,6.60,0.00,0.00,92.89,0.00,330.00,0.00,0.00,0.00,0.00,0.00,0.00,20605.00,0.00,0.00,0.00,0.00,0.00,0.00,0.00,0.00,0.00,637472,1142268,1403248,68.76,47248,579188,3752564,183.88,847520,392796,448,613912,100504,7376,28884,0,0,0,0.00,0,0.00,0,0,0.00,26551,7616,36821,0,0,461,0.00,0.00,0.00,0,0.00,0.00,0.00,0.00,0.00,0.00,0.00,0.00,0.00,0.00,0.00,0.00,0.00,0.00,40685.00,1695.00,55657.19,96.01,0.00,0.00,0.00,0.00,0.00,0.00,0.00,0.00,0.00,0.00,0.00,0.00,0.00,0.00,0.00,0.00,0.00,0.00,0.00,0.00,0.00,0.00,0.00,0.00,0.00,0.00,0.00,0.00,0.00,0.00,721,3,5,0,0,0,40704.00,0.00,3392.00,1696.00,39008.00,1696.00,0.00,0.00,0.00,0.00,0.00,0.00,0.00,0.00,0.00,0.00,0.00,0.00,0.00,0.00,0.00,0.00,0.00,0.00,0.00,0.00,0.00,0.00,0.00,0.00,0.00,0.00,0.00,0.00,0.00,0.00,0.00,0.00,0.00,0.00,0.00,0.00,0.00,0.00,3390.00,1695.00,1695.00,0.00,0.00,0.00,0.00,0.00,0.00,0.00,0.00,3,2,1,0,0.00,0.00,0.00,0.00,0.00,0.00,0.00,0.00,0.00,0.00,0.00,0.00,0.00,0.00,0.00,0.00,0.00,0.00,0.00,0.00,0.00,0.00,0.00,0.00,0.00,0.00,0.00,0.00,0.00,0.00,0.00,0.00,0.00,0.00,0.00,0.00,0.00,0.00,0.00,0.00,0.00,0.00,0.00,0.00,0.00,0.00,0.00,0.00,0.00,0.00,0.00,0.00,0.00,40705.00,0.00,0.00,0.00,0.00,1995.37
0.49,0.00,0.49,0.00,0.00,0.00,8.37,0.00,0.00,90.64,0.00,361.00,0.00,0.00,0.00,0.00,0.00,0.00,19763.00,0.00,0.00,0.00,0.00,0.00,0.00,0.00,0.00,0.00,637408,1142204,1403312,68.77,47248,579204,3752564,183.88,847520,392796,464,613912,100508,7376,28884,0,0,0,0.00,0,0.00,0,0,0.00,26551,7616,36821,0,0,461,0.00,0.00,0.00,0,0.00,0.00,0.00,0.00,0.00,0.00,0.00,0.00,0.00,0.00,0.00,0.00,0.00,0.00,39484.00,1646.00,54015.36,93.23,0.00,0.00,0.00,0.00,0.00,0.00,0.00,1.00,0.00,0.00,0.00,0.00,0.00,0.00,0.00,0.00,0.00,0.00,0.00,0.00,0.00,0.00,0.00,0.00,0.00,0.00,0.00,0.00,0.00,0.00,721,3,5,0,0,0,39457.00,0.00,3289.00,1645.00,37812.00,1644.00,0.00,0.00,0.00,0.00,0.00,0.00,0.00,0.00,0.00,0.00,0.00,0.00,0.00,0.00,0.00,0.00,0.00,0.00,0.00,0.00,0.00,0.00,0.00,0.00,0.00,0.00,0.00,0.00,0.00,0.00,0.00,0.00,0.00,0.00,0.00,0.00,0.00,0.00,3289.00,1645.00,1645.00,0.00,1.00,0.00,0.00,0.00,0.00,0.00,0.00,3,2,1,0,0.00,0.00,0.00,0.00,0.00,0.00,0.00,0.00,0.00,0.00,0.00,0.00,0.00,0.00,0.00,0.00,0.00,0.00,0.00,0.00,0.00,0.00,0.00,0.00,0.00,0.00,0.00,0.00,0.00,0.00,0.00,0.00,0.00,0.00,0.00,0.00,0.00,0.00,0.00,0.00,0.00,0.00,0.00,0.00,0.00,0.00,0.00,0.00,0.00,0.00,0.00,0.00,0.00,39438.00,0.00,0.00,0.00,0.00,1995.37
0.00,0.00,0.00,1.46,0.00,0.00,10.68,0.00,0.00,87.86,0.00,380.00,0.00,0.00,0.00,12.00,0.00,0.00,19331.00,0.00,0.00,0.00,0.00,2.00,0.00,2.00,0.00,24.00,637376,1142172,1403344,68.77,47256,579220,3752564,183.88,847520,392796,480,613912,100508,7376,28884,0,0,0,0.00,0,0.00,0,0,0.00,26551,7616,36821,0,0,461,0.00,0.00,0.00,0,0.00,0.00,0.00,0.00,0.00,0.00,2.00,0.00,12.00,6.00,0.00,14.00,0.00,0.00,38449.00,1603.00,52603.35,90.79,0.00,0.00,0.00,0.00,0.00,0.00,0.00,0.00,0.00,0.00,0.00,0.00,0.00,0.00,0.00,0.00,0.00,0.00,0.00,0.00,0.00,0.00,0.00,0.00,0.00,0.00,0.00,0.00,0.00,0.00,721,3,5,0,0,0,38471.00,0.00,3204.00,1604.00,36869.00,1603.00,0.00,0.00,0.00,0.00,0.00,0.00,0.00,0.00,0.00,0.00,0.00,0.00,0.00,0.00,0.00,0.00,0.00,0.00,0.00,0.00,0.00,0.00,0.00,0.00,0.00,0.00,0.00,0.00,0.00,0.00,0.00,0.00,0.00,0.00,0.00,0.00,0.00,0.00,3204.00,1604.00,1601.00,0.00,1.00,0.00,0.00,0.00,0.00,0.00,0.00,3,2,1,0,0.00,0.00,0.00,0.00,0.00,0.00,0.00,0.00,0.00,0.00,0.00,0.00,0.00,0.00,0.00,0.00,0.00,0.00,0.00,0.00,0.00,0.00,0.00,0.00,0.00,0.00,0.00,0.00,0.00,0.00,0.00,0.00,0.00,0.00,0.00,0.00,0.00,0.00,0.00,0.00,0.00,0.00,0.00,0.00,0.00,0.00,0.00,0.00,0.00,0.00,0.00,0.00,0.00,38473.00,0.00,0.00,0.00,0.00,1995.37
0.00,0.00,0.49,0.00,0.49,0.00,7.88,0.00,0.00,91.13,0.00,354.00,0.00,0.00,0.00,0.00,0.00,0.00,18955.00,0.00,0.00,0.00,0.00,0.00,0.00,0.00,0.00,0.00,637344,1142196,1403376,68.77,47256,579232,3752564,183.88,847528,392844,492,613912,100508,7376,28884,0,0,0,0.00,0,0.00,0,0,0.00,26551,7616,36821,0,0,461,0.00,0.00,0.00,0,0.00,0.00,0.00,0.00,0.00,0.00,0.00,0.00,0.00,0.00,0.00,0.00,0.00,0.00,37657.00,1571.00,51519.66,88.98,0.00,0.00,0.00,0.00,0.00,0.00,0.00,1.00,0.00,0.00,0.00,0.00,0.00,0.00,0.00,0.00,0.00,0.00,0.00,0.00,0.00,0.00,0.00,0.00,0.00,0.00,0.00,0.00,0.00,0.00,721,3,5,0,0,0,37630.00,0.00,3134.00,1570.00,36064.00,1568.00,0.00,0.00,0.00,0.00,0.00,0.00,0.00,0.00,0.00,0.00,0.00,0.00,0.00,0.00,0.00,0.00,0.00,0.00,0.00,0.00,0.00,0.00,0.00,0.00,0.00,0.00,0.00,0.00,0.00,0.00,0.00,0.00,0.00,0.00,0.00,0.00,0.00,0.00,3135.00,1571.00,1566.00,0.00,2.00,0.00,0.00,0.00,0.00,0.00,0.00,3,2,1,0,0.00,0.00,0.00,0.00,0.00,0.00,0.00,0.00,0.00,0.00,0.00,0.00,0.00,0.00,0.00,0.00,0.00,0.00,0.00,0.00,0.00,0.00,0.00,0.00,0.00,0.00,0.00,0.00,0.00,0.00,0.00,0.00,0.00,0.00,0.00,0.00,0.00,0.00,0.00,0.00,0.00,0.00,0.00,0.00,0.00,0.00,0.00,0.00,0.00,0.00,0.00,0.00,0.00,37658.00,0.00,0.00,0.00,0.00,1995.37
0.00,0.00,0.00,0.00,0.00,0.00,5.64,0.00,0.00,94.36,0.00,327.00,0.00,0.00,0.00,508.00,0.00,0.00,18027.00,0.00,0.00,0.00,0.00,2.00,0.00,2.00,0.00,1016.00,637284,1142136,1403436,68.77,47256,579248,3752564,183.88,847528,392844,4,613912,100508,7376,28884,0,0,0,0.00,0,0.00,0,0,0.00,26551,7616,36821,0,0,461,0.00,0.00,0.00,0,0.00,0.00,0.00,0.00,0.00,0.00,2.00,0.00,508.00,254.00,0.00,0.00,0.00,0.00,36410.00,1520.00,49812.23,86.09,0.00,0.00,0.00,0.00,0.00,0.00,0.00,0.00,0.00,0.00,0.00,0.00,0.00,0.00,0.00,0.00,0.00,0.00,0.00,0.00,0.00,0.00,0.00,0.00,0.00,0.00,0.00,0.00,0.00,0.00,721,3,5,0,0,0,36409.00,0.00,3035.00,1520.00,34891.00,1517.00,0.00,0.00,0.00,0.00,0.00,0.00,0.00,0.00,0.00,0.00,0.00,0.00,0.00,0.00,0.00,0.00,0.00,0.00,0.00,0.00,0.00,0.00,0.00,0.00,0.00,0.00,0.00,0.00,0.00,0.00,0.00,0.00,0.00,0.00,0.00,0.00,0.00,0.00,3034.00,1519.00,1518.00,0.00,3.00,0.00,0.00,0.00,0.00,0.00,0.00,3,2,1,0,0.00,0.00,0.00,0.00,0.00,0.00,0.00,0.00,0.00,0.00,0.00,0.00,0.00,0.00,0.00,0.00,0.00,0.00,0.00,0.00,0.00,0.00,0.00,0.00,0.00,0.00,0.00,0.00,0.00,0.00,0.00,0.00,0.00,0.00,0.00,0.00,0.00,0.00,0.00,0.00,0.00,0.00,0.00,0.00,0.00,0.00,0.00,0.00,0.00,0.00,0.00,0.00,0.00,36386.00,0.00,0.00,0.00,0.00,1995.37
0.50,0.00,0.50,0.00,0.00,0.00,6.50,0.00,0.00,92.50,0.00,341.00,0.00,0.00,0.00,0.00,0.00,0.00,17267.00,0.00,0.00,0.00,0.00,0.00,0.00,0.00,0.00,0.00,637284,1142136,1403436,68.77,47256,579264,3752564,183.88,847528,392844,24,613912,100508,7376,28884,0,0,0,0.00,0,0.00,0,0,0.00,26551,7616,36821,0,0,461,0.00,0.00,0.00,0,0.00,0.00,0.00,0.00,0.00,0.00,0.00,0.00,0.00,0.00,0.00,0.00,0.00,0.00,35387.00,1477.00,48400.96,83.64,0.00,0.00,0.00,0.00,0.00,0.00,0.00,1.00,0.00,0.00,0.00,0.00,0.00,0.00,0.00,0.00,0.00,0.00,0.00,0.00,0.00,0.00,0.00,0.00,0.00,0.00,0.00,0.00,0.00,0.00,721,3,5,0,0,0,35401.00,0.00,2950.00,1477.00,33925.00,1475.00,0.00,0.00,0.00,0.00,0.00,0.00,0.00,0.00,0.00,0.00,0.00,0.00,0.00,0.00,0.00,0.00,0.00,0.00,0.00,0.00,0.00,0.00,0.00,0.00,0.00,0.00,0.00,0.00,0.00,0.00,0.00,0.00,0.00,0.00,0.00,0.00,0.00,0.00,2950.00,1477.00,1475.00,0.00,2.00,0.00,0.00,0.00,0.00,0.00,0.00,3,2,1,0,0.00,0.00,0.00,0.00,0.00,0.00,0.00,0.00,0.00,0.00,0.00,0.00,0.00,0.00,0.00,0.00,0.00,0.00,0.00,0.00,0.00,0.00,0.00,0.00,0.00,0.00,0.00,0.00,0.00,0.00,0.00,0.00,0.00,0.00,0.00,0.00,0.00,0.00,0.00,0.00,0.00,0.00,0.00,0.00,0.00,0.00,0.00,0.00,0.00,0.00,0.00,0.00,0.00,35434.00,0.00,0.00,0.00,0.00,1995.37
0.48,0.00,0.00,0.00,0.00,0.00,11.06,0.00,0.00,88.46,0.00,381.00,0.00,0.00,0.00,0.00,0.00,0.00,17427.00,0.00,0.00,0.00,0.00,0.00,0.00,0.00,0.00,0.00,637348,1142200,1403372,68.77,47256,579280,3752564,183.88,847528,392844,36,613912,100508,7376,28884,0,0,0,0.00,0,0.00,0,0,0.00,26551,7616,36821,0,0,461,0.00,0.00,0.00,0,0.00,0.00,0.00,0.00,0.00,0.00,0.00,0.00,0.00,0.00,0.00,0.00,0.00,0.00,34444.00,1437.00,47120.07,81.39,0.00,0.00,0.00,0.00,0.00,0.00,0.00,0.00,0.00,0.00,0.00,0.00,0.00,0.00,0.00,0.00,0.00,0.00,0.00,0.00,0.00,0.00,0.00,0.00,0.00,0.00,0.00,0.00,0.00,0.00,721,3,5,0,0,0,34418.00,0.00,2868.00,1436.00,32982.00,1434.00,0.00,0.00,0.00,0.00,0.00,0.00,0.00,0.00,0.00,0.00,0.00,0.00,0.00,0.00,0.00,0.00,0.00,0.00,0.00,0.00,0.00,0.00,0.00,0.00,0.00,0.00,0.00,0.00,0.00,0.00,0.00,0.00,0.00,0.00,0.00,0.00,0.00,0.00,2869.00,1436.00,1435.00,0.00,2.00,0.00,0.00,0.00,0.00,0.00,0.00,3,2,1,0,0.00,0.00,0.00,0.00,0.00,0.00,0.00,0.00,0.00,0.00,0.00,0.00,0.00,0.00,0.00,0.00,0.00,0.00,0.00,0.00,0.00,0.00,0.00,0.00,0.00,0.00,0.00,0.00,0.00,0.00,0.00,0.00,0.00,0.00,0.00,0.00,0.00,0.00,0.00,0.00,0.00,0.00,0.00,0.00,0.00,0.00,0.00,0.00,0.00,0.00,0.00,0.00,0.00,34398.00,0.00,0.00,0.00,0.00,1995.37
0.00,0.00,0.50,4.46,0.50,0.00,6.93,0.00,0.00,87.62,0.00,348.00,0.00,0.00,0.00,20.00,0.00,0.00,15931.00,0.00,0.00,0.00,0.00,2.00,0.00,2.00,0.00,40.00,637284,1142192,1403436,68.77,47264,579296,3752564,183.88,847532,392896,60,613912,100508,7376,28884,0,0,0,0.00,0,0.00,0,0,0.00,26551,7616,36821,0,0,461,0.00,0.00,0.00,0,0.00,0.00,0.00,0.00,0.00,0.00,2.00,0.00,20.00,10.00,0.00,54.00,0.00,0.00,32619.00,1359.00,44624.37,76.97,0.00,0.00,0.00,0.00,0.00,0.00,0.00,1.00,0.00,0.00,0.00,0.00,0.00,0.00,0.00,0.00,0.00,0.00,0.00,0.00,0.00,0.00,0.00,0.00,0.00,0.00,0.00,0.00,0.00,0.00,721,3,5,0,0,0,32618.00,0.00,2719.00,1359.00,31257.00,1359.00,0.00,0.00,0.00,0.00,0.00,0.00,0.00,0.00,0.00,0.00,0.00,0.00,0.00,0.00,0.00,0.00,0.00,0.00,0.00,0.00,0.00,0.00,0.00,0.00,0.00,0.00,0.00,0.00,0.00,0.00,0.00,0.00,0.00,0.00,0.00,0.00,0.00,0.00,2718.00,1359.00,1360.00,0.00,0.00,0.00,0.00,0.00,0.00,0.00,0.00,3,2,1,0,0.00,0.00,0.00,0.00,0.00,0.00,0.00,0.00,0.00,0.00,0.00,0.00,0.00,0.00,0.00,0.00,0.00,0.00,0.00,0.00,0.00,0.00,0.00,0.00,0.00,0.00,0.00,0.00,0.00,0.00,0.00,0.00,0.00,0.00,0.00,0.00,0.00,0.00,0.00,0.00,0.00,0.00,0.00,0.00,0.00,0.00,0.00,0.00,0.00,0.00,0.00,0.00,0.00,32618.00,0.00,0.00,0.00,0.00,1995.37
1.02,0.00,0.00,0.00,0.00,0.00,5.10,0.00,0.00,93.88,0.00,454.00,0.00,0.00,0.00,0.00,0.00,0.00,16171.00,0.00,0.00,0.00,0.00,0.00,0.00,0.00,0.00,0.00,637348,1142256,1403372,68.77,47264,579308,3752564,183.88,847532,392896,72,613912,100508,7376,28884,0,0,0,0.00,0,0.00,0,0,0.00,26551,7616,36821,0,0,461,0.00,0.00,0.00,0,0.00,0.00,0.00,0.00,0.00,0.00,0.00,0.00,0.00,0.00,0.00,0.00,0.00,0.00,32164.00,1341.00,44000.54,75.96,0.00,0.00,0.00,0.00,0.00,0.00,0.00,0.00,0.00,0.00,0.00,0.00,0.00,0.00,0.00,0.00,0.00,0.00,0.00,0.00,0.00,0.00,0.00,0.00,0.00,0.00,0.00,0.00,0.00,0.00,721,3,5,0,0,0,32162.00,0.00,2681.00,1341.00,30820.00,1340.00,0.00,0.00,0.00,0.00,0.00,0.00,0.00,0.00,0.00,0.00,0.00,0.00,0.00,0.00,0.00,0.00,0.00,0.00,0.00,0.00,0.00,0.00,0.00,0.00,0.00,0.00,0.00,0.00,0.00,0.00,0.00,0.00,0.00,0.00,0.00,0.00,0.00,0.00,2683.00,1342.00,1341.00,0.00,1.00,0.00,0.00,0.00,0.00,0.00,0.00,3,2,1,0,0.00,0.00,0.00,0.00,0.00,0.00,0.00,0.00,0.00,0.00,0.00,0.00,0.00,0.00,0.00,0.00,0.00,0.00,0.00,0.00,0.00,0.00,0.00,0.00,0.00,0.00,0.00,0.00,0.00,0.00,0.00,0.00,0.00,0.00,0.00,0.00,0.00,0.00,0.00,0.00,0.00,0.00,0.00,0.00,0.00,0.00,0.00,0.00,0.00,0.00,0.00,0.00,0.00,32187.00,0.00,0.00,0.00,0.00,1995.37
0.00,0.00,0.49,0.00,0.00,0.00,8.37,0.00,0.00,91.13,0.00,352.00,0.00,0.00,0.00,0.00,0.00,0.00,16171.00,0.00,0.00,0.00,0.00,0.00,0.00,0.00,0.00,0.00,637316,1142224,1403404,68.77,47264,579324,3752564,183.88,847532,392896,88,613912,100508,7376,28884,0,0,0,0.00,0,0.00,0,0,0.00,26551,7616,36821,0,0,461,0.00,0.00,0.00,0,0.00,0.00,0.00,0.00,0.00,0.00,0.00,0.00,0.00,0.00,0.00,0.00,0.00,0.00,31954.00,1333.00,43705.33,75.50,0.00,0.00,0.00,0.00,0.00,0.00,0.00,1.00,0.00,0.00,0.00,0.00,0.00,0.00,0.00,0.00,0.00,0.00,0.00,0.00,0.00,0.00,0.00,0.00,0.00,0.00,0.00,0.00,0.00,0.00,721,3,5,0,0,0,31944.00,0.00,2661.00,1333.00,30613.00,1331.00,0.00,0.00,0.00,0.00,0.00,0.00,0.00,0.00,0.00,0.00,0.00,0.00,0.00,0.00,0.00,0.00,0.00,0.00,0.00,0.00,0.00,0.00,0.00,0.00,0.00,0.00,0.00,0.00,0.00,0.00,0.00,0.00,0.00,0.00,0.00,0.00,0.00,0.00,2661.00,1333.00,1330.00,0.00,2.00,0.00,0.00,0.00,0.00,0.00,0.00,3,2,1,0,0.00,0.00,0.00,0.00,0.00,0.00,0.00,0.00,0.00,0.00,0.00,0.00,0.00,0.00,0.00,0.00,0.00,0.00,0.00,0.00,0.00,0.00,0.00,0.00,0.00,0.00,0.00,0.00,0.00,0.00,0.00,0.00,0.00,0.00,0.00,0.00,0.00,0.00,0.00,0.00,0.00,0.00,0.00,0.00,0.00,0.00,0.00,0.00,0.00,0.00,0.00,0.00,0.00,31930.00,0.00,0.00,0.00,0.00,1995.37
0.50,0.00,0.00,0.00,0.00,0.00,7.46,0.00,0.00,92.04,0.00,423.00,0.00,0.00,0.00,0.00,0.00,0.00,14659.00,0.00,0.00,0.00,0.00,0.00,0.00,0.00,0.00,0.00,637252,1142216,1403468,68.77,47264,579340,3752564,183.88,847532,392952,104,613912,100508,7376,28884,0,0,0,0.00,0,0.00,0,0,0.00,26551,7616,36821,0,0,461,0.00,0.00,0.00,0,0.00,0.00,0.00,0.00,0.00,0.00,0.00,0.00,0.00,0.00,0.00,0.00,0.00,0.00,30073.00,1253.00,41143.49,70.97,0.00,0.00,0.00,0.00,0.00,0.00,0.00,0.00,0.00,0.00,0.00,0.00,0.00,0.00,0.00,0.00,0.00,0.00,0.00,0.00,0.00,0.00,0.00,0.00,0.00,0.00,0.00,0.00,0.00,0.00,721,3,5,0,0,0,30071.00,0.00,2505.00,1253.00,28819.00,1253.00,0.00,0.00,0.00,0.00,0.00,0.00,0.00,0.00,0.00,0.00,0.00,0.00,0.00,0.00,0.00,0.00,0.00,0.00,0.00,0.00,0.00,0.00,0.00,0.00,0.00,0.00,0.00,0.00,0.00,0.00,0.00,0.00,0.00,0.00,0.00,0.00,0.00,0.00,2504.00,1252.00,1252.00,0.00,0.00,0.00,0.00,0.00,0.00,0.00,0.00,3,2,1,0,0.00,0.00,0.00,0.00,0.00,0.00,0.00,0.00,0.00,0.00,0.00,0.00,0.00,0.00,0.00,0.00,0.00,0.00,0.00,0.00,0.00,0.00,0.00,0.00,0.00,0.00,0.00,0.00,0.00,0.00,0.00,0.00,0.00,0.00,0.00,0.00,0.00,0.00,0.00,0.00,0.00,0.00,0.00,0.00,0.00,0.00,0.00,0.00,0.00,0.00,0.00,0.00,0.00,30074.00,0.00,0.00,0.00,0.00,1995.37
0.00,0.00,0.50,0.00,0.00,0.00,6.97,0.00,0.00,92.54,0.00,409.00,0.00,0.00,0.00,0.00,0.00,0.00,14553.00,0.00,0.00,0.00,0.00,0.00,0.00,0.00,0.00,0.00,637096,1142064,1403624,68.78,47264,579356,3752564,183.88,847532,392952,120,613912,100512,7376,28884,0,0,0,0.00,0,0.00,0,0,0.00,26551,7616,36821,0,0,461,0.00,0.00,0.00,0,0.00,0.00,0.00,0.00,0.00,0.00,0.00,0.00,0.00,0.00,0.00,0.00,0.00,0.00,29378.00,1226.00,40191.30,69.44,0.00,0.00,0.00,0.00,0.00,0.00,0.00,1.00,0.00,0.00,0.00,0.00,0.00,0.00,0.00,0.00,0.00,0.00,0.00,0.00,0.00,0.00,0.00,0.00,0.00,0.00,0.00,0.00,0.00,0.00,721,3,5,0,0,0,29377.00,0.00,2449.00,1226.00,28152.00,1224.00,0.00,0.00,0.00,0.00,0.00,0.00,0.00,0.00,0.00,0.00,0.00,0.00,0.00,0.00,0.00,0.00,0.00,0.00,0.00,0.00,0.00,0.00,0.00,0.00,0.00,0.00,0.00,0.00,0.00,0.00,0.00,0.00,0.00,0.00,0.00,0.00,0.00,0.00,2448.00,1226.00,1224.00,0.00,2.00,0.00,0.00,0.00,0.00,0.00,0.00,3,2,1,0,0.00,0.00,0.00,0.00,0.00,0.00,0.00,0.00,0.00,0.00,0.00,0.00,0.00,0.00,0.00,0.00,0.00,0.00,0.00,0.00,0.00,0.00,0.00,0.00,0.00,0.00,0.00,0.00,0.00,0.00,0.00,0.00,0.00,0.00,0.00,0.00,0.00,0.00,0.00,0.00,0.00,0.00,0.00,0.00,0.00,0.00,0.00,0.00,0.00,0.00,0.00,0.00,0.00,29401.00,0.00,0.00,0.00,0.00,1995.37
0.50,0.00,0.00,0.50,0.50,0.00,6.00,0.00,0.00,92.50,0.00,334.00,0.00,0.00,0.00,12.00,0.00,0.00,14459.00,0.00,0.00,0.00,0.00,1.00,0.00,1.00,0.00,16.00,637096,1142064,1403624,68.78,47272,579364,3752564,183.88,847532,392952,136,613912,100512,7376,28884,0,0,0,0.00,0,0.00,0,0,0.00,26551,7616,36821,0,0,461,0.00,0.00,0.00,1,0.00,0.00,0.00,0.00,0.00,0.00,1.00,0.00,8.00,8.00,0.00,0.00,0.00,0.00,28588.00,1191.00,39107.82,67.46,0.00,0.00,0.00,0.00,0.00,0.00,0.00,0.00,0.00,0.00,0.00,0.00,0.00,0.00,0.00,0.00,0.00,0.00,0.00,0.00,0.00,0.00,0.00,0.00,0.00,0.00,0.00,0.00,0.00,0.00,721,3,5,0,0,0,28585.00,0.00,2383.00,1191.00,27393.00,1191.00,0.00,0.00,0.00,0.00,0.00,0.00,0.00,0.00,0.00,0.00,0.00,0.00,0.00,0.00,0.00,0.00,0.00,0.00,0.00,0.00,0.00,0.00,0.00,0.00,0.00,0.00,0.00,0.00,0.00,0.00,0.00,0.00,0.00,0.00,0.00,0.00,0.00,0.00,2384.00,1192.00,1192.00,0.00,0.00,0.00,0.00,0.00,0.00,0.00,0.00,3,2,1,0,0.00,0.00,0.00,0.00,0.00,0.00,0.00,0.00,0.00,0.00,0.00,0.00,0.00,0.00,0.00,0.00,0.00,0.00,0.00,0.00,0.00,0.00,0.00,0.00,0.00,0.00,0.00,0.00,0.00,0.00,0.00,0.00,0.00,0.00,0.00,0.00,0.00,0.00,0.00,0.00,0.00,0.00,0.00,0.00,0.00,0.00,0.00,0.00,0.00,0.00,0.00,0.00,0.00,28587.00,0.00,0.00,0.00,0.00,1995.37
0.00,0.00,0.00,1.50,0.00,0.00,6.50,0.00,0.00,92.00,0.00,353.00,0.00,0.00,0.00,0.00,0.00,0.00,13811.00,0.00,0.00,0.00,0.00,1.00,0.00,1.00,0.00,8.00,637160,1142184,1403560,68.78,47272,579384,3752564,183.88,847540,393000,148,613912,100512,7376,28884,0,0,0,0.00,0,0.00,0,0,0.00,26551,7616,36821,0,0,461,0.00,0.00,0.00,0,0.00,0.00,0.00,0.00,0.00,0.00,1.00,0.00,4.00,4.00,0.00,48.00,0.00,0.00,27583.00,1149.00,37729.02,65.08,0.00,0.00,0.00,0.00,0.00,0.00,0.00,1.00,0.00,0.00,0.00,0.00,0.00,0.00,0.00,0.00,0.00,0.00,0.00,0.00,0.00,0.00,0.00,0.00,0.00,0.00,0.00,0.00,0.00,0.00,721,3,5,0,0,0,27576.00,0.00,2297.00,1149.00,26427.00,1149.00,0.00,0.00,0.00,0.00,0.00,0.00,0.00,0.00,0.00,0.00,0.00,0.00,0.00,0.00,0.00,0.00,0.00,0.00,0.00,0.00,0.00,0.00,0.00,0.00,0.00,0.00,0.00,0.00,0.00,0.00,0.00,0.00,0.00,0.00,0.00,0.00,0.00,0.00,2297.00,1149.00,1148.00,0.00,0.00,0.00,0.00,0.00,0.00,0.00,0.00,3,2,1,0,0.00,0.00,0.00,0.00,0.00,0.00,0.00,0.00,0.00,0.00,0.00,0.00,0.00,0.00,0.00,0.00,0.00,0.00,0.00,0.00,0.00,0.00,0.00,0.00,0.00,0.00,0.00,0.00,0.00,0.00,0.00,0.00,0.00,0.00,0.00,0.00,0.00,0.00,0.00,0.00,0.00,0.00,0.00,0.00,0.00,0.00,0.00,0.00,0.00,0.00,0.00,0.00,0.00,27561.00,0.00,0.00,0.00,0.00,1995.37
0.00,0.00,0.52,0.00,0.00,0.00,3.61,0.00,0.00,95.88,0.00,320.00,0.00,0.00,0.00,0.00,0.00,0.00,13187.00,0.00,0.00,0.00,0.00,0.00,0.00,0.00,0.00,0.00,637064,1142088,1403656,68.78,47272,579400,3752564,183.88,847540,393000,164,613912,100512,7376,28884,0,0,0,0.00,0,0.00,0,0,0.00,26551,7616,36821,0,0,461,0.00,0.00,0.00,0,0.00,0.00,0.00,0.00,0.00,0.00,0.00,0.00,0.00,0.00,0.00,0.00,0.00,0.00,26451.00,1102.00,36185.37,62.42,0.00,0.00,0.00,0.00,0.00,0.00,0.00,0.00,0.00,0.00,0.00,0.00,0.00,0.00,0.00,0.00,0.00,0.00,0.00,0.00,0.00,0.00,0.00,0.00,0.00,0.00,0.00,0.00,0.00,0.00,721,3,5,0,0,0,26449.00,0.00,2205.00,1102.00,25346.00,1102.00,0.00,0.00,0.00,0.00,0.00,0.00,0.00,0.00,0.00,0.00,0.00,0.00,0.00,0.00,0.00,0.00,0.00,0.00,0.00,0.00,0.00,0.00,0.00,0.00,0.00,0.00,0.00,0.00,0.00,0.00,0.00,0.00,0.00,0.00,0.00,0.00,0.00,0.00,2204.00,1101.00,1103.00,0.00,0.00,0.00,0.00,0.00,0.00,0.00,0.00,3,2,1,0,0.00,0.00,0.00,0.00,0.00,0.00,0.00,0.00,0.00,0.00,0.00,0.00,0.00,0.00,0.00,0.00,0.00,0.00,0.00,0.00,0.00,0.00,0.00,0.00,0.00,0.00,0.00,0.00,0.00,0.00,0.00,0.00,0.00,0.00,0.00,0.00,0.00,0.00,0.00,0.00,0.00,0.00,0.00,0.00,0.00,0.00,0.00,0.00,0.00,0.00,0.00,0.00,0.00,26450.00,0.00,0.00,0.00,0.00,1995.37
0.49,0.00,0.00,0.00,0.00,0.00,7.88,0.00,0.00,91.63,0.00,341.00,0.00,0.00,0.00,0.00,0.00,0.00,14403.00,0.00,0.00,0.00,0.00,0.00,0.00,0.00,0.00,0.00,637096,1142120,1403624,68.78,47272,579416,3752564,183.88,847540,393000,180,613912,100512,7376,28884,0,0,0,0.00,0,0.00,0,0,0.00,26551,7616,36821,0,0,461,0.00,0.00,0.00,0,0.00,0.00,0.00,0.00,0.00,0.00,0.00,0.00,0.00,0.00,0.00,0.00,0.00,0.00,29164.00,1216.00,39895.90,68.88,0.00,0.00,0.00,0.00,0.00,0.00,0.00,1.00,0.00,0.00,0.00,0.00,0.00,0.00,0.00,0.00,0.00,0.00,0.00,0.00,0.00,0.00,0.00,0.00,0.00,0.00,0.00,0.00,0.00,0.00,721,3,5,0,0,0,29160.00,0.00,2430.00,1216.00,27945.00,1215.00,0.00,0.00,0.00,0.00,0.00,0.00,0.00,0.00,0.00,0.00,0.00,0.00,0.00,0.00,0.00,0.00,0.00,0.00,0.00,0.00,0.00,0.00,0.00,0.00,0.00,0.00,0.00,0.00,0.00,0.00,0.00,0.00,0.00,0.00,0.00,0.00,0.00,0.00,2431.00,1216.00,1216.00,0.00,1.00,0.00,0.00,0.00,0.00,0.00,0.00,3,2,1,0,0.00,0.00,0.00,0.00,0.00,0.00,0.00,0.00,0.00,0.00,0.00,0.00,0.00,0.00,0.00,0.00,0.00,0.00,0.00,0.00,0.00,0.00,0.00,0.00,0.00,0.00,0.00,0.00,0.00,0.00,0.00,0.00,0.00,0.00,0.00,0.00,0.00,0.00,0.00,0.00,0.00,0.00,0.00,0.00,0.00,0.00,0.00,0.00,0.00,0.00,0.00,0.00,0.00,29188.00,0.00,0.00,0.00,0.00,1995.37
0.00,0.00,0.49,0.00,0.49,0.00,6.90,0.00,0.00,92.12,0.00,332.00,0.00,0.00,0.00,0.00,0.00,0.00,12619.00,0.00,0.00,0.00,0.00,0.00,0.00,0.00,0.00,0.00,637128,1142152,1403592,68.78,47272,579432,3752564,183.88,847540,393000,196,613912,100512,7376,28884,0,0,0,0.00,0,0.00,0,0,0.00,26551,7616,36821,0,0,461,0.00,0.00,0.00,0,0.00,0.00,0.00,0.00,0.00,0.00,0.00,0.00,0.00,0.00,0.00,0.00,0.00,0.00,25155.00,1048.00,34412.36,59.36,0.00,0.00,0.00,0.00,0.00,0.00,0.00,0.00,0.00,0.00,0.00,0.00,0.00,0.00,0.00,0.00,0.00,0.00,0.00,0.00,0.00,0.00,0.00,0.00,0.00,0.00,0.00,0.00,0.00,0.00,721,3,5,0,0,0,25175.00,0.00,2096.00,1049.00,24127.00,1049.00,0.00,0.00,0.00,0.00,0.00,0.00,0.00,0.00,0.00,0.00,0.00,0.00,0.00,0.00,0.00,0.00,0.00,0.00,0.00,0.00,0.00,0.00,0.00,0.00,0.00,0.00,0.00,0.00,0.00,0.00,0.00,0.00,0.00,0.00,0.00,0.00,0.00,0.00,2095.00,1049.00,1046.00,0.00,0.00,0.00,0.00,0.00,0.00,0.00,0.00,3,2,1,0,0.00,0.00,0.00,0.00,0.00,0.00,0.00,0.00,0.00,0.00,0.00,0.00,0.00,0.00,0.00,0.00,0.00,0.00,0.00,0.00,0.00,0.00,0.00,0.00,0.00,0.00,0.00,0.00,0.00,0.00,0.00,0.00,0.00,0.00,0.00,0.00,0.00,0.00,0.00,0.00,0.00,0.00,0.00,0.00,0.00,0.00,0.00,0.00,0.00,0.00,0.00,0.00,0.00,25155.00,0.00,0.00,0.00,0.00,1995.37
0.00,0.00,0.50,0.00,0.00,0.00,6.93,0.00,0.00,92.57,0.00,340.00,0.00,0.00,0.00,0.00,0.00,0.00,12651.00,0.00,0.00,0.00,0.00,0.00,0.00,0.00,0.00,0.00,637128,1142208,1403592,68.78,47272,579448,3752564,183.88,847540,393056,212,613912,100512,7376,28884,0,0,0,0.00,0,0.00,0,0,0.00,26551,7616,36821,0,0,461,0.00,0.00,0.00,0,0.00,0.00,0.00,0.00,0.00,0.00,0.00,0.00,0.00,0.00,0.00,0.00,0.00,0.00,25497.00,1064.00,34872.29,60.27,0.00,0.00,0.00,0.00,0.00,0.00,0.00,1.00,0.00,0.00,0.00,0.00,0.00,0.00,0.00,0.00,0.00,0.00,0.00,0.00,0.00,0.00,0.00,0.00,0.00,0.00,0.00,0.00,0.00,0.00,721,3,5,0,0,0,25466.00,0.00,2124.00,1063.00,24403.00,1061.00,0.00,0.00,0.00,0.00,0.00,0.00,0.00,0.00,0.00,0.00,0.00,0.00,0.00,0.00,0.00,0.00,0.00,0.00,0.00,0.00,0.00,0.00,0.00,0.00,0.00,0.00,0.00,0.00,0.00,0.00,0.00,0.00,0.00,0.00,0.00,0.00,0.00,0.00,2124.00,1063.00,1063.00,0.00,2.00,0.00,0.00,0.00,0.00,0.00,0.00,3,2,1,0,0.00,0.00,0.00,0.00,0.00,0.00,0.00,0.00,0.00,0.00,0.00,0.00,0.00,0.00,0.00,0.00,0.00,0.00,0.00,0.00,0.00,0.00,0.00,0.00,0.00,0.00,0.00,0.00,0.00,0.00,0.00,0.00,0.00,0.00,0.00,0.00,0.00,0.00,0.00,0.00,0.00,0.00,0.00,0.00,0.00,0.00,0.00,0.00,0.00,0.00,0.00,0.00,0.00,25472.00,0.00,0.00,0.00,0.00,1995.37
0.00,0.00,0.00,4.00,0.00,0.00,7.00,0.00,0.00,89.00,0.00,347.00,0.00,0.00,0.00,12.00,0.00,0.00,12867.00,0.00,0.00,0.00,0.00,2.00,0.00,2.00,0.00,24.00,637096,1142176,1403624,68.78,47280,579460,3752564,183.88,847540,393056,224,613912,100512,7376,28884,0,0,0,0.00,0,0.00,0,0,0.00,26551,7616,36821,0,0,461,0.00,0.00,0.00,0,0.00,0.00,0.00,0.00,0.00,0.00,2.00,0.00,12.00,6.00,0.00,46.00,0.00,0.00,26063.00,1088.00,35660.11,61.62,0.00,0.00,0.00,0.00,0.00,0.00,0.00,0.00,0.00,0.00,0.00,0.00,0.00,0.00,0.00,0.00,0.00,0.00,0.00,0.00,0.00,0.00,0.00,0.00,0.00,0.00,0.00,0.00,0.00,0.00,721,3,5,0,0,0,26058.00,0.00,2166.00,1088.00,24978.00,1086.00,0.00,0.00,0.00,0.00,0.00,0.00,0.00,0.00,0.00,0.00,0.00,0.00,0.00,0.00,0.00,0.00,0.00,0.00,0.00,0.00,0.00,0.00,0.00,0.00,0.00,0.00,0.00,0.00,0.00,0.00,0.00,0.00,0.00,0.00,0.00,0.00,0.00,0.00,2166.00,1089.00,1079.00,0.00,2.00,0.00,0.00,0.00,0.00,0.00,0.00,3,2,1,0,0.00,0.00,0.00,0.00,0.00,0.00,0.00,0.00,0.00,0.00,0.00,0.00,0.00,0.00,0.00,0.00,0.00,0.00,0.00,0.00,0.00,0.00,0.00,0.00,0.00,0.00,0.00,0.00,0.00,0.00,0.00,0.00,0.00,0.00,0.00,0.00,0.00,0.00,0.00,0.00,0.00,0.00,0.00,0.00,0.00,0.00,0.00,0.00,0.00,0.00,0.00,0.00,0.00,26064.00,0.00,0.00,0.00,0.00,1995.37
0.00,0.00,0.00,0.00,0.50,0.00,5.47,0.00,0.00,94.03,0.00,323.00,0.00,0.00,0.00,0.00,0.00,0.00,10387.00,0.00,0.00,0.00,0.00,0.00,0.00,0.00,0.00,0.00,637036,1142116,1403684,68.78,47280,579476,3752564,183.88,847540,393056,240,613912,100512,7376,28884,0,0,0,0.00,0,0.00,0,0,0.00,26551,7616,36821,0,0,461,0.00,0.00,0.00,0,0.00,0.00,0.00,0.00,0.00,0.00,0.00,0.00,0.00,0.00,0.00,0.00,0.00,0.00,20989.00,882.00,28699.45,49.96,0.00,0.00,0.00,0.00,0.00,0.00,0.00,1.00,0.00,0.00,0.00,0.00,0.00,0.00,0.00,0.00,0.00,0.00,0.00,0.00,0.00,0.00,0.00,0.00,0.00,0.00,0.00,0.00,0.00,0.00,721,3,5,0,0,0,21029.00,0.00,1756.00,884.00,20148.00,876.00,0.00,0.00,0.00,0.00,0.00,0.00,0.00,0.00,0.00,0.00,0.00,0.00,0.00,0.00,0.00,0.00,0.00,0.00,0.00,0.00,0.00,0.00,0.00,0.00,0.00,0.00,0.00,0.00,0.00,0.00,0.00,0.00,0.00,0.00,0.00,0.00,0.00,0.00,1755.00,883.00,880.00,0.00,8.00,0.00,0.00,0.00,0.00,0.00,0.00,3,2,1,0,0.00,0.00,0.00,0.00,0.00,0.00,0.00,0.00,0.00,0.00,0.00,0.00,0.00,0.00,0.00,0.00,0.00,0.00,0.00,0.00,0.00,0.00,0.00,0.00,0.00,0.00,0.00,0.00,0.00,0.00,0.00,0.00,0.00,0.00,0.00,0.00,0.00,0.00,0.00,0.00,0.00,0.00,0.00,0.00,0.00,0.00,0.00,0.00,0.00,0.00,0.00,0.00,0.00,21060.00,0.00,0.00,0.00,0.00,1995.37
0.51,0.00,0.00,0.00,0.00,0.00,4.04,0.00,0.00,95.45,0.00,331.00,0.00,0.00,0.00,0.00,0.00,0.00,9397.00,0.00,0.00,0.00,0.00,0.00,0.00,0.00,0.00,0.00,636972,1142108,1403748,68.79,47280,579492,3752564,183.88,847548,393104,256,613912,100516,7376,28884,0,0,0,0.00,0,0.00,0,0,0.00,26551,7616,36821,0,0,461,0.00,0.00,0.00,0,0.00,0.00,0.00,0.00,0.00,0.00,0.00,0.00,0.00,0.00,0.00,0.00,0.00,0.00,19038.00,797.00,26039.28,45.20,0.00,0.00,0.00,0.00,0.00,0.00,0.00,0.00,0.00,0.00,0.00,0.00,0.00,0.00,0.00,0.00,0.00,0.00,0.00,0.00,0.00,0.00,0.00,0.00,0.00,0.00,0.00,0.00,0.00,0.00,721,3,5,0,0,0,18987.00,0.00,1585.00,795.00,18193.00,791.00,0.00,0.00,0.00,0.00,0.00,0.00,0.00,0.00,0.00,0.00,0.00,1.00,0.00,0.00,0.00,0.00,0.00,0.00,0.00,0.00,0.00,0.00,0.00,0.00,0.00,1.00,0.00,0.00,0.00,1.00,0.00,0.00,0.00,0.00,0.00,0.00,0.00,0.00,1586.00,795.00,794.00,0.00,3.00,0.00,0.00,0.00,0.00,1.00,0.00,3,2,1,0,0.00,0.00,0.00,0.00,0.00,0.00,0.00,0.00,0.00,0.00,0.00,0.00,0.00,0.00,0.00,0.00,0.00,0.00,0.00,0.00,0.00,0.00,0.00,0.00,0.00,0.00,0.00,0.00,0.00,0.00,0.00,0.00,0.00,0.00,0.00,0.00,0.00,0.00,0.00,0.00,0.00,0.00,0.00,0.00,0.00,0.00,0.00,0.00,0.00,0.00,0.00,0.00,0.00,18991.00,0.00,0.00,0.00,0.00,1995.37
0.50,0.00,0.50,0.00,0.00,0.00,4.02,0.00,0.00,94.97,0.00,311.00,0.00,0.00,0.00,0.00,0.00,0.00,10411.00,0.00,0.00,0.00,0.00,0.00,0.00,0.00,0.00,0.00,637068,1142204,1403652,68.78,47280,579508,3752564,183.88,847548,393104,272,613912,100516,7376,28884,0,0,0,0.00,0,0.00,0,0,0.00,26551,7616,36821,0,0,461,0.00,0.00,0.00,0,0.00,0.00,0.00,0.00,0.00,0.00,0.00,0.00,0.00,0.00,0.00,0.00,0.00,0.00,20676.00,862.00,28272.43,48.82,0.00,0.00,0.00,0.00,0.00,0.00,0.00,1.00,0.00,0.00,0.00,0.00,0.00,0.00,0.00,0.00,0.00,0.00,0.00,0.00,0.00,0.00,0.00,0.00,0.00,0.00,0.00,0.00,0.00,0.00,721,3,5,0,0,0,20689.00,0.00,1725.00,863.00,19826.00,862.00,0.00,0.00,0.00,0.00,0.00,0.00,0.00,0.00,0.00,0.00,0.00,0.00,0.00,0.00,0.00,0.00,0.00,0.00,0.00,0.00,0.00,0.00,0.00,0.00,0.00,0.00,0.00,0.00,0.00,0.00,0.00,0.00,0.00,0.00,0.00,0.00,0.00,0.00,1724.00,863.00,862.00,0.00,1.00,0.00,0.00,0.00,0.00,0.00,0.00,3,2,1,0,0.00,0.00,0.00,0.00,0.00,0.00,0.00,0.00,0.00,0.00,0.00,0.00,0.00,0.00,0.00,0.00,0.00,0.00,0.00,0.00,0.00,0.00,0.00,0.00,0.00,0.00,0.00,0.00,0.00,0.00,0.00,0.00,0.00,0.00,0.00,0.00,0.00,0.00,0.00,0.00,0.00,0.00,0.00,0.00,0.00,0.00,0.00,0.00,0.00,0.00,0.00,0.00,0.00,20699.00,0.00,0.00,0.00,0.00,1995.37
0.00,0.00,0.00,0.00,0.50,0.00,5.94,0.00,0.00,93.56,0.00,325.00,0.00,0.00,0.00,0.00,0.00,0.00,9147.00,0.00,0.00,0.00,0.00,0.00,0.00,0.00,0.00,0.00,637100,1142236,1403620,68.78,47280,579524,3752564,183.88,847548,393104,288,613912,100516,7376,28884,0,0,0,0.00,0,0.00,0,0,0.00,26551,7616,36821,0,0,461,0.00,0.00,0.00,0,0.00,0.00,0.00,0.00,0.00,0.00,0.00,0.00,0.00,0.00,0.00,0.00,0.00,0.00,18604.00,776.00,25448.21,43.94,0.00,0.00,0.00,0.00,0.00,0.00,0.00,0.00,0.00,0.00,0.00,0.00,0.00,0.00,0.00,0.00,0.00,0.00,0.00,0.00,0.00,0.00,0.00,0.00,0.00,0.00,0.00,0.00,0.00,0.00,721,3,5,0,0,0,18577.00,0.00,1548.00,774.00,17802.00,774.00,0.00,0.00,0.00,0.00,0.00,0.00,0.00,0.00,0.00,0.00,0.00,0.00,0.00,0.00,0.00,0.00,0.00,0.00,0.00,0.00,0.00,0.00,0.00,0.00,0.00,0.00,0.00,0.00,0.00,0.00,0.00,0.00,0.00,0.00,0.00,0.00,0.00,0.00,1549.00,774.00,775.00,0.00,0.00,0.00,0.00,0.00,0.00,0.00,0.00,3,2,1,0,0.00,0.00,0.00,0.00,0.00,0.00,0.00,0.00,0.00,0.00,0.00,0.00,0.00,0.00,0.00,0.00,0.00,0.00,0.00,0.00,0.00,0.00,0.00,0.00,0.00,0.00,0.00,0.00,0.00,0.00,0.00,0.00,0.00,0.00,0.00,0.00,0.00,0.00,0.00,0.00,0.00,0.00,0.00,0.00,0.00,0.00,0.00,0.00,0.00,0.00,0.00,0.00,0.00,18557.00,0.00,0.00,0.00,0.00,1995.37
0.00,0.00,0.00,0.50,0.00,0.00,6.44,0.00,0.00,93.07,0.00,356.00,0.00,0.00,0.00,12.00,0.00,0.00,8795.00,0.00,0.00,0.00,0.00,2.00,0.00,2.00,0.00,24.00,637036,1142228,1403684,68.78,47288,579536,3752564,183.88,847556,393152,300,613912,100516,7376,28884,0,0,0,0.00,0,0.00,0,0,0.00,26551,7616,36821,0,0,461,0.00,0.00,0.00,0,0.00,0.00,0.00,0.00,0.00,0.00,2.00,0.00,12.00,6.00,0.00,8.00,0.00,0.00,17768.00,741.00,24299.56,41.97,0.00,0.00,0.00,0.00,0.00,0.00,0.00,1.00,0.00,0.00,0.00,0.00,0.00,0.00,0.00,0.00,0.00,0.00,0.00,0.00,0.00,0.00,0.00,0.00,0.00,0.00,0.00,0.00,0.00,0.00,721,3,5,0,0,0,17786.00,0.00,1482.00,742.00,17043.00,741.00,0.00,0.00,0.00,0.00,0.00,0.00,0.00,0.00,0.00,0.00,0.00,0.00,0.00,0.00,0.00,0.00,0.00,0.00,0.00,0.00,0.00,0.00,0.00,0.00,0.00,0.00,0.00,0.00,0.00,0.00,0.00,0.00,0.00,0.00,0.00,0.00,0.00,0.00,1480.00,741.00,740.00,0.00,1.00,0.00,0.00,0.00,0.00,0.00,0.00,3,2,1,0,0.00,0.00,0.00,0.00,0.00,0.00,0.00,0.00,0.00,0.00,0.00,0.00,0.00,0.00,0.00,0.00,0.00,0.00,0.00,0.00,0.00,0.00,0.00,0.00,0.00,0.00,0.00,0.00,0.00,0.00,0.00,0.00,0.00,0.00,0.00,0.00,0.00,0.00,0.00,0.00,0.00,0.00,0.00,0.00,0.00,0.00,0.00,0.00,0.00,0.00,0.00,0.00,0.00,17767.00,0.00,0.00,0.00,0.00,1995.37
0.00,0.00,0.50,0.00,0.00,0.00,3.50,0.00,0.00,96.00,0.00,315.00,0.00,0.00,0.00,0.00,0.00,0.00,8235.00,0.00,0.00,0.00,0.00,0.00,0.00,0.00,0.00,0.00,637004,1142196,1403716,68.79,47288,579552,3752564,183.88,847556,393152,316,613912,100516,7376,28884,0,0,0,0.00,0,0.00,0,0,0.00,26551,7616,36821,0,0,461,0.00,0.00,0.00,0,0.00,0.00,0.00,0.00,0.00,0.00,0.00,0.00,0.00,0.00,0.00,0.00,0.00,0.00,16323.00,681.00,22328.65,38.57,0.00,0.00,0.00,0.00,0.00,0.00,0.00,2.00,0.00,0.00,0.00,0.00,0.00,0.00,0.00,0.00,0.00,0.00,0.00,0.00,0.00,0.00,0.00,0.00,0.00,0.00,0.00,0.00,0.00,0.00,721,3,5,0,0,0,16297.00,0.00,1359.00,680.00,15617.00,679.00,0.00,0.00,0.00,0.00,0.00,0.00,0.00,0.00,0.00,0.00,0.00,0.00,0.00,0.00,0.00,0.00,0.00,0.00,0.00,0.00,0.00,0.00,0.00,0.00,0.00,0.00,0.00,0.00,0.00,0.00,0.00,0.00,0.00,0.00,0.00,0.00,0.00,0.00,1359.00,680.00,680.00,0.00,1.00,0.00,0.00,0.00,0.00,0.00,0.00,3,2,1,0,0.00,0.00,0.00,0.00,0.00,0.00,0.00,0.00,0.00,0.00,0.00,0.00,0.00,0.00,0.00,0.00,0.00,0.00,0.00,0.00,0.00,0.00,0.00,0.00,0.00,0.00,0.00,0.00,0.00,0.00,0.00,0.00,0.00,0.00,0.00,0.00,0.00,0.00,0.00,0.00,0.00,0.00,0.00,0.00,0.00,0.00,0.00,0.00,0.00,0.00,0.00,0.00,0.00,16324.00,0.00,0.00,0.00,0.00,1995.37
0.50,0.00,0.00,0.00,0.50,0.00,4.95,0.00,0.00,94.06,0.00,321.00,0.00,0.00,0.00,324.00,2.00,0.00,7723.00,0.00,0.00,0.00,0.00,1.00,0.00,1.00,0.00,648.00,637132,1142324,1403588,68.78,47288,579568,3752564,183.88,847556,393152,80,613912,100516,7376,28884,0,0,0,0.00,0,0.00,0,0,0.00,26551,7616,36821,0,0,461,0.00,0.00,0.00,0,0.00,0.00,0.00,0.00,0.00,0.00,1.00,0.00,324.00,324.00,0.00,0.00,0.00,0.00,15490.00,646.00,21179.88,36.57,0.00,0.00,0.00,0.00,0.00,0.00,0.00,1.00,0.00,0.00,0.00,0.00,0.00,0.00,0.00,0.00,0.00,0.00,0.00,0.00,0.00,0.00,0.00,0.00,0.00,0.00,0.00,0.00,0.00,0.00,721,3,5,0,0,0,15481.00,0.00,1290.00,645.00,14835.00,645.00,0.00,0.00,0.00,0.00,0.00,0.00,0.00,0.00,0.00,0.00,0.00,0.00,0.00,0.00,0.00,0.00,0.00,0.00,0.00,0.00,0.00,0.00,0.00,0.00,0.00,0.00,0.00,0.00,0.00,0.00,0.00,0.00,0.00,0.00,0.00,0.00,0.00,0.00,1290.00,645.00,645.00,0.00,0.00,0.00,0.00,0.00,0.00,0.00,0.00,3,2,1,0,0.00,0.00,0.00,0.00,0.00,0.00,0.00,0.00,0.00,0.00,0.00,0.00,0.00,0.00,0.00,0.00,0.00,0.00,0.00,0.00,0.00,0.00,0.00,0.00,0.00,0.00,0.00,0.00,0.00,0.00,0.00,0.00,0.00,0.00,0.00,0.00,0.00,0.00,0.00,0.00,0.00,0.00,0.00,0.00,0.00,0.00,0.00,0.00,0.00,0.00,0.00,0.00,0.00,15489.00,0.00,0.00,0.00,0.00,1995.37
0.50,0.00,0.00,0.00,0.00,0.00,3.50,0.00,0.00,96.00,0.00,311.00,0.00,0.00,0.00,0.00,0.00,0.00,6331.00,0.00,0.00,0.00,0.00,0.00,0.00,0.00,0.00,0.00,636880,1142072,1403840,68.79,47288,579584,3752564,183.88,847556,393152,20,613912,100516,7376,28884,0,0,0,0.00,0,0.00,0,0,0.00,26551,7616,36821,0,0,461,0.00,0.00,0.00,0,0.00,0.00,0.00,0.00,0.00,0.00,0.00,0.00,0.00,0.00,0.00,0.00,0.00,0.00,13225.00,552.00,18092.67,31.27,0.00,0.00,0.00,0.00,0.00,0.00,0.00,0.00,0.00,0.00,0.00,0.00,0.00,0.00,0.00,0.00,0.00,0.00,0.00,0.00,0.00,0.00,0.00,0.00,0.00,0.00,0.00,0.00,0.00,0.00,721,3,5,0,0,0,13223.00,0.00,1101.00,552.00,12673.00,551.00,0.00,0.00,0.00,0.00,0.00,0.00,0.00,0.00,0.00,0.00,0.00,0.00,0.00,0.00,0.00,0.00,0.00,0.00,0.00,0.00,0.00,0.00,0.00,0.00,0.00,0.00,0.00,0.00,0.00,0.00,0.00,0.00,0.00,0.00,0.00,0.00,0.00,0.00,1101.00,552.00,550.00,0.00,1.00,0.00,0.00,0.00,0.00,0.00,0.00,3,2,1,0,0.00,0.00,0.00,0.00,0.00,0.00,0.00,0.00,0.00,0.00,0.00,0.00,0.00,0.00,0.00,0.00,0.00,0.00,0.00,0.00,0.00,0.00,0.00,0.00,0.00,0.00,0.00,0.00,0.00,0.00,0.00,0.00,0.00,0.00,0.00,0.00,0.00,0.00,0.00,0.00,0.00,0.00,0.00,0.00,0.00,0.00,0.00,0.00,0.00,0.00,0.00,0.00,0.00,13203.00,0.00,0.00,0.00,0.00,1995.37
0.00,0.00,0.00,0.00,0.00,0.00,4.50,0.00,0.00,95.50,0.00,310.00,0.00,0.00,0.00,0.00,0.00,0.00,6427.00,0.00,0.00,0.00,0.00,0.00,0.00,0.00,0.00,0.00,636912,1142160,1403808,68.79,47288,579600,3752564,183.88,847556,393208,36,613912,100516,7376,28884,0,0,0,0.00,0,0.00,0,0,0.00,26551,7616,36821,0,0,461,0.00,0.00,0.00,0,0.00,0.00,0.00,0.00,0.00,0.00,0.00,0.00,0.00,0.00,0.00,0.00,0.00,0.00,13136.00,547.00,17961.72,30.98,0.00,0.00,0.00,0.00,0.00,0.00,0.00,1.00,0.00,0.00,0.00,0.00,0.00,0.00,0.00,0.00,0.00,0.00,0.00,0.00,0.00,0.00,0.00,0.00,0.00,0.00,0.00,0.00,0.00,0.00,721,3,5,0,0,0,13130.00,0.00,1096.00,547.00,12581.00,547.00,0.00,0.00,0.00,0.00,0.00,0.00,0.00,0.00,0.00,0.00,0.00,0.00,0.00,0.00,0.00,0.00,0.00,0.00,0.00,0.00,0.00,0.00,0.00,0.00,0.00,0.00,0.00,0.00,0.00,0.00,0.00,0.00,0.00,0.00,0.00,0.00,0.00,0.00,1096.00,547.00,549.00,0.00,0.00,0.00,0.00,0.00,0.00,0.00,0.00,3,2,1,0,0.00,0.00,0.00,0.00,0.00,0.00,0.00,0.00,0.00,0.00,0.00,0.00,0.00,0.00,0.00,0.00,0.00,0.00,0.00,0.00,0.00,0.00,0.00,0.00,0.00,0.00,0.00,0.00,0.00,0.00,0.00,0.00,0.00,0.00,0.00,0.00,0.00,0.00,0.00,0.00,0.00,0.00,0.00,0.00,0.00,0.00,0.00,0.00,0.00,0.00,0.00,0.00,0.00,13159.00,0.00,0.00,0.00,0.00,1995.37
0.00,0.00,0.50,1.00,0.50,0.00,3.98,0.00,0.00,94.03,0.00,318.00,0.00,0.00,0.00,20.00,0.00,0.00,6195.00,0.00,0.00,0.00,0.00,2.00,0.00,2.00,0.00,40.00,636912,1142160,1403808,68.79,47296,579612,3752564,183.88,847556,393208,56,613912,100516,7376,28884,0,0,0,0.00,0,0.00,0,0,0.00,26551,7616,36821,0,0,461,0.00,0.00,0.00,0,0.00,0.00,0.00,0.00,0.00,0.00,2.00,0.00,20.00,10.00,0.00,12.00,0.00,0.00,12675.00,528.00,17337.56,29.91,0.00,0.00,0.00,0.00,0.00,0.00,0.00,0.00,0.00,0.00,0.00,0.00,0.00,0.00,0.00,0.00,0.00,0.00,0.00,0.00,0.00,0.00,0.00,0.00,0.00,0.00,0.00,0.00,0.00,0.00,721,3,5,0,0,0,12669.00,0.00,1053.00,528.00,12144.00,528.00,0.00,0.00,0.00,0.00,0.00,0.00,0.00,0.00,0.00,0.00,0.00,0.00,0.00,0.00,0.00,0.00,0.00,0.00,0.00,0.00,0.00,0.00,0.00,0.00,0.00,0.00,0.00,0.00,0.00,0.00,0.00,0.00,0.00,0.00,0.00,0.00,0.00,0.00,1053.00,528.00,525.00,0.00,0.00,0.00,0.00,0.00,0.00,0.00,0.00,3,2,1,0,0.00,0.00,0.00,0.00,0.00,0.00,0.00,0.00,0.00,0.00,0.00,0.00,0.00,0.00,0.00,0.00,0.00,0.00,0.00,0.00,0.00,0.00,0.00,0.00,0.00,0.00,0.00,0.00,0.00,0.00,0.00,0.00,0.00,0.00,0.00,0.00,0.00,0.00,0.00,0.00,0.00,0.00,0.00,0.00,0.00,0.00,0.00,0.00,0.00,0.00,0.00,0.00,0.00,12651.00,0.00,0.00,0.00,0.00,1995.37
0.49,0.00,0.00,0.00,0.00,0.00,4.93,0.00,0.00,94.58,0.00,321.00,0.00,0.00,0.00,0.00,0.00,0.00,6347.00,0.00,0.00,0.00,0.00,0.00,0.00,0.00,0.00,0.00,636848,1142100,1403872,68.79,47296,579628,3752564,183.88,847556,393208,72,613912,100520,7376,28884,0,0,0,0.00,0,0.00,0,0,0.00,26551,7616,36821,0,0,461,0.00,0.00,0.00,0,0.00,0.00,0.00,0.00,0.00,0.00,0.00,0.00,0.00,0.00,0.00,0.00,0.00,0.00,12782.00,533.00,17469.64,30.19,0.00,0.00,0.00,0.00,0.00,0.00,0.00,1.00,0.00,0.00,0.00,0.00,0.00,0.00,0.00,0.00,0.00,0.00,0.00,0.00,0.00,0.00,0.00,0.00,0.00,0.00,0.00,0.00,0.00,0.00,721,3,5,0,0,0,12772.00,0.00,1067.00,533.00,12236.00,532.00,0.00,0.00,0.00,0.00,0.00,0.00,0.00,0.00,0.00,0.00,0.00,0.00,0.00,0.00,0.00,0.00,0.00,0.00,0.00,0.00,0.00,0.00,0.00,0.00,0.00,0.00,0.00,0.00,0.00,0.00,0.00,0.00,0.00,0.00,0.00,0.00,0.00,0.00,1067.00,533.00,535.00,0.00,1.00,0.00,0.00,0.00,0.00,0.00,0.00,3,2,1,0,0.00,0.00,0.00,0.00,0.00,0.00,0.00,0.00,0.00,0.00,0.00,0.00,0.00,0.00,0.00,0.00,0.00,0.00,0.00,0.00,0.00,0.00,0.00,0.00,0.00,0.00,0.00,0.00,0.00,0.00,0.00,0.00,0.00,0.00,0.00,0.00,0.00,0.00,0.00,0.00,0.00,0.00,0.00,0.00,0.00,0.00,0.00,0.00,0.00,0.00,0.00,0.00,0.00,12805.00,0.00,0.00,0.00,0.00,1995.37
0.00,0.00,0.51,0.00,0.00,0.00,2.55,0.00,0.00,96.94,0.00,352.00,0.00,0.00,0.00,0.00,11.00,0.00,6014.00,0.00,0.00,0.00,0.00,0.00,0.00,0.00,0.00,0.00,636848,1142156,1403872,68.79,47296,579644,3752564,183.88,847564,393256,88,613928,100520,7376,28884,0,0,0,0.00,0,0.00,0,0,0.00,26551,7616,36821,0,0,461,0.00,0.00,0.00,0,0.00,0.00,0.00,0.00,0.00,0.00,0.00,0.00,0.00,0.00,0.00,0.00,0.00,0.00,12319.00,513.00,16845.75,29.06,0.00,0.00,0.00,0.00,0.00,0.00,0.00,0.00,0.00,0.00,0.00,0.00,0.00,0.00,0.00,0.00,0.00,0.00,0.00,0.00,0.00,0.00,0.00,0.00,0.00,0.00,0.00,0.00,0.00,0.00,721,3,5,0,0,0,12312.00,0.00,1024.00,513.00,11799.00,513.00,0.00,0.00,0.00,0.00,0.00,0.00,0.00,0.00,0.00,0.00,0.00,0.00,0.00,0.00,0.00,0.00,0.00,0.00,0.00,0.00,0.00,0.00,0.00,0.00,0.00,0.00,0.00,0.00,0.00,0.00,0.00,0.00,0.00,0.00,0.00,0.00,0.00,0.00,1024.00,513.00,511.00,0.00,0.00,0.00,0.00,0.00,0.00,0.00,0.00,3,2,1,0,0.00,0.00,0.00,0.00,0.00,0.00,0.00,0.00,0.00,0.00,0.00,0.00,0.00,0.00,0.00,0.00,0.00,0.00,0.00,0.00,0.00,0.00,0.00,0.00,0.00,0.00,0.00,0.00,0.00,0.00,0.00,0.00,0.00,0.00,0.00,0.00,0.00,0.00,0.00,0.00,0.00,0.00,0.00,0.00,0.00,0.00,0.00,0.00,0.00,0.00,0.00,0.00,0.00,12298.00,0.00,0.00,0.00,0.00,1995.37
0.50,0.00,0.99,0.00,0.50,0.00,2.97,0.00,0.00,95.05,3.00,354.00,0.00,0.00,0.00,0.00,487.00,0.00,5591.00,0.00,0.00,0.00,0.00,0.00,0.00,0.00,0.00,0.00,636716,1142044,1404004,68.80,47296,579660,3752564,183.88,847668,393268,192,613964,100520,7384,28864,0,0,0,0.00,0,0.00,0,0,0.00,26551,7616,36821,0,0,461,0.00,0.00,0.00,0,0.00,0.00,0.00,0.00,0.00,0.00,0.00,0.00,0.00,0.00,0.00,0.00,0.00,0.00,10554.00,440.00,14416.52,24.92,0.00,0.00,0.00,0.00,0.00,0.00,0.00,1.00,0.00,0.00,0.00,0.00,0.00,0.00,0.00,0.00,0.00,0.00,0.00,0.00,0.00,0.00,0.00,0.00,0.00,0.00,0.00,0.00,0.00,0.00,721,3,5,0,0,0,10545.00,0.00,883.00,440.00,10097.00,439.00,0.00,0.00,0.00,0.00,0.00,0.00,0.00,0.00,0.00,0.00,0.00,0.00,0.00,0.00,0.00,0.00,0.00,0.00,0.00,0.00,0.00,0.00,0.00,0.00,0.00,0.00,0.00,0.00,0.00,0.00,0.00,0.00,0.00,0.00,0.00,0.00,0.00,0.00,879.00,440.00,440.00,0.00,1.00,0.00,0.00,0.00,0.00,0.00,0.00,3,2,1,0,0.00,0.00,0.00,0.00,0.00,0.00,0.00,0.00,0.00,0.00,0.00,0.00,0.00,0.00,0.00,0.00,0.00,0.00,0.00,0.00,0.00,0.00,0.00,0.00,0.00,0.00,0.00,0.00,0.00,0.00,0.00,0.00,0.00,0.00,0.00,0.00,0.00,0.00,0.00,0.00,0.00,0.00,0.00,0.00,0.00,0.00,0.00,0.00,0.00,0.00,0.00,0.00,0.00,10552.00,0.00,0.00,0.00,0.00,1995.37
0.00,0.00,0.50,0.00,0.00,0.00,9.95,0.00,0.00,89.55,0.00,361.00,0.00,0.00,0.00,0.00,4.00,0.00,32365.00,0.00,0.00,0.00,0.00,0.00,0.00,0.00,0.00,0.00,673268,1159032,1367452,67.01,47272,559992,3723248,182.45,831440,373368,36,597620,100324,7280,28716,0,0,0,0.00,0,0.00,0,0,0.00,26570,7584,36820,0,0,455,0.00,0.00,0.00,0,0.00,0.00,0.00,0.00,0.00,0.00,0.00,0.00,0.00,0.00,0.00,0.00,0.00,0.00,65453.00,2727.00,89543.89,154.46,0.00,0.00,0.00,0.00,0.00,0.00,0.00,1.00,0.00,0.00,0.00,0.00,0.00,0.00,0.00,0.00,0.00,0.00,0.00,0.00,0.00,0.00,0.00,0.00,0.00,0.00,0.00,0.00,0.00,0.00,721,3,5,0,0,0,65449.00,0.00,5455.00,2727.00,62721.00,2727.00,0.00,0.00,0.00,0.00,0.00,0.00,0.00,0.00,0.00,0.00,0.00,0.00,0.00,0.00,0.00,0.00,0.00,0.00,0.00,0.00,0.00,0.00,0.00,0.00,0.00,0.00,0.00,0.00,0.00,0.00,0.00,0.00,0.00,0.00,0.00,0.00,0.00,0.00,5457.00,2728.00,2729.00,0.00,0.00,0.00,0.00,0.00,0.00,0.00,0.00,3,2,1,0,0.00,0.00,0.00,0.00,0.00,0.00,0.00,0.00,0.00,0.00,0.00,0.00,0.00,0.00,0.00,0.00,0.00,0.00,0.00,0.00,0.00,0.00,0.00,0.00,0.00,0.00,0.00,0.00,0.00,0.00,0.00,0.00,0.00,0.00,0.00,0.00,0.00,0.00,0.00,0.00,0.00,0.00,0.00,0.00,0.00,0.00,0.00,0.00,0.00,0.00,0.00,0.00,0.00,65499.00,0.00,0.00,0.00,0.00,1995.37
0.50,0.00,0.00,0.00,0.00,0.00,9.50,0.00,0.00,90.00,0.00,359.00,0.00,0.00,0.00,0.00,4.00,0.00,31291.00,0.00,0.00,0.00,0.00,0.00,0.00,0.00,0.00,0.00,673236,1159000,1367484,67.01,47272,560004,3723248,182.45,831440,373368,48,597628,100324,7280,28716,0,0,0,0.00,0,0.00,0,0,0.00,26570,7584,36820,0,0,455,0.00,0.00,0.00,0,0.00,0.00,0.00,0.00,0.00,0.00,0.00,0.00,0.00,0.00,0.00,0.00,0.00,0.00,65062.00,2712.00,89018.14,153.61,0.00,0.00,0.00,0.00,0.00,0.00,0.00,0.00,0.00,0.00,0.00,0.00,0.00,0.00,0.00,0.00,0.00,0.00,0.00,0.00,0.00,0.00,0.00,0.00,0.00,0.00,0.00,0.00,0.00,0.00,721,3,5,0,0,0,65059.00,0.00,5417.00,2712.00,62353.00,2711.00,0.00,0.00,0.00,0.00,0.00,0.00,0.00,0.00,0.00,0.00,0.00,0.00,0.00,0.00,0.00,0.00,0.00,0.00,0.00,0.00,0.00,0.00,0.00,0.00,0.00,0.00,0.00,0.00,0.00,0.00,0.00,0.00,0.00,0.00,0.00,0.00,0.00,0.00,5414.00,2710.00,2705.00,0.00,1.00,0.00,0.00,0.00,0.00,0.00,0.00,3,2,1,0,0.00,0.00,0.00,0.00,0.00,0.00,0.00,0.00,0.00,0.00,0.00,0.00,0.00,0.00,0.00,0.00,0.00,0.00,0.00,0.00,0.00,0.00,0.00,0.00,0.00,0.00,0.00,0.00,0.00,0.00,0.00,0.00,0.00,0.00,0.00,0.00,0.00,0.00,0.00,0.00,0.00,0.00,0.00,0.00,0.00,0.00,0.00,0.00,0.00,0.00,0.00,0.00,0.00,65017.00,0.00,0.00,0.00,0.00,1995.37
0.51,0.00,0.00,0.00,0.00,0.00,8.12,0.00,0.00,91.37,0.00,356.00,0.00,0.00,0.00,0.00,0.00,0.00,30386.00,0.00,0.00,0.00,0.00,0.00,0.00,0.00,0.00,0.00,673268,1159032,1367452,67.01,47272,560020,3723248,182.45,831440,373368,64,597628,100324,7280,28716,0,0,0,0.00,0,0.00,0,0,0.00,26570,7584,36820,0,0,455,0.00,0.00,0.00,0,0.00,0.00,0.00,0.00,0.00,0.00,0.00,0.00,0.00,0.00,0.00,0.00,0.00,0.00,63489.00,2649.00,86851.58,150.04,0.00,0.00,0.00,0.00,0.00,0.00,0.00,1.00,0.00,0.00,0.00,0.00,0.00,0.00,0.00,0.00,0.00,0.00,0.00,0.00,0.00,0.00,0.00,0.00,0.00,0.00,0.00,0.00,0.00,0.00,721,3,5,0,0,0,63480.00,0.00,5290.00,2649.00,60835.00,2645.00,0.00,0.00,0.00,0.00,0.00,0.00,0.00,0.00,0.00,0.00,0.00,0.00,0.00,0.00,0.00,0.00,0.00,0.00,0.00,0.00,0.00,0.00,0.00,0.00,0.00,0.00,0.00,0.00,0.00,0.00,0.00,0.00,0.00,0.00,0.00,0.00,0.00,0.00,5292.00,2650.00,2646.00,0.00,4.00,0.00,0.00,0.00,0.00,0.00,0.00,3,2,1,0,0.00,0.00,0.00,0.00,0.00,0.00,0.00,0.00,0.00,0.00,0.00,0.00,0.00,0.00,0.00,0.00,0.00,0.00,0.00,0.00,0.00,0.00,0.00,0.00,0.00,0.00,0.00,0.00,0.00,0.00,0.00,0.00,0.00,0.00,0.00,0.00,0.00,0.00,0.00,0.00,0.00,0.00,0.00,0.00,0.00,0.00,0.00,0.00,0.00,0.00,0.00,0.00,0.00,63512.00,0.00,0.00,0.00,0.00,1995.37
0.00,0.00,0.49,0.00,0.00,0.00,10.84,0.00,0.00,88.67,0.00,358.00,0.00,0.00,0.00,4.00,0.00,0.00,31131.00,0.00,0.00,0.00,0.00,1.00,0.00,1.00,0.00,8.00,673236,1159048,1367484,67.01,47272,560036,3723248,182.45,831440,373416,68,597628,100324,7280,28716,0,0,0,0.00,0,0.00,0,0,0.00,26570,7584,36820,0,0,455,0.00,0.00,0.00,0,0.00,0.00,0.00,0.00,0.00,0.00,1.00,0.00,4.00,4.00,0.00,0.00,0.00,0.00,62597.00,2609.00,85636.41,147.78,0.00,0.00,0.00,0.00,0.00,0.00,0.00,0.00,0.00,0.00,0.00,0.00,0.00,0.00,0.00,0.00,0.00,0.00,0.00,0.00,0.00,0.00,0.00,0.00,0.00,0.00,0.00,0.00,0.00,0.00,721,3,5,0,0,0,62617.00,0.00,5219.00,2610.00,60007.00,2609.00,0.00,0.00,0.00,0.00,0.00,0.00,0.00,0.00,0.00,0.00,0.00,0.00,0.00,0.00,0.00,0.00,0.00,0.00,0.00,0.00,0.00,0.00,0.00,0.00,0.00,0.00,0.00,0.00,0.00,0.00,0.00,0.00,0.00,0.00,0.00,0.00,0.00,0.00,5218.00,2609.00,2610.00,0.00,1.00,0.00,0.00,0.00,0.00,0.00,0.00,3,2,1,0,0.00,0.00,0.00,0.00,0.00,0.00,0.00,0.00,0.00,0.00,0.00,0.00,0.00,0.00,0.00,0.00,0.00,0.00,0.00,0.00,0.00,0.00,0.00,0.00,0.00,0.00,0.00,0.00,0.00,0.00,0.00,0.00,0.00,0.00,0.00,0.00,0.00,0.00,0.00,0.00,0.00,0.00,0.00,0.00,0.00,0.00,0.00,0.00,0.00,0.00,0.00,0.00,0.00,62597.00,0.00,0.00,0.00,0.00,1995.37
0.00,0.00,0.00,0.00,0.00,0.00,10.00,0.00,0.00,90.00,0.00,348.00,0.00,0.00,0.00,0.00,0.00,0.00,31099.00,0.00,0.00,0.00,0.00,0.00,0.00,0.00,0.00,0.00,673172,1158984,1367548,67.01,47272,560052,3723248,182.45,831440,373416,84,597628,100324,7280,28716,0,0,0,0.00,0,0.00,0,0,0.00,26570,7584,36820,0,0,455,0.00,0.00,0.00,0,0.00,0.00,0.00,0.00,0.00,0.00,0.00,0.00,0.00,0.00,0.00,0.00,0.00,0.00,61974.00,2585.00,84782.75,146.42,0.00,0.00,0.00,0.00,0.00,0.00,0.00,1.00,0.00,0.00,0.00,0.00,0.00,0.00,0.00,0.00,0.00,0.00,0.00,0.00,0.00,0.00,0.00,0.00,0.00,0.00,0.00,0.00,0.00,0.00,721,3,5,0,0,0,61943.00,0.00,5161.00,2584.00,59363.00,2581.00,0.00,0.00,0.00,0.00,0.00,0.00,0.00,0.00,0.00,0.00,0.00,0.00,0.00,0.00,0.00,0.00,0.00,0.00,0.00,0.00,0.00,0.00,0.00,0.00,0.00,0.00,0.00,0.00,0.00,0.00,0.00,0.00,0.00,0.00,0.00,0.00,0.00,0.00,5161.00,2584.00,2581.00,0.00,3.00,0.00,0.00,0.00,0.00,0.00,0.00,3,2,1,0,0.00,0.00,0.00,0.00,0.00,0.00,0.00,0.00,0.00,0.00,0.00,0.00,0.00,0.00,0.00,0.00,0.00,0.00,0.00,0.00,0.00,0.00,0.00,0.00,0.00,0.00,0.00,0.00,0.00,0.00,0.00,0.00,0.00,0.00,0.00,0.00,0.00,0.00,0.00,0.00,0.00,0.00,0.00,0.00,0.00,0.00,0.00,0.00,0.00,0.00,0.00,0.00,0.00,61975.00,0.00,0.00,0.00,0.00,1995.37
0.00,0.00,0.00,1.51,0.00,0.00,9.55,0.00,0.00,88.94,0.00,378.00,0.00,0.00,0.00,36.00,0.00,0.00,30051.00,0.00,0.00,0.00,0.00,2.00,0.00,2.00,0.00,72.00,673172,1158984,1367548,67.01,47280,560068,3723248,182.45,831440,373416,124,597628,100324,7280,28716,0,0,0,0.00,0,0.00,0,0,0.00,26570,7584,36820,0,0,455,0.00,0.00,0.00,0,0.00,0.00,0.00,0.00,0.00,0.00,2.00,0.00,36.00,18.00,0.00,20.00,0.00,0.00,60513.00,2523.00,82780.24,142.90,0.00,0.00,0.00,0.00,0.00,0.00,0.00,1.00,0.00,0.00,0.00,0.00,0.00,0.00,0.00,0.00,0.00,0.00,0.00,0.00,0.00,0.00,0.00,0.00,0.00,0.00,0.00,0.00,0.00,0.00,721,3,5,0,0,0,60526.00,0.00,5042.00,2524.00,58006.00,2522.00,0.00,0.00,0.00,0.00,0.00,0.00,0.00,0.00,0.00,0.00,0.00,0.00,0.00,0.00,0.00,0.00,0.00,0.00,0.00,0.00,0.00,0.00,0.00,0.00,0.00,0.00,0.00,0.00,0.00,0.00,0.00,0.00,0.00,0.00,0.00,0.00,0.00,0.00,5043.00,2525.00,2519.00,0.00,2.00,0.00,0.00,0.00,0.00,0.00,0.00,3,2,1,0,0.00,0.00,0.00,0.00,0.00,0.00,0.00,0.00,0.00,0.00,0.00,0.00,0.00,0.00,0.00,0.00,0.00,0.00,0.00,0.00,0.00,0.00,0.00,0.00,0.00,0.00,0.00,0.00,0.00,0.00,0.00,0.00,0.00,0.00,0.00,0.00,0.00,0.00,0.00,0.00,0.00,0.00,0.00,0.00,0.00,0.00,0.00,0.00,0.00,0.00,0.00,0.00,0.00,60536.00,0.00,0.00,0.00,0.00,1995.37
0.49,0.00,0.00,0.00,0.49,0.00,9.85,0.00,0.00,89.16,0.00,353.00,0.00,0.00,0.00,0.00,0.00,0.00,29883.00,0.00,0.00,0.00,0.00,0.00,0.00,0.00,0.00,0.00,673204,1159016,1367516,67.01,47280,560080,3723248,182.45,831440,373416,136,597628,100324,7280,28716,0,0,0,0.00,0,0.00,0,0,0.00,26570,7584,36820,0,0,455,0.00,0.00,0.00,0,0.00,0.00,0.00,0.00,0.00,0.00,0.00,0.00,0.00,0.00,0.00,0.00,0.00,0.00,59919.00,2498.00,81959.37,141.49,0.00,0.00,0.00,0.00,0.00,0.00,0.00,1.00,0.00,0.00,0.00,0.00,0.00,0.00,0.00,0.00,0.00,0.00,0.00,0.00,0.00,0.00,0.00,0.00,0.00,0.00,0.00,0.00,0.00,0.00,721,3,5,0,0,0,59906.00,0.00,4994.00,2498.00,57408.00,2496.00,0.00,0.00,0.00,0.00,0.00,0.00,0.00,0.00,0.00,0.00,0.00,0.00,0.00,0.00,0.00,0.00,0.00,0.00,0.00,0.00,0.00,0.00,0.00,0.00,0.00,0.00,0.00,0.00,0.00,0.00,0.00,0.00,0.00,0.00,0.00,0.00,0.00,0.00,4994.00,2498.00,2498.00,0.00,2.00,0.00,0.00,0.00,0.00,0.00,0.00,3,2,1,0,0.00,0.00,0.00,0.00,0.00,0.00,0.00,0.00,0.00,0.00,0.00,0.00,0.00,0.00,0.00,0.00,0.00,0.00,0.00,0.00,0.00,0.00,0.00,0.00,0.00,0.00,0.00,0.00,0.00,0.00,0.00,0.00,0.00,0.00,0.00,0.00,0.00,0.00,0.00,0.00,0.00,0.00,0.00,0.00,0.00,0.00,0.00,0.00,0.00,0.00,0.00,0.00,0.00,59894.00,0.00,0.00,0.00,0.00,1995.37
0.00,0.00,0.00,0.00,0.00,0.00,10.45,0.00,0.00,89.55,0.00,371.00,0.00,0.00,0.00,0.00,0.00,0.00,29620.00,0.00,0.00,0.00,0.00,0.00,0.00,0.00,0.00,0.00,673300,1159168,1367420,67.01,47280,560096,3723248,182.45,831448,373464,152,597628,100324,7280,28716,0,0,0,0.00,0,0.00,0,0,0.00,26570,7584,36820,0,0,455,0.00,0.00,0.00,0,0.00,0.00,0.00,0.00,0.00,0.00,0.00,0.00,0.00,0.00,0.00,0.00,0.00,0.00,58736.00,2450.00,80350.03,138.77,0.00,0.00,0.00,0.00,0.00,0.00,0.00,0.00,0.00,0.00,0.00,0.00,0.00,0.00,0.00,0.00,0.00,0.00,0.00,0.00,0.00,0.00,0.00,0.00,0.00,0.00,0.00,0.00,0.00,0.00,721,3,5,0,0,0,58702.00,0.00,4890.00,2449.00,56258.00,2446.00,0.00,0.00,0.00,0.00,0.00,0.00,0.00,0.00,0.00,0.00,0.00,0.00,0.00,0.00,0.00,0.00,0.00,0.00,0.00,0.00,0.00,0.00,0.00,0.00,0.00,0.00,0.00,0.00,0.00,0.00,0.00,0.00,0.00,0.00,0.00,0.00,0.00,0.00,4890.00,2449.00,2444.00,0.00,3.00,0.00,0.00,0.00,0.00,0.00,0.00,3,2,1,0,0.00,0.00,0.00,0.00,0.00,0.00,0.00,0.00,0.00,0.00,0.00,0.00,0.00,0.00,0.00,0.00,0.00,0.00,0.00,0.00,0.00,0.00,0.00,0.00,0.00,0.00,0.00,0.00,0.00,0.00,0.00,0.00,0.00,0.00,0.00,0.00,0.00,0.00,0.00,0.00,0.00,0.00,0.00,0.00,0.00,0.00,0.00,0.00,0.00,0.00,0.00,0.00,0.00,58738.00,0.00,0.00,0.00,0.00,1995.37
0.50,0.00,0.00,0.00,0.00,0.00,10.40,0.00,0.00,89.11,0.00,373.00,0.00,0.00,0.00,0.00,1.00,0.00,29244.00,0.00,0.00,0.00,0.00,0.00,0.00,0.00,0.00,0.00,673176,1159072,1367544,67.01,47280,560112,3723248,182.45,831448,373492,168,597632,100324,7280,28716,0,0,0,0.00,0,0.00,0,0,0.00,26570,7584,36820,0,0,455,0.00,0.00,0.00,0,0.00,0.00,0.00,0.00,0.00,0.00,0.00,0.00,0.00,0.00,0.00,0.00,0.00,0.00,58186.00,2428.00,79594.88,137.52,0.00,0.00,0.00,0.00,0.00,0.00,0.00,1.00,0.00,0.00,0.00,0.00,0.00,0.00,0.00,0.00,0.00,0.00,0.00,0.00,0.00,0.00,0.00,0.00,0.00,0.00,0.00,0.00,0.00,0.00,721,3,5,0,0,0,58179.00,0.00,4851.00,2428.00,55752.00,2424.00,0.00,0.00,0.00,0.00,0.00,0.00,0.00,0.00,0.00,0.00,0.00,0.00,0.00,0.00,0.00,0.00,0.00,0.00,0.00,0.00,0.00,0.00,0.00,0.00,0.00,0.00,0.00,0.00,0.00,0.00,0.00,0.00,0.00,0.00,0.00,0.00,0.00,0.00,4850.00,2428.00,2427.00,0.00,4.00,0.00,0.00,0.00,0.00,0.00,0.00,3,2,1,0,0.00,0.00,0.00,0.00,0.00,0.00,0.00,0.00,0.00,0.00,0.00,0.00,0.00,0.00,0.00,0.00,0.00,0.00,0.00,0.00,0.00,0.00,0.00,0.00,0.00,0.00,0.00,0.00,0.00,0.00,0.00,0.00,0.00,0.00,0.00,0.00,0.00,0.00,0.00,0.00,0.00,0.00,0.00,0.00,0.00,0.00,0.00,0.00,0.00,0.00,0.00,0.00,0.00,58232.00,0.00,0.00,0.00,0.00,1995.37
0.00,0.00,0.49,0.00,0.00,0.00,11.71,0.00,0.00,87.80,0.00,369.00,0.00,0.00,0.00,0.00,0.00,0.00,28531.00,0.00,0.00,0.00,0.00,0.00,0.00,0.00,0.00,0.00,672988,1158888,1367732,67.02,47280,560128,3723248,182.45,831448,373492,184,597632,100328,7280,28716,0,0,0,0.00,0,0.00,0,0,0.00,26570,7584,36820,0,0,455,0.00,0.00,0.00,0,0.00,0.00,0.00,0.00,0.00,0.00,0.00,0.00,0.00,0.00,0.00,0.00,0.00,0.00,56836.00,2371.00,77755.74,134.29,0.00,0.00,0.00,0.00,0.00,0.00,0.00,0.00,0.00,0.00,0.00,0.00,0.00,0.00,0.00,0.00,0.00,0.00,0.00,0.00,0.00,0.00,0.00,0.00,0.00,0.00,0.00,0.00,0.00,0.00,721,3,5,0,0,0,56830.00,0.00,4734.00,2371.00,54464.00,2368.00,0.00,0.00,0.00,0.00,0.00,0.00,0.00,0.00,0.00,0.00,0.00,0.00,0.00,0.00,0.00,0.00,0.00,0.00,0.00,0.00,0.00,0.00,0.00,0.00,0.00,0.00,0.00,0.00,0.00,0.00,0.00,0.00,0.00,0.00,0.00,0.00,0.00,0.00,4734.00,2371.00,2365.00,0.00,3.00,0.00,0.00,0.00,0.00,0.00,0.00,3,2,1,0,0.00,0.00,0.00,0.00,0.00,0.00,0.00,0.00,0.00,0.00,0.00,0.00,0.00,0.00,0.00,0.00,0.00,0.00,0.00,0.00,0.00,0.00,0.00,0.00,0.00,0.00,0.00,0.00,0.00,0.00,0.00,0.00,0.00,0.00,0.00,0.00,0.00,0.00,0.00,0.00,0.00,0.00,0.00,0.00,0.00,0.00,0.00,0.00,0.00,0.00,0.00,0.00,0.00,56765.00,0.00,0.00,0.00,0.00,1995.37
0.00,0.00,0.50,2.00,0.00,0.00,9.00,0.00,0.00,88.50,0.00,364.00,0.00,0.00,0.00,12.00,0.00,0.00,27907.00,0.00,0.00,0.00,0.00,2.00,0.00,2.00,0.00,24.00,673044,1158948,1367676,67.02,47288,560144,3723248,182.45,831448,373492,200,597632,100336,7280,28716,0,0,0,0.00,0,0.00,0,0,0.00,26570,7584,36820,0,0,455,0.00,0.00,0.00,0,0.00,0.00,0.00,0.00,0.00,0.00,2.00,0.00,12.00,6.00,0.00,26.00,0.00,0.00,56434.00,2354.00,77197.87,133.33,0.00,0.00,0.00,0.00,0.00,0.00,0.00,1.00,0.00,0.00,0.00,0.00,0.00,0.00,0.00,0.00,0.00,0.00,0.00,0.00,0.00,0.00,0.00,0.00,0.00,0.00,0.00,0.00,0.00,0.00,721,3,5,0,0,0,56448.00,0.00,4704.00,2355.00,54096.00,2352.00,0.00,0.00,0.00,0.00,0.00,0.00,0.00,0.00,0.00,0.00,0.00,0.00,0.00,0.00,0.00,0.00,0.00,0.00,0.00,0.00,0.00,0.00,0.00,0.00,0.00,0.00,0.00,0.00,0.00,0.00,0.00,0.00,0.00,0.00,0.00,0.00,0.00,0.00,4703.00,2354.00,2352.00,0.00,3.00,0.00,0.00,0.00,0.00,0.00,0.00,3,2,1,0,0.00,0.00,0.00,0.00,0.00,0.00,0.00,0.00,0.00,0.00,0.00,0.00,0.00,0.00,0.00,0.00,0.00,0.00,0.00,0.00,0.00,0.00,0.00,0.00,0.00,0.00,0.00,0.00,0.00,0.00,0.00,0.00,0.00,0.00,0.00,0.00,0.00,0.00,0.00,0.00,0.00,0.00,0.00,0.00,0.00,0.00,0.00,0.00,0.00,0.00,0.00,0.00,0.00,56481.00,0.00,0.00,0.00,0.00,1995.37
0.00,0.00,0.00,0.00,0.51,0.00,8.12,0.00,0.00,91.37,0.00,345.00,0.00,0.00,0.00,0.00,0.00,0.00,28083.00,0.00,0.00,0.00,0.00,0.00,0.00,0.00,0.00,0.00,673012,1158968,1367708,67.02,47288,560156,3723248,182.45,831460,373536,212,597632,100336,7280,28716,0,0,0,0.00,0,0.00,0,0,0.00,26570,7584,36820,0,0,455,0.00,0.00,0.00,0,0.00,0.00,0.00,0.00,0.00,0.00,0.00,0.00,0.00,0.00,0.00,0.00,0.00,0.00,55567.00,2316.00,76015.61,131.18,0.00,0.00,0.00,0.00,0.00,0.00,0.00,0.00,0.00,0.00,0.00,0.00,0.00,0.00,0.00,0.00,0.00,0.00,0.00,0.00,0.00,0.00,0.00,0.00,0.00,0.00,0.00,0.00,0.00,0.00,721,3,5,0,0,0,55560.00,0.00,4630.00,2316.00,53245.00,2315.00,0.00,0.00,0.00,0.00,0.00,0.00,0.00,0.00,0.00,0.00,0.00,0.00,0.00,0.00,0.00,0.00,0.00,0.00,0.00,0.00,0.00,0.00,0.00,0.00,0.00,0.00,0.00,0.00,0.00,0.00,0.00,0.00,0.00,0.00,0.00,0.00,0.00,0.00,4630.00,2316.00,2316.00,0.00,1.00,0.00,0.00,0.00,0.00,0.00,0.00,3,2,1,0,0.00,0.00,0.00,0.00,0.00,0.00,0.00,0.00,0.00,0.00,0.00,0.00,0.00,0.00,0.00,0.00,0.00,0.00,0.00,0.00,0.00,0.00,0.00,0.00,0.00,0.00,0.00,0.00,0.00,0.00,0.00,0.00,0.00,0.00,0.00,0.00,0.00,0.00,0.00,0.00,0.00,0.00,0.00,0.00,0.00,0.00,0.00,0.00,0.00,0.00,0.00,0.00,0.00,55544.00,0.00,0.00,0.00,0.00,1995.37
0.00,0.00,0.00,0.00,0.00,0.00,9.00,0.00,0.00,91.00,0.00,355.00,0.00,0.00,0.00,0.00,0.00,0.00,26547.00,0.00,0.00,0.00,0.00,0.00,0.00,0.00,0.00,0.00,673012,1158968,1367708,67.02,47288,560172,3723248,182.45,831460,373536,228,597632,100336,7280,28716,0,0,0,0.00,0,0.00,0,0,0.00,26570,7584,36820,0,0,455,0.00,0.00,0.00,0,0.00,0.00,0.00,0.00,0.00,0.00,0.00,0.00,0.00,0.00,0.00,0.00,0.00,0.00,54217.00,2261.00,74176.47,128.06,0.00,0.00,0.00,0.00,0.00,0.00,0.00,1.00,0.00,0.00,0.00,0.00,0.00,0.00,0.00,0.00,0.00,0.00,0.00,0.00,0.00,0.00,0.00,0.00,0.00,0.00,0.00,0.00,0.00,0.00,721,3,5,0,0,0,54187.00,0.00,4511.00,2260.00,51934.00,2258.00,0.00,0.00,0.00,0.00,0.00,0.00,0.00,0.00,0.00,0.00,0.00,0.00,0.00,0.00,0.00,0.00,0.00,0.00,0.00,0.00,0.00,0.00,0.00,0.00,0.00,0.00,0.00,0.00,0.00,0.00,0.00,0.00,0.00,0.00,0.00,0.00,0.00,0.00,4511.00,2260.00,2253.00,0.00,2.00,0.00,0.00,0.00,0.00,0.00,0.00,3,2,1,0,0.00,0.00,0.00,0.00,0.00,0.00,0.00,0.00,0.00,0.00,0.00,0.00,0.00,0.00,0.00,0.00,0.00,0.00,0.00,0.00,0.00,0.00,0.00,0.00,0.00,0.00,0.00,0.00,0.00,0.00,0.00,0.00,0.00,0.00,0.00,0.00,0.00,0.00,0.00,0.00,0.00,0.00,0.00,0.00,0.00,0.00,0.00,0.00,0.00,0.00,0.00,0.00,0.00,54194.00,0.00,0.00,0.00,0.00,1995.37
0.50,0.00,0.00,0.00,0.00,0.00,8.54,0.00,0.00,90.95,0.00,349.00,0.00,0.00,0.00,0.00,0.00,0.00,26555.00,0.00,0.00,0.00,0.00,0.00,0.00,0.00,0.00,0.00,672980,1158936,1367740,67.02,47288,560188,3723248,182.45,831460,373536,244,597632,100336,7280,28716,0,0,0,0.00,0,0.00,0,0,0.00,26570,7584,36820,0,0,455,0.00,0.00,0.00,0,0.00,0.00,0.00,0.00,0.00,0.00,0.00,0.00,0.00,0.00,0.00,0.00,0.00,0.00,53384.00,2229.00,73027.58,126.25,0.00,0.00,0.00,0.00,0.00,0.00,0.00,0.00,0.00,0.00,0.00,0.00,0.00,0.00,0.00,0.00,0.00,0.00,0.00,0.00,0.00,0.00,0.00,0.00,0.00,0.00,0.00,0.00,0.00,0.00,721,3,5,0,0,0,53378.00,0.00,4450.00,2229.00,51152.00,2224.00,0.00,0.00,0.00,0.00,0.00,0.00,0.00,0.00,0.00,0.00,0.00,0.00,0.00,0.00,0.00,0.00,0.00,0.00,0.00,0.00,0.00,0.00,0.00,0.00,0.00,0.00,0.00,0.00,0.00,0.00,0.00,0.00,0.00,0.00,0.00,0.00,0.00,0.00,4451.00,2229.00,2226.00,0.00,5.00,0.00,0.00,0.00,0.00,0.00,0.00,3,2,1,0,0.00,0.00,0.00,0.00,0.00,0.00,0.00,0.00,0.00,0.00,0.00,0.00,0.00,0.00,0.00,0.00,0.00,0.00,0.00,0.00,0.00,0.00,0.00,0.00,0.00,0.00,0.00,0.00,0.00,0.00,0.00,0.00,0.00,0.00,0.00,0.00,0.00,0.00,0.00,0.00,0.00,0.00,0.00,0.00,0.00,0.00,0.00,0.00,0.00,0.00,0.00,0.00,0.00,53383.00,0.00,0.00,0.00,0.00,1995.37
0.00,0.00,0.50,0.00,0.50,0.00,8.96,0.00,0.00,90.05,0.00,350.00,0.00,0.00,0.00,0.00,0.00,0.00,26275.00,0.00,0.00,0.00,0.00,0.00,0.00,0.00,0.00,0.00,673044,1159000,1367676,67.02,47288,560204,3723248,182.45,831460,373536,260,597632,100336,7280,28716,0,0,0,0.00,0,0.00,0,0,0.00,26570,7584,36820,0,0,455,0.00,0.00,0.00,0,0.00,0.00,0.00,0.00,0.00,0.00,0.00,0.00,0.00,0.00,0.00,0.00,0.00,0.00,52936.00,2209.00,72404.17,125.12,0.00,0.00,0.00,0.00,0.00,0.00,0.00,1.00,0.00,0.00,0.00,0.00,0.00,0.00,0.00,0.00,0.00,0.00,0.00,0.00,0.00,0.00,0.00,0.00,0.00,0.00,0.00,0.00,0.00,0.00,721,3,5,0,0,0,52946.00,0.00,4414.00,2210.00,50738.00,2206.00,0.00,0.00,0.00,0.00,0.00,0.00,0.00,0.00,0.00,0.00,0.00,0.00,0.00,0.00,0.00,0.00,0.00,0.00,0.00,0.00,0.00,0.00,0.00,0.00,0.00,0.00,0.00,0.00,0.00,0.00,0.00,0.00,0.00,0.00,0.00,0.00,0.00,0.00,4414.00,2211.00,2207.00,0.00,4.00,0.00,0.00,0.00,0.00,0.00,0.00,3,2,1,0,0.00,0.00,0.00,0.00,0.00,0.00,0.00,0.00,0.00,0.00,0.00,0.00,0.00,0.00,0.00,0.00,0.00,0.00,0.00,0.00,0.00,0.00,0.00,0.00,0.00,0.00,0.00,0.00,0.00,0.00,0.00,0.00,0.00,0.00,0.00,0.00,0.00,0.00,0.00,0.00,0.00,0.00,0.00,0.00,0.00,0.00,0.00,0.00,0.00,0.00,0.00,0.00,0.00,52983.00,0.00,0.00,0.00,0.00,1995.37
0.00,0.00,0.00,4.02,0.00,0.00,9.55,0.00,0.00,86.43,0.00,367.00,0.00,0.00,0.00,12.00,0.00,0.00,25515.00,0.00,0.00,0.00,0.00,2.00,0.00,2.00,0.00,24.00,672856,1158868,1367864,67.03,47296,560220,3723248,182.45,831464,373588,276,597632,100336,7280,28716,0,0,0,0.00,0,0.00,0,0,0.00,26570,7584,36820,0,0,455,0.00,0.00,0.00,0,0.00,0.00,0.00,0.00,0.00,0.00,2.00,0.00,12.00,6.00,0.00,54.00,0.00,0.00,51748.00,2158.00,70794.53,122.23,0.00,0.00,0.00,0.00,0.00,0.00,0.00,0.00,0.00,0.00,0.00,0.00,0.00,0.00,0.00,0.00,0.00,0.00,0.00,0.00,0.00,0.00,0.00,0.00,0.00,0.00,0.00,0.00,0.00,0.00,721,3,5,0,0,0,51718.00,0.00,4308.00,2157.00,49565.00,2155.00,0.00,0.00,0.00,0.00,0.00,0.00,0.00,0.00,0.00,0.00,0.00,0.00,0.00,0.00,0.00,0.00,0.00,0.00,0.00,0.00,0.00,0.00,0.00,0.00,0.00,0.00,0.00,0.00,0.00,0.00,0.00,0.00,0.00,0.00,0.00,0.00,0.00,0.00,4307.00,2156.00,2153.00,0.00,2.00,0.00,0.00,0.00,0.00,0.00,0.00,3,2,1,0,0.00,0.00,0.00,0.00,0.00,0.00,0.00,0.00,0.00,0.00,0.00,0.00,0.00,0.00,0.00,0.00,0.00,0.00,0.00,0.00,0.00,0.00,0.00,0.00,0.00,0.00,0.00,0.00,0.00,0.00,0.00,0.00,0.00,0.00,0.00,0.00,0.00,0.00,0.00,0.00,0.00,0.00,0.00,0.00,0.00,0.00,0.00,0.00,0.00,0.00,0.00,0.00,0.00,51679.00,0.00,0.00,0.00,0.00,1995.37
0.00,0.00,0.00,0.00,0.00,0.00,9.95,0.00,0.00,90.05,0.00,358.00,0.00,0.00,0.00,0.00,0.00,0.00,25219.00,0.00,0.00,0.00,0.00,0.00,0.00,0.00,0.00,0.00,672856,1158868,1367864,67.03,47296,560232,3723248,182.45,831464,373588,288,597632,100336,7280,28716,0,0,0,0.00,0,0.00,0,0,0.00,26570,7584,36820,0,0,455,0.00,0.00,0.00,0,0.00,0.00,0.00,0.00,0.00,0.00,0.00,0.00,0.00,0.00,0.00,0.00,0.00,0.00,50817.00,2118.00,69514.21,119.96,0.00,0.00,0.00,0.00,0.00,0.00,0.00,1.00,0.00,0.00,0.00,0.00,0.00,0.00,0.00,0.00,0.00,0.00,0.00,0.00,0.00,0.00,0.00,0.00,0.00,0.00,0.00,0.00,0.00,0.00,721,3,5,0,0,0,50808.00,0.00,4234.00,2118.00,48691.00,2117.00,0.00,0.00,0.00,0.00,0.00,0.00,0.00,0.00,0.00,0.00,0.00,0.00,0.00,0.00,0.00,0.00,0.00,0.00,0.00,0.00,0.00,0.00,0.00,0.00,0.00,0.00,0.00,0.00,0.00,0.00,0.00,0.00,0.00,0.00,0.00,0.00,0.00,0.00,4234.00,2118.00,2117.00,0.00,1.00,0.00,0.00,0.00,0.00,0.00,0.00,3,2,1,0,0.00,0.00,0.00,0.00,0.00,0.00,0.00,0.00,0.00,0.00,0.00,0.00,0.00,0.00,0.00,0.00,0.00,0.00,0.00,0.00,0.00,0.00,0.00,0.00,0.00,0.00,0.00,0.00,0.00,0.00,0.00,0.00,0.00,0.00,0.00,0.00,0.00,0.00,0.00,0.00,0.00,0.00,0.00,0.00,0.00,0.00,0.00,0.00,0.00,0.00,0.00,0.00,0.00,50841.00,0.00,0.00,0.00,0.00,1995.37
0.51,0.00,0.51,0.00,0.00,0.00,7.58,0.00,0.00,91.41,0.00,342.00,0.00,0.00,0.00,0.00,0.00,0.00,24364.00,0.00,0.00,0.00,0.00,0.00,0.00,0.00,0.00,0.00,672856,1158868,1367864,67.03,47296,560248,3723248,182.45,831464,373588,304,597632,100336,7280,28716,0,0,0,0.00,0,0.00,0,0,0.00,26570,7584,36820,0,0,455,0.00,0.00,0.00,0,0.00,0.00,0.00,0.00,0.00,0.00,0.00,0.00,0.00,0.00,0.00,0.00,0.00,0.00,50430.00,2103.00,68988.66,119.12,0.00,0.00,0.00,0.00,0.00,0.00,0.00,0.00,0.00,0.00,0.00,0.00,0.00,0.00,0.00,0.00,0.00,0.00,0.00,0.00,0.00,0.00,0.00,0.00,0.00,0.00,0.00,0.00,0.00,0.00,721,3,5,0,0,0,50446.00,0.00,4202.00,2104.00,48346.00,2102.00,0.00,0.00,0.00,0.00,0.00,0.00,0.00,0.00,0.00,0.00,0.00,0.00,0.00,0.00,0.00,0.00,0.00,0.00,0.00,0.00,0.00,0.00,0.00,0.00,0.00,0.00,0.00,0.00,0.00,0.00,0.00,0.00,0.00,0.00,0.00,0.00,0.00,0.00,4203.00,2104.00,2101.00,0.00,2.00,0.00,0.00,0.00,0.00,0.00,0.00,3,2,1,0,0.00,0.00,0.00,0.00,0.00,0.00,0.00,0.00,0.00,0.00,0.00,0.00,0.00,0.00,0.00,0.00,0.00,0.00,0.00,0.00,0.00,0.00,0.00,0.00,0.00,0.00,0.00,0.00,0.00,0.00,0.00,0.00,0.00,0.00,0.00,0.00,0.00,0.00,0.00,0.00,0.00,0.00,0.00,0.00,0.00,0.00,0.00,0.00,0.00,0.00,0.00,0.00,0.00,50477.00,0.00,0.00,0.00,0.00,1995.37
0.00,0.00,0.00,0.00,0.00,0.00,7.61,0.00,0.00,92.39,0.00,340.00,0.00,0.00,0.00,0.00,0.00,0.00,23972.00,0.00,0.00,0.00,0.00,0.00,0.00,0.00,0.00,0.00,672824,1158892,1367896,67.03,47296,560264,3723248,182.45,831464,373644,320,597632,100340,7280,28716,0,0,0,0.00,0,0.00,0,0,0.00,26570,7584,36820,0,0,455,0.00,0.00,0.00,0,0.00,0.00,0.00,0.00,0.00,0.00,0.00,0.00,0.00,0.00,0.00,0.00,0.00,0.00,48694.00,2031.00,66593.06,115.04,0.00,0.00,0.00,0.00,0.00,0.00,0.00,1.00,0.00,0.00,0.00,0.00,0.00,0.00,0.00,0.00,0.00,0.00,0.00,0.00,0.00,0.00,0.00,0.00,0.00,0.00,0.00,0.00,0.00,0.00,721,3,5,0,0,0,48658.00,0.00,4060.00,2030.00,46621.00,2027.00,0.00,0.00,0.00,0.00,0.00,0.00,0.00,0.00,0.00,0.00,0.00,0.00,0.00,0.00,0.00,0.00,0.00,0.00,0.00,0.00,0.00,0.00,0.00,0.00,0.00,0.00,0.00,0.00,0.00,0.00,0.00,0.00,0.00,0.00,0.00,0.00,0.00,0.00,4057.00,2031.00,2029.00,0.00,3.00,0.00,0.00,0.00,0.00,0.00,0.00,3,2,1,0,0.00,0.00,0.00,0.00,0.00,0.00,0.00,0.00,0.00,0.00,0.00,0.00,0.00,0.00,0.00,0.00,0.00,0.00,0.00,0.00,0.00,0.00,0.00,0.00,0.00,0.00,0.00,0.00,0.00,0.00,0.00,0.00,0.00,0.00,0.00,0.00,0.00,0.00,0.00,0.00,0.00,0.00,0.00,0.00,0.00,0.00,0.00,0.00,0.00,0.00,0.00,0.00,0.00,48669.00,0.00,0.00,0.00,0.00,1995.37
0.50,0.00,0.00,0.00,0.00,0.00,9.00,0.00,0.00,90.50,0.00,344.00,0.00,0.00,0.00,0.00,0.00,0.00,24035.00,0.00,0.00,0.00,0.00,0.00,0.00,0.00,0.00,0.00,672952,1159020,1367768,67.02,47296,560280,3723248,182.45,831464,373644,336,597632,100340,7280,28716,0,0,0,0.00,0,0.00,0,0,0.00,26570,7584,36820,0,0,455,0.00,0.00,0.00,0,0.00,0.00,0.00,0.00,0.00,0.00,0.00,0.00,0.00,0.00,0.00,0.00,0.00,0.00,48059.00,2005.00,65738.19,113.56,0.00,0.00,0.00,0.00,0.00,0.00,0.00,0.00,0.00,0.00,0.00,0.00,0.00,0.00,0.00,0.00,0.00,0.00,0.00,0.00,0.00,0.00,0.00,0.00,0.00,0.00,0.00,0.00,0.00,0.00,721,3,5,0,0,0,48049.00,0.00,4005.00,2005.00,46046.00,2002.00,0.00,0.00,0.00,0.00,0.00,0.00,0.00,0.00,0.00,0.00,0.00,0.00,0.00,0.00,0.00,0.00,0.00,0.00,0.00,0.00,0.00,0.00,0.00,0.00,0.00,0.00,0.00,0.00,0.00,0.00,0.00,0.00,0.00,0.00,0.00,0.00,0.00,0.00,4004.00,2005.00,2003.00,0.00,3.00,0.00,0.00,0.00,0.00,0.00,0.00,3,2,1,0,0.00,0.00,0.00,0.00,0.00,0.00,0.00,0.00,0.00,0.00,0.00,0.00,0.00,0.00,0.00,0.00,0.00,0.00,0.00,0.00,0.00,0.00,0.00,0.00,0.00,0.00,0.00,0.00,0.00,0.00,0.00,0.00,0.00,0.00,0.00,0.00,0.00,0.00,0.00,0.00,0.00,0.00,0.00,0.00,0.00,0.00,0.00,0.00,0.00,0.00,0.00,0.00,0.00,48035.00,0.00,0.00,0.00,0.00,1995.37
0.00,0.00,0.00,0.50,0.50,0.00,8.04,0.00,0.00,90.95,0.00,368.00,0.00,0.00,0.00,12.00,0.00,0.00,22715.00,0.00,0.00,0.00,0.00,2.00,0.00,2.00,0.00,24.00,672920,1158988,1367800,67.03,47304,560296,3723248,182.45,831464,373644,352,597632,100340,7280,28716,0,0,0,0.00,0,0.00,0,0,0.00,26570,7584,36820,0,0,455,0.00,0.00,0.00,0,0.00,0.00,0.00,0.00,0.00,0.00,2.00,0.00,12.00,6.00,0.00,8.00,0.00,0.00,46495.00,1940.00,63603.63,109.87,0.00,0.00,0.00,0.00,0.00,0.00,0.00,1.00,0.00,0.00,0.00,0.00,0.00,0.00,0.00,0.00,0.00,0.00,0.00,0.00,0.00,0.00,0.00,0.00,0.00,0.00,0.00,0.00,0.00,0.00,721,3,5,0,0,0,46487.00,0.00,3873.00,1939.00,44551.00,1937.00,0.00,0.00,0.00,0.00,0.00,0.00,0.00,0.00,0.00,0.00,0.00,0.00,0.00,0.00,0.00,0.00,0.00,0.00,0.00,0.00,0.00,0.00,0.00,0.00,0.00,0.00,0.00,0.00,0.00,0.00,0.00,0.00,0.00,0.00,0.00,0.00,0.00,0.00,3874.00,1939.00,1936.00,0.00,2.00,0.00,0.00,0.00,0.00,0.00,0.00,3,2,1,0,0.00,0.00,0.00,0.00,0.00,0.00,0.00,0.00,0.00,0.00,0.00,0.00,0.00,0.00,0.00,0.00,0.00,0.00,0.00,0.00,0.00,0.00,0.00,0.00,0.00,0.00,0.00,0.00,0.00,0.00,0.00,0.00,0.00,0.00,0.00,0.00,0.00,0.00,0.00,0.00,0.00,0.00,0.00,0.00,0.00,0.00,0.00,0.00,0.00,0.00,0.00,0.00,0.00,46495.00,0.00,0.00,0.00,0.00,1995.37
0.00,0.00,0.00,0.00,0.00,0.00,9.00,0.00,0.00,91.00,0.00,355.00,0.00,0.00,0.00,0.00,0.00,0.00,22395.00,0.00,0.00,0.00,0.00,0.00,0.00,0.00,0.00,0.00,672888,1159012,1367832,67.03,47304,560308,3723248,182.45,831472,373692,364,597632,100340,7280,28716,0,0,0,0.00,0,0.00,0,0,0.00,26570,7584,36820,0,0,455,0.00,0.00,0.00,0,0.00,0.00,0.00,0.00,0.00,0.00,0.00,0.00,0.00,0.00,0.00,0.00,0.00,0.00,45650.00,1906.00,62454.08,107.96,0.00,0.00,0.00,0.00,0.00,0.00,0.00,0.00,0.00,0.00,0.00,0.00,0.00,0.00,0.00,0.00,0.00,0.00,0.00,0.00,0.00,0.00,0.00,0.00,0.00,0.00,0.00,0.00,0.00,0.00,721,3,5,0,0,0,45647.00,0.00,3803.00,1906.00,43746.00,1902.00,0.00,0.00,0.00,0.00,0.00,0.00,0.00,0.00,0.00,0.00,0.00,0.00,0.00,0.00,0.00,0.00,0.00,0.00,0.00,0.00,0.00,0.00,0.00,0.00,0.00,0.00,0.00,0.00,0.00,0.00,0.00,0.00,0.00,0.00,0.00,0.00,0.00,0.00,3803.00,1906.00,1901.00,0.00,4.00,0.00,0.00,0.00,0.00,0.00,0.00,3,2,1,0,0.00,0.00,0.00,0.00,0.00,0.00,0.00,0.00,0.00,0.00,0.00,0.00,0.00,0.00,0.00,0.00,0.00,0.00,0.00,0.00,0.00,0.00,0.00,0.00,0.00,0.00,0.00,0.00,0.00,0.00,0.00,0.00,0.00,0.00,0.00,0.00,0.00,0.00,0.00,0.00,0.00,0.00,0.00,0.00,0.00,0.00,0.00,0.00,0.00,0.00,0.00,0.00,0.00,45650.00,0.00,0.00,0.00,0.00,1995.37
0.50,0.00,0.00,0.00,0.00,0.00,8.04,0.00,0.00,91.46,0.00,351.00,0.00,0.00,0.00,0.00,0.00,0.00,22595.00,0.00,0.00,0.00,0.00,0.00,0.00,0.00,0.00,0.00,672764,1158888,1367956,67.03,47304,560324,3723248,182.45,831472,373692,380,597632,100340,7280,28716,0,0,0,0.00,0,0.00,0,0,0.00,26570,7584,36820,0,0,455,0.00,0.00,0.00,0,0.00,0.00,0.00,0.00,0.00,0.00,0.00,0.00,0.00,0.00,0.00,0.00,0.00,0.00,44959.00,1876.00,61502.11,106.26,0.00,0.00,0.00,0.00,0.00,0.00,0.00,1.00,0.00,0.00,0.00,0.00,0.00,0.00,0.00,0.00,0.00,0.00,0.00,0.00,0.00,0.00,0.00,0.00,0.00,0.00,0.00,0.00,0.00,0.00,721,3,5,0,0,0,44955.00,0.00,3749.00,1876.00,43079.00,1873.00,0.00,0.00,0.00,0.00,0.00,0.00,0.00,0.00,0.00,0.00,0.00,0.00,0.00,0.00,0.00,0.00,0.00,0.00,0.00,0.00,0.00,0.00,0.00,0.00,0.00,0.00,0.00,0.00,0.00,0.00,0.00,0.00,0.00,0.00,0.00,0.00,0.00,0.00,3748.00,1876.00,1875.00,0.00,3.00,0.00,0.00,0.00,0.00,0.00,0.00,3,2,1,0,0.00,0.00,0.00,0.00,0.00,0.00,0.00,0.00,0.00,0.00,0.00,0.00,0.00,0.00,0.00,0.00,0.00,0.00,0.00,0.00,0.00,0.00,0.00,0.00,0.00,0.00,0.00,0.00,0.00,0.00,0.00,0.00,0.00,0.00,0.00,0.00,0.00,0.00,0.00,0.00,0.00,0.00,0.00,0.00,0.00,0.00,0.00,0.00,0.00,0.00,0.00,0.00,0.00,44983.00,0.00,0.00,0.00,0.00,1995.37
0.00,0.00,0.00,0.00,0.00,0.00,8.96,0.00,0.00,91.04,0.00,359.00,0.00,0.00,0.00,0.00,0.00,0.00,22123.00,0.00,0.00,0.00,0.00,0.00,0.00,0.00,0.00,0.00,672636,1158760,1368084,67.04,47304,560340,3723248,182.45,831472,373692,396,597632,100340,7280,28716,0,0,0,0.00,0,0.00,0,0,0.00,26570,7584,36820,0,0,455,0.00,0.00,0.00,0,0.00,0.00,0.00,0.00,0.00,0.00,0.00,0.00,0.00,0.00,0.00,0.00,0.00,0.00,44269.00,1846.00,60550.24,104.54,0.00,0.00,0.00,0.00,0.00,0.00,0.00,0.00,0.00,0.00,0.00,0.00,0.00,0.00,0.00,0.00,0.00,0.00,0.00,0.00,0.00,0.00,0.00,0.00,0.00,0.00,0.00,0.00,0.00,0.00,721,3,5,0,0,0,44253.00,0.00,3685.00,1845.00,42412.00,1844.00,0.00,0.00,0.00,0.00,0.00,0.00,0.00,0.00,0.00,0.00,0.00,0.00,0.00,0.00,0.00,0.00,0.00,0.00,0.00,0.00,0.00,0.00,0.00,0.00,0.00,0.00,0.00,0.00,0.00,0.00,0.00,0.00,0.00,0.00,0.00,0.00,0.00,0.00,3686.00,1845.00,1842.00,0.00,1.00,0.00,0.00,0.00,0.00,0.00,0.00,3,2,1,0,0.00,0.00,0.00,0.00,0.00,0.00,0.00,0.00,0.00,0.00,0.00,0.00,0.00,0.00,0.00,0.00,0.00,0.00,0.00,0.00,0.00,0.00,0.00,0.00,0.00,0.00,0.00,0.00,0.00,0.00,0.00,0.00,0.00,0.00,0.00,0.00,0.00,0.00,0.00,0.00,0.00,0.00,0.00,0.00,0.00,0.00,0.00,0.00,0.00,0.00,0.00,0.00,0.00,44245.00,0.00,0.00,0.00,0.00,1995.37
0.50,0.00,0.50,0.00,0.00,0.00,7.50,0.00,0.00,91.50,0.00,334.00,0.00,0.00,0.00,0.00,0.00,0.00,20947.00,0.00,0.00,0.00,0.00,0.00,0.00,0.00,0.00,0.00,672796,1158920,1367924,67.03,47304,560356,3723248,182.45,831472,373692,412,597632,100340,7280,28716,0,0,0,0.00,0,0.00,0,0,0.00,26570,7584,36820,0,0,455,0.00,0.00,0.00,0,0.00,0.00,0.00,0.00,0.00,0.00,0.00,0.00,0.00,0.00,0.00,0.00,0.00,0.00,42606.00,1778.00,58284.15,100.71,0.00,0.00,0.00,0.00,0.00,0.00,0.00,1.00,0.00,0.00,0.00,0.00,0.00,0.00,0.00,0.00,0.00,0.00,0.00,0.00,0.00,0.00,0.00,0.00,0.00,0.00,0.00,0.00,0.00,0.00,721,3,5,0,0,0,42599.00,0.00,3549.00,1778.00,40825.00,1775.00,0.00,0.00,0.00,0.00,0.00,0.00,0.00,0.00,0.00,0.00,0.00,0.00,0.00,0.00,0.00,0.00,0.00,0.00,0.00,0.00,0.00,0.00,0.00,0.00,0.00,0.00,0.00,0.00,0.00,0.00,0.00,0.00,0.00,0.00,0.00,0.00,0.00,0.00,3547.00,1777.00,1773.00,0.00,3.00,0.00,0.00,0.00,0.00,0.00,0.00,3,2,1,0,0.00,0.00,0.00,0.00,0.00,0.00,0.00,0.00,0.00,0.00,0.00,0.00,0.00,0.00,0.00,0.00,0.00,0.00,0.00,0.00,0.00,0.00,0.00,0.00,0.00,0.00,0.00,0.00,0.00,0.00,0.00,0.00,0.00,0.00,0.00,0.00,0.00,0.00,0.00,0.00,0.00,0.00,0.00,0.00,0.00,0.00,0.00,0.00,0.00,0.00,0.00,0.00,0.00,42558.00,0.00,0.00,0.00,0.00,1995.37
0.00,0.00,0.00,1.52,0.51,0.00,6.57,0.00,0.00,91.41,0.00,352.00,0.00,0.00,0.00,12.00,0.00,0.00,20891.00,0.00,0.00,0.00,0.00,2.00,0.00,2.00,0.00,24.00,672764,1158944,1367956,67.03,47312,560372,3723248,182.45,831476,373744,428,597632,100340,7280,28716,0,0,0,0.00,0,0.00,0,0,0.00,26570,7584,36820,0,0,455,0.00,0.00,0.00,0,0.00,0.00,0.00,0.00,0.00,0.00,2.00,0.00,12.00,6.00,0.00,16.00,0.00,0.00,41790.00,1745.00,57167.72,98.83,0.00,0.00,0.00,0.00,0.00,0.00,0.00,0.00,0.00,0.00,0.00,0.00,0.00,0.00,0.00,0.00,0.00,0.00,0.00,0.00,0.00,0.00,0.00,0.00,0.00,0.00,0.00,0.00,0.00,0.00,721,3,5,0,0,0,41807.00,0.00,3483.00,1746.00,40066.00,1742.00,0.00,0.00,0.00,0.00,0.00,0.00,0.00,0.00,0.00,0.00,0.00,0.00,0.00,0.00,0.00,0.00,0.00,0.00,0.00,0.00,0.00,0.00,0.00,0.00,0.00,0.00,0.00,0.00,0.00,0.00,0.00,0.00,0.00,0.00,0.00,0.00,0.00,0.00,3484.00,1746.00,1742.00,0.00,4.00,0.00,0.00,0.00,0.00,0.00,0.00,3,2,1,0,0.00,0.00,0.00,0.00,0.00,0.00,0.00,0.00,0.00,0.00,0.00,0.00,0.00,0.00,0.00,0.00,0.00,0.00,0.00,0.00,0.00,0.00,0.00,0.00,0.00,0.00,0.00,0.00,0.00,0.00,0.00,0.00,0.00,0.00,0.00,0.00,0.00,0.00,0.00,0.00,0.00,0.00,0.00,0.00,0.00,0.00,0.00,0.00,0.00,0.00,0.00,0.00,0.00,41884.00,0.00,0.00,0.00,0.00,1995.37
0.51,0.00,0.00,0.00,0.00,0.00,7.58,0.00,0.00,91.92,0.00,335.64,0.00,0.00,0.00,0.00,0.00,0.00,20074.26,0.00,0.00,0.00,0.00,0.00,0.00,0.00,0.00,0.00,672732,1158912,1367988,67.03,47312,560384,3723248,182.45,831476,373744,440,597632,100340,7280,28716,0,0,0,0.00,0,0.00,0,0,0.00,26570,7584,36820,0,0,455,0.00,0.00,0.00,0,0.00,0.00,0.00,0.00,0.00,0.00,0.00,0.00,0.00,0.00,0.00,0.00,0.00,0.00,41114.85,1713.86,56244.10,97.07,0.00,0.00,0.00,0.00,0.00,0.00,0.00,0.99,0.00,0.00,0.00,0.00,0.00,0.00,0.00,0.00,0.00,0.00,0.00,0.00,0.00,0.00,0.00,0.00,0.00,0.00,0.00,0.00,0.00,0.00,721,3,5,0,0,0,41083.17,0.00,3421.78,1712.87,39373.27,1711.88,0.00,0.00,0.00,0.00,0.00,0.00,0.00,0.00,0.00,0.00,0.00,0.00,0.00,0.00,0.00,0.00,0.00,0.00,0.00,0.00,0.00,0.00,0.00,0.00,0.00,0.00,0.00,0.00,0.00,0.00,0.00,0.00,0.00,0.00,0.00,0.00,0.00,0.00,3420.79,1712.87,1709.90,0.00,0.99,0.00,0.00,0.00,0.00,0.00,0.00,3,2,1,0,0.00,0.00,0.00,0.00,0.00,0.00,0.00,0.00,0.00,0.00,0.00,0.00,0.00,0.00,0.00,0.00,0.00,0.00,0.00,0.00,0.00,0.00,0.00,0.00,0.00,0.00,0.00,0.00,0.00,0.00,0.00,0.00,0.00,0.00,0.00,0.00,0.00,0.00,0.00,0.00,0.00,0.00,0.00,0.00,0.00,0.00,0.00,0.00,0.00,0.00,0.00,0.00,0.00,41045.54,0.00,0.00,0.00,0.00,1995.37
1.52,0.00,3.55,1.52,0.00,0.00,6.60,0.00,0.00,86.80,27.00,1177.00,0.00,0.00,0.00,24.00,4613.00,0.00,23648.00,0.00,0.00,0.00,0.00,3.00,0.00,3.00,0.00,48.00,669988,1156232,1370732,67.17,47320,560400,3724888,182.53,834028,373736,572,600072,100380,7344,28716,0,0,0,0.00,0,0.00,0,0,0.00,26583,7616,36833,0,0,459,0.00,0.00,0.00,0,0.00,0.00,0.00,0.00,0.00,0.00,3.00,0.00,24.00,8.00,0.00,22.67,0.00,0.00,40787.00,1703.00,55788.90,96.46,0.00,0.00,0.00,0.00,0.00,0.00,0.00,0.00,0.00,0.00,0.00,0.00,0.00,0.00,0.00,0.00,0.00,0.00,0.00,0.00,0.00,0.00,0.00,0.00,0.00,0.00,0.00,0.00,0.00,0.00,721,3,5,0,0,0,40801.00,0.00,3401.00,1704.00,39100.00,1700.00,0.00,0.00,0.00,0.00,0.00,0.00,0.00,0.00,0.00,0.00,0.00,0.00,0.00,0.00,0.00,0.00,0.00,0.00,0.00,0.00,0.00,0.00,0.00,0.00,0.00,0.00,0.00,0.00,0.00,0.00,0.00,0.00,0.00,0.00,0.00,0.00,0.00,0.00,3401.00,1704.00,1700.00,0.00,4.00,0.00,0.00,0.00,0.00,0.00,0.00,3,2,1,0,0.00,0.00,0.00,0.00,0.00,0.00,0.00,0.00,0.00,0.00,0.00,0.00,0.00,0.00,0.00,0.00,0.00,0.00,0.00,0.00,0.00,0.00,0.00,0.00,0.00,0.00,0.00,0.00,0.00,0.00,0.00,0.00,0.00,0.00,0.00,0.00,0.00,0.00,0.00,0.00,0.00,0.00,0.00,0.00,0.00,0.00,0.00,0.00,0.00,0.00,0.00,0.00,0.00,40812.00,0.00,0.00,0.00,0.00,1995.37
0.00,0.00,0.00,0.00,0.00,0.00,7.61,0.00,0.00,92.39,0.00,355.00,0.00,0.00,0.00,0.00,0.00,0.00,19148.00,0.00,0.00,0.00,0.00,0.00,0.00,0.00,0.00,0.00,670084,1156328,1370636,67.16,47320,560416,3724888,182.53,834028,373736,588,600072,100380,7344,28716,0,0,0,0.00,0,0.00,0,0,0.00,26583,7616,36833,0,0,459,0.00,0.00,0.00,0,0.00,0.00,0.00,0.00,0.00,0.00,0.00,0.00,0.00,0.00,0.00,0.00,0.00,0.00,39703.00,1654.00,54311.04,93.68,0.00,0.00,0.00,0.00,0.00,0.00,0.00,1.00,0.00,0.00,0.00,0.00,0.00,0.00,0.00,0.00,0.00,0.00,0.00,0.00,0.00,0.00,0.00,0.00,0.00,0.00,0.00,0.00,0.00,0.00,721,3,5,0,0,0,39696.00,0.00,3308.00,1654.00,38042.00,1654.00,0.00,0.00,0.00,0.00,0.00,0.00,0.00,0.00,0.00,0.00,0.00,0.00,0.00,0.00,0.00,0.00,0.00,0.00,0.00,0.00,0.00,0.00,0.00,0.00,0.00,0.00,0.00,0.00,0.00,0.00,0.00,0.00,0.00,0.00,0.00,0.00,0.00,0.00,3308.00,1654.00,1654.00,0.00,0.00,0.00,0.00,0.00,0.00,0.00,0.00,3,2,1,0,0.00,0.00,0.00,0.00,0.00,0.00,0.00,0.00,0.00,0.00,0.00,0.00,0.00,0.00,0.00,0.00,0.00,0.00,0.00,0.00,0.00,0.00,0.00,0.00,0.00,0.00,0.00,0.00,0.00,0.00,0.00,0.00,0.00,0.00,0.00,0.00,0.00,0.00,0.00,0.00,0.00,0.00,0.00,0.00,0.00,0.00,0.00,0.00,0.00,0.00,0.00,0.00,0.00,39725.00,0.00,0.00,0.00,0.00,1995.37
0.49,0.00,0.49,0.00,0.00,0.00,9.27,0.00,0.00,89.76,0.00,368.00,0.00,0.00,0.00,0.00,0.00,0.00,19259.00,0.00,0.00,0.00,0.00,0.00,0.00,0.00,0.00,0.00,670116,1156360,1370604,67.16,47320,560432,3724888,182.53,834028,373736,604,600072,100380,7344,28716,0,0,0,0.00,0,0.00,0,0,0.00,26583,7616,36833,0,0,459,0.00,0.00,0.00,0,0.00,0.00,0.00,0.00,0.00,0.00,0.00,0.00,0.00,0.00,0.00,0.00,0.00,0.00,38331.00,1597.00,52439.21,90.46,0.00,0.00,0.00,0.00,0.00,0.00,0.00,2.00,0.00,0.00,0.00,0.00,0.00,0.00,0.00,0.00,0.00,0.00,0.00,0.00,0.00,0.00,0.00,0.00,0.00,0.00,0.00,0.00,0.00,0.00,721,3,5,0,0,0,38326.00,0.00,3192.00,1597.00,36731.00,1597.00,0.00,0.00,0.00,0.00,0.00,0.00,0.00,0.00,0.00,0.00,0.00,0.00,0.00,0.00,0.00,0.00,0.00,0.00,0.00,0.00,0.00,0.00,0.00,0.00,0.00,0.00,0.00,0.00,0.00,0.00,0.00,0.00,0.00,0.00,0.00,0.00,0.00,0.00,3192.00,1597.00,1595.00,0.00,0.00,0.00,0.00,0.00,0.00,0.00,0.00,3,2,1,0,0.00,0.00,0.00,0.00,0.00,0.00,0.00,0.00,0.00,0.00,0.00,0.00,0.00,0.00,0.00,0.00,0.00,0.00,0.00,0.00,0.00,0.00,0.00,0.00,0.00,0.00,0.00,0.00,0.00,0.00,0.00,0.00,0.00,0.00,0.00,0.00,0.00,0.00,0.00,0.00,0.00,0.00,0.00,0.00,0.00,0.00,0.00,0.00,0.00,0.00,0.00,0.00,0.00,38309.00,0.00,0.00,0.00,0.00,1995.37
0.00,0.00,0.00,0.00,0.50,0.00,7.92,0.00,0.00,91.58,0.00,331.00,0.00,0.00,0.00,0.00,0.00,0.00,18699.00,0.00,0.00,0.00,0.00,0.00,0.00,0.00,0.00,0.00,669956,1156200,1370764,67.17,47320,560448,3724888,182.53,834028,373736,620,600072,100380,7344,28716,0,0,0,0.00,0,0.00,0,0,0.00,26583,7616,36833,0,0,459,0.00,0.00,0.00,0,0.00,0.00,0.00,0.00,0.00,0.00,0.00,0.00,0.00,0.00,0.00,0.00,0.00,0.00,37884.00,1580.00,51815.80,89.49,0.00,0.00,0.00,0.00,0.00,0.00,0.00,1.00,0.00,0.00,0.00,0.00,0.00,0.00,0.00,0.00,0.00,0.00,0.00,0.00,0.00,0.00,0.00,0.00,0.00,0.00,0.00,0.00,0.00,0.00,721,3,5,0,0,0,37851.00,0.00,3157.00,1579.00,36271.00,1577.00,0.00,0.00,0.00,0.00,0.00,0.00,0.00,0.00,0.00,0.00,0.00,0.00,0.00,0.00,0.00,0.00,0.00,0.00,0.00,0.00,0.00,0.00,0.00,0.00,0.00,0.00,0.00,0.00,0.00,0.00,0.00,0.00,0.00,0.00,0.00,0.00,0.00,0.00,3157.00,1579.00,1580.00,0.00,2.00,0.00,0.00,0.00,0.00,0.00,0.00,3,2,1,0,0.00,0.00,0.00,0.00,0.00,0.00,0.00,0.00,0.00,0.00,0.00,0.00,0.00,0.00,0.00,0.00,0.00,0.00,0.00,0.00,0.00,0.00,0.00,0.00,0.00,0.00,0.00,0.00,0.00,0.00,0.00,0.00,0.00,0.00,0.00,0.00,0.00,0.00,0.00,0.00,0.00,0.00,0.00,0.00,0.00,0.00,0.00,0.00,0.00,0.00,0.00,0.00,0.00,37859.00,0.00,0.00,0.00,0.00,1995.37
0.00,0.00,0.50,0.00,0.00,0.00,6.97,0.00,0.00,92.54,0.00,333.00,0.00,0.00,0.00,0.00,0.00,0.00,18347.00,0.00,0.00,0.00,0.00,0.00,0.00,0.00,0.00,0.00,669924,1156224,1370796,67.17,47320,560460,3724888,182.53,834028,373792,632,600072,100380,7344,28716,0,0,0,0.00,0,0.00,0,0,0.00,26583,7616,36833,0,0,459,0.00,0.00,0.00,0,0.00,0.00,0.00,0.00,0.00,0.00,0.00,0.00,0.00,0.00,0.00,0.00,0.00,0.00,36966.00,1542.00,50567.70,87.34,0.00,0.00,0.00,0.00,0.00,0.00,0.00,0.00,0.00,0.00,0.00,0.00,0.00,0.00,0.00,0.00,0.00,0.00,0.00,0.00,0.00,0.00,0.00,0.00,0.00,0.00,0.00,0.00,0.00,0.00,721,3,5,0,0,0,36982.00,0.00,3080.00,1543.00,35443.00,1541.00,0.00,0.00,0.00,0.00,0.00,0.00,0.00,0.00,0.00,0.00,0.00,0.00,0.00,0.00,0.00,0.00,0.00,0.00,0.00,0.00,0.00,0.00,0.00,0.00,0.00,0.00,0.00,0.00,0.00,0.00,0.00,0.00,0.00,0.00,0.00,0.00,0.00,0.00,3081.00,1543.00,1540.00,0.00,2.00,0.00,0.00,0.00,0.00,0.00,0.00,3,2,1,0,0.00,0.00,0.00,0.00,0.00,0.00,0.00,0.00,0.00,0.00,0.00,0.00,0.00,0.00,0.00,0.00,0.00,0.00,0.00,0.00,0.00,0.00,0.00,0.00,0.00,0.00,0.00,0.00,0.00,0.00,0.00,0.00,0.00,0.00,0.00,0.00,0.00,0.00,0.00,0.00,0.00,0.00,0.00,0.00,0.00,0.00,0.00,0.00,0.00,0.00,0.00,0.00,0.00,37014.00,0.00,0.00,0.00,0.00,1995.37
0.00,0.00,0.00,1.99,0.00,0.00,7.96,0.00,0.00,90.05,0.00,345.00,0.00,0.00,0.00,24.00,0.00,0.00,17507.00,0.00,0.00,0.00,0.00,1.00,0.00,1.00,0.00,40.00,669988,1156288,1370732,67.17,47328,560468,3724888,182.53,834028,373792,648,600072,100380,7344,28716,0,0,0,0.00,0,0.00,0,0,0.00,26583,7616,36833,0,0,459,0.00,0.00,0.00,1,0.00,0.00,0.00,0.00,0.00,0.00,1.00,0.00,20.00,20.00,0.00,0.00,0.00,0.00,35787.00,1495.00,48958.57,84.67,0.00,0.00,0.00,0.00,0.00,0.00,0.00,1.00,0.00,0.00,0.00,0.00,0.00,0.00,0.00,0.00,0.00,0.00,0.00,0.00,0.00,0.00,0.00,0.00,0.00,0.00,0.00,0.00,0.00,0.00,721,3,5,0,0,0,35759.00,0.00,2979.00,1494.00,34270.00,1490.00,0.00,0.00,0.00,0.00,0.00,0.00,0.00,0.00,0.00,0.00,0.00,0.00,0.00,0.00,0.00,0.00,0.00,0.00,0.00,0.00,0.00,0.00,0.00,0.00,0.00,0.00,0.00,0.00,0.00,0.00,0.00,0.00,0.00,0.00,0.00,0.00,0.00,0.00,2978.00,1494.00,1488.00,0.00,4.00,0.00,0.00,0.00,0.00,0.00,0.00,3,2,1,0,0.00,0.00,0.00,0.00,0.00,0.00,0.00,0.00,0.00,0.00,0.00,0.00,0.00,0.00,0.00,0.00,0.00,0.00,0.00,0.00,0.00,0.00,0.00,0.00,0.00,0.00,0.00,0.00,0.00,0.00,0.00,0.00,0.00,0.00,0.00,0.00,0.00,0.00,0.00,0.00,0.00,0.00,0.00,0.00,0.00,0.00,0.00,0.00,0.00,0.00,0.00,0.00,0.00,35764.00,0.00,0.00,0.00,0.00,1995.37
0.00,0.00,0.50,0.50,0.00,0.00,7.92,0.00,0.00,91.09,0.00,342.00,0.00,0.00,0.00,0.00,0.00,0.00,17611.00,0.00,0.00,0.00,0.00,1.00,0.00,1.00,0.00,8.00,670020,1156320,1370700,67.17,47328,560492,3724888,182.53,834028,373792,668,600072,100380,7344,28716,0,0,0,0.00,0,0.00,0,0,0.00,26583,7616,36833,0,0,459,0.00,0.00,0.00,0,0.00,0.00,0.00,0.00,0.00,0.00,1.00,0.00,4.00,4.00,0.00,72.00,0.00,0.00,35240.00,1471.00,48203.61,83.31,0.00,0.00,0.00,0.00,0.00,0.00,0.00,0.00,0.00,0.00,0.00,0.00,0.00,0.00,0.00,0.00,0.00,0.00,0.00,0.00,0.00,0.00,0.00,0.00,0.00,0.00,0.00,0.00,0.00,0.00,721,3,5,0,0,0,35256.00,0.00,2938.00,1472.00,33787.00,1469.00,0.00,0.00,0.00,0.00,0.00,0.00,0.00,0.00,0.00,0.00,0.00,0.00,0.00,0.00,0.00,0.00,0.00,0.00,0.00,0.00,0.00,0.00,0.00,0.00,0.00,0.00,0.00,0.00,0.00,0.00,0.00,0.00,0.00,0.00,0.00,0.00,0.00,0.00,2939.00,1472.00,1470.00,0.00,3.00,0.00,0.00,0.00,0.00,0.00,0.00,3,2,1,0,0.00,0.00,0.00,0.00,0.00,0.00,0.00,0.00,0.00,0.00,0.00,0.00,0.00,0.00,0.00,0.00,0.00,0.00,0.00,0.00,0.00,0.00,0.00,0.00,0.00,0.00,0.00,0.00,0.00,0.00,0.00,0.00,0.00,0.00,0.00,0.00,0.00,0.00,0.00,0.00,0.00,0.00,0.00,0.00,0.00,0.00,0.00,0.00,0.00,0.00,0.00,0.00,0.00,35262.00,0.00,0.00,0.00,0.00,1995.37
0.51,0.00,0.00,0.00,0.51,0.00,5.56,0.00,0.00,93.43,0.00,340.00,0.00,0.00,0.00,540.00,1.00,0.00,16763.00,0.00,0.00,0.00,0.00,2.00,0.00,2.00,0.00,1080.00,670084,1156440,1370636,67.16,47328,560508,3724888,182.53,834036,373840,144,600072,100380,7344,28716,0,0,0,0.00,0,0.00,0,0,0.00,26583,7616,36833,0,0,459,0.00,0.00,0.00,0,0.00,0.00,0.00,0.00,0.00,0.00,2.00,0.00,540.00,270.00,0.00,0.00,0.00,0.00,33948.00,1415.00,46430.73,80.15,0.00,0.00,0.00,0.00,0.00,0.00,0.00,1.00,0.00,0.00,0.00,0.00,0.00,0.00,0.00,0.00,0.00,0.00,0.00,0.00,0.00,0.00,0.00,0.00,0.00,0.00,0.00,0.00,0.00,0.00,721,3,5,0,0,0,33911.00,0.00,2825.00,1414.00,32499.00,1413.00,0.00,0.00,0.00,0.00,0.00,0.00,0.00,0.00,0.00,0.00,0.00,0.00,0.00,0.00,0.00,0.00,0.00,0.00,0.00,0.00,0.00,0.00,0.00,0.00,0.00,0.00,0.00,0.00,0.00,0.00,0.00,0.00,0.00,0.00,0.00,0.00,0.00,0.00,2825.00,1414.00,1412.00,0.00,1.00,0.00,0.00,0.00,0.00,0.00,0.00,3,2,1,0,0.00,0.00,0.00,0.00,0.00,0.00,0.00,0.00,0.00,0.00,0.00,0.00,0.00,0.00,0.00,0.00,0.00,0.00,0.00,0.00,0.00,0.00,0.00,0.00,0.00,0.00,0.00,0.00,0.00,0.00,0.00,0.00,0.00,0.00,0.00,0.00,0.00,0.00,0.00,0.00,0.00,0.00,0.00,0.00,0.00,0.00,0.00,0.00,0.00,0.00,0.00,0.00,0.00,33878.00,0.00,0.00,0.00,0.00,1995.37
0.00,0.00,0.00,0.00,0.00,0.00,7.00,0.00,0.00,93.00,0.00,330.00,0.00,0.00,0.00,0.00,0.00,0.00,16203.00,0.00,0.00,0.00,0.00,0.00,0.00,0.00,0.00,0.00,670116,1156472,1370604,67.16,47328,560524,3724888,182.53,834036,373840,164,600072,100380,7344,28716,0,0,0,0.00,0,0.00,0,0,0.00,26583,7616,36833,0,0,459,0.00,0.00,0.00,0,0.00,0.00,0.00,0.00,0.00,0.00,0.00,0.00,0.00,0.00,0.00,0.00,0.00,0.00,32815.00,1368.00,44887.13,77.48,0.00,0.00,0.00,0.00,0.00,0.00,0.00,0.00,0.00,0.00,0.00,0.00,0.00,0.00,0.00,0.00,0.00,0.00,0.00,0.00,0.00,0.00,0.00,0.00,0.00,0.00,0.00,0.00,0.00,0.00,721,3,5,0,0,0,32809.00,0.00,2735.00,1368.00,31441.00,1367.00,0.00,0.00,0.00,0.00,0.00,0.00,0.00,0.00,0.00,0.00,0.00,0.00,0.00,0.00,0.00,0.00,0.00,0.00,0.00,0.00,0.00,0.00,0.00,0.00,0.00,0.00,0.00,0.00,0.00,0.00,0.00,0.00,0.00,0.00,0.00,0.00,0.00,0.00,2735.00,1368.00,1368.00,0.00,1.00,0.00,0.00,0.00,0.00,0.00,0.00,3,2,1,0,0.00,0.00,0.00,0.00,0.00,0.00,0.00,0.00,0.00,0.00,0.00,0.00,0.00,0.00,0.00,0.00,0.00,0.00,0.00,0.00,0.00,0.00,0.00,0.00,0.00,0.00,0.00,0.00,0.00,0.00,0.00,0.00,0.00,0.00,0.00,0.00,0.00,0.00,0.00,0.00,0.00,0.00,0.00,0.00,0.00,0.00,0.00,0.00,0.00,0.00,0.00,0.00,0.00,32839.00,0.00,0.00,0.00,0.00,1995.37
0.50,0.00,0.50,0.00,0.00,0.00,6.97,0.00,0.00,92.04,0.00,324.00,0.00,0.00,0.00,0.00,0.00,0.00,15971.00,0.00,0.00,0.00,0.00,0.00,0.00,0.00,0.00,0.00,669800,1156160,1370920,67.18,47328,560536,3724888,182.53,834036,373840,176,600072,100384,7344,28716,0,0,0,0.00,0,0.00,0,0,0.00,26583,7616,36833,0,0,459,0.00,0.00,0.00,0,0.00,0.00,0.00,0.00,0.00,0.00,0.00,0.00,0.00,0.00,0.00,0.00,0.00,0.00,32289.00,1347.00,44164.85,76.29,0.00,0.00,0.00,0.00,0.00,0.00,0.00,1.00,0.00,0.00,0.00,0.00,0.00,0.00,0.00,0.00,0.00,0.00,0.00,0.00,0.00,0.00,0.00,0.00,0.00,0.00,0.00,0.00,0.00,0.00,721,3,5,0,0,0,32282.00,0.00,2692.00,1347.00,30935.00,1345.00,0.00,0.00,0.00,0.00,0.00,0.00,0.00,0.00,0.00,0.00,0.00,0.00,0.00,0.00,0.00,0.00,0.00,0.00,0.00,0.00,0.00,0.00,0.00,0.00,0.00,0.00,0.00,0.00,0.00,0.00,0.00,0.00,0.00,0.00,0.00,0.00,0.00,0.00,2691.00,1347.00,1346.00,0.00,2.00,0.00,0.00,0.00,0.00,0.00,0.00,3,2,1,0,0.00,0.00,0.00,0.00,0.00,0.00,0.00,0.00,0.00,0.00,0.00,0.00,0.00,0.00,0.00,0.00,0.00,0.00,0.00,0.00,0.00,0.00,0.00,0.00,0.00,0.00,0.00,0.00,0.00,0.00,0.00,0.00,0.00,0.00,0.00,0.00,0.00,0.00,0.00,0.00,0.00,0.00,0.00,0.00,0.00,0.00,0.00,0.00,0.00,0.00,0.00,0.00,0.00,32288.00,0.00,0.00,0.00,0.00,1995.37
0.00,0.00,0.00,0.00,0.00,0.00,7.46,0.00,0.00,92.54,0.00,338.00,0.00,0.00,0.00,0.00,0.00,0.00,15684.00,0.00,0.00,0.00,0.00,0.00,0.00,0.00,0.00,0.00,669864,1156224,1370856,67.18,47328,560552,3724888,182.53,834036,373840,192,600072,100384,7344,28716,0,0,0,0.00,0,0.00,0,0,0.00,26583,7616,36833,0,0,459,0.00,0.00,0.00,0,0.00,0.00,0.00,0.00,0.00,0.00,0.00,0.00,0.00,0.00,0.00,0.00,0.00,0.00,31736.00,1324.00,43409.58,74.99,0.00,0.00,0.00,0.00,0.00,0.00,0.00,0.00,0.00,0.00,0.00,0.00,0.00,0.00,0.00,0.00,0.00,0.00,0.00,0.00,0.00,0.00,0.00,0.00,0.00,0.00,0.00,0.00,0.00,0.00,721,3,5,0,0,0,31727.00,0.00,2643.00,1324.00,30406.00,1322.00,0.00,0.00,0.00,0.00,0.00,0.00,0.00,0.00,0.00,0.00,0.00,0.00,0.00,0.00,0.00,0.00,0.00,0.00,0.00,0.00,0.00,0.00,0.00,0.00,0.00,0.00,0.00,0.00,0.00,0.00,0.00,0.00,0.00,0.00,0.00,0.00,0.00,0.00,2644.00,1325.00,1321.00,0.00,2.00,0.00,0.00,0.00,0.00,0.00,0.00,3,2,1,0,0.00,0.00,0.00,0.00,0.00,0.00,0.00,0.00,0.00,0.00,0.00,0.00,0.00,0.00,0.00,0.00,0.00,0.00,0.00,0.00,0.00,0.00,0.00,0.00,0.00,0.00,0.00,0.00,0.00,0.00,0.00,0.00,0.00,0.00,0.00,0.00,0.00,0.00,0.00,0.00,0.00,0.00,0.00,0.00,0.00,0.00,0.00,0.00,0.00,0.00,0.00,0.00,0.00,31760.00,0.00,0.00,0.00,0.00,1995.37
0.00,0.00,0.49,2.46,0.49,0.00,7.39,0.00,0.00,89.16,0.00,357.00,0.00,0.00,0.00,20.00,0.00,0.00,15020.00,0.00,0.00,0.00,0.00,2.00,0.00,2.00,0.00,40.00,669832,1156248,1370888,67.18,47336,560568,3724888,182.53,834040,373892,212,600072,100384,7344,28716,0,0,0,0.00,0,0.00,0,0,0.00,26583,7616,36833,0,0,459,0.00,0.00,0.00,0,0.00,0.00,0.00,0.00,0.00,0.00,2.00,0.00,20.00,10.00,0.00,28.00,0.00,0.00,30419.00,1267.00,41603.78,71.76,0.00,0.00,0.00,0.00,0.00,0.00,0.00,1.00,0.00,0.00,0.00,0.00,0.00,0.00,0.00,0.00,0.00,0.00,0.00,0.00,0.00,0.00,0.00,0.00,0.00,0.00,0.00,0.00,0.00,0.00,721,3,5,0,0,0,30408.00,0.00,2534.00,1267.00,29141.00,1267.00,0.00,0.00,0.00,0.00,0.00,0.00,0.00,0.00,0.00,0.00,0.00,0.00,0.00,0.00,0.00,0.00,0.00,0.00,0.00,0.00,0.00,0.00,0.00,0.00,0.00,0.00,0.00,0.00,0.00,0.00,0.00,0.00,0.00,0.00,0.00,0.00,0.00,0.00,2534.00,1266.00,1268.00,0.00,0.00,0.00,0.00,0.00,0.00,0.00,0.00,3,2,1,0,0.00,0.00,0.00,0.00,0.00,0.00,0.00,0.00,0.00,0.00,0.00,0.00,0.00,0.00,0.00,0.00,0.00,0.00,0.00,0.00,0.00,0.00,0.00,0.00,0.00,0.00,0.00,0.00,0.00,0.00,0.00,0.00,0.00,0.00,0.00,0.00,0.00,0.00,0.00,0.00,0.00,0.00,0.00,0.00,0.00,0.00,0.00,0.00,0.00,0.00,0.00,0.00,0.00,30372.00,0.00,0.00,0.00,0.00,1995.37
0.50,0.00,0.00,0.00,0.00,0.00,7.43,0.00,0.00,92.08,0.00,339.00,0.00,0.00,0.00,40.00,0.00,0.00,14483.00,0.00,0.00,0.00,0.00,9.00,0.00,9.00,0.00,80.00,669800,1156216,1370920,67.18,47336,560584,3724888,182.53,834040,373892,184,600072,100384,7344,28716,0,0,0,0.00,0,0.00,0,0,0.00,26583,7616,36833,0,0,459,0.00,0.00,0.00,0,0.00,0.00,0.00,0.00,0.00,0.00,9.00,0.00,40.00,4.44,0.07,10.67,1.78,1.60,30058.00,1255.00,41111.19,71.08,0.00,0.00,0.00,0.00,0.00,0.00,0.00,0.00,0.00,0.00,0.00,0.00,0.00,0.00,0.00,0.00,0.00,0.00,0.00,0.00,0.00,0.00,0.00,0.00,0.00,0.00,0.00,0.00,0.00,0.00,721,3,5,0,0,0,30048.00,0.00,2504.00,1255.00,28796.00,1252.00,0.00,0.00,0.00,0.00,0.00,0.00,0.00,0.00,0.00,0.00,0.00,0.00,0.00,0.00,0.00,0.00,0.00,0.00,0.00,0.00,0.00,0.00,0.00,0.00,0.00,0.00,0.00,0.00,0.00,0.00,0.00,0.00,0.00,0.00,0.00,0.00,0.00,0.00,2503.00,1255.00,1251.00,0.00,3.00,0.00,0.00,0.00,0.00,0.00,0.00,3,2,1,0,0.00,0.00,0.00,0.00,0.00,0.00,0.00,0.00,0.00,0.00,0.00,0.00,0.00,0.00,0.00,0.00,0.00,0.00,0.00,0.00,0.00,0.00,0.00,0.00,0.00,0.00,0.00,0.00,0.00,0.00,0.00,0.00,0.00,0.00,0.00,0.00,0.00,0.00,0.00,0.00,0.00,0.00,0.00,0.00,0.00,0.00,0.00,0.00,0.00,0.00,0.00,0.00,0.00,30060.00,0.00,0.00,0.00,0.00,1995.37
0.50,0.00,0.00,0.00,0.00,0.00,7.00,0.00,0.00,92.50,0.00,330.00,0.00,0.00,0.00,0.00,0.00,0.00,14267.00,0.00,0.00,0.00,0.00,0.00,0.00,0.00,0.00,0.00,669832,1156248,1370888,67.18,47336,560600,3724888,182.53,834040,373892,200,600072,100384,7344,28716,0,0,0,0.00,0,0.00,0,0,0.00,26583,7616,36833,0,0,459,0.00,0.00,0.00,0,0.00,0.00,0.00,0.00,0.00,0.00,0.00,0.00,0.00,0.00,0.00,0.00,0.00,0.00,29000.00,1211.00,39666.28,68.59,0.00,0.00,0.00,0.00,0.00,0.00,0.00,1.00,0.00,0.00,0.00,0.00,0.00,0.00,0.00,0.00,0.00,0.00,0.00,0.00,0.00,0.00,0.00,0.00,0.00,0.00,0.00,0.00,0.00,0.00,721,3,5,0,0,0,28992.00,0.00,2416.00,1211.00,27784.00,1208.00,0.00,0.00,0.00,0.00,0.00,0.00,0.00,0.00,0.00,0.00,0.00,0.00,0.00,0.00,0.00,0.00,0.00,0.00,0.00,0.00,0.00,0.00,0.00,0.00,0.00,0.00,0.00,0.00,0.00,0.00,0.00,0.00,0.00,0.00,0.00,0.00,0.00,0.00,2416.00,1211.00,1208.00,0.00,3.00,0.00,0.00,0.00,0.00,0.00,0.00,3,2,1,0,0.00,0.00,0.00,0.00,0.00,0.00,0.00,0.00,0.00,0.00,0.00,0.00,0.00,0.00,0.00,0.00,0.00,0.00,0.00,0.00,0.00,0.00,0.00,0.00,0.00,0.00,0.00,0.00,0.00,0.00,0.00,0.00,0.00,0.00,0.00,0.00,0.00,0.00,0.00,0.00,0.00,0.00,0.00,0.00,0.00,0.00,0.00,0.00,0.00,0.00,0.00,0.00,0.00,29021.00,0.00,0.00,0.00,0.00,1995.37
0.00,0.00,0.00,0.00,0.00,0.00,7.00,0.00,0.00,93.00,0.00,354.00,0.00,0.00,0.00,0.00,0.00,0.00,13635.00,0.00,0.00,0.00,0.00,0.00,0.00,0.00,0.00,0.00,669928,1156400,1370792,67.17,47336,560612,3724888,182.53,834040,373948,212,600072,100384,7344,28716,0,0,0,0.00,0,0.00,0,0,0.00,26583,7616,36833,0,0,459,0.00,0.00,0.00,0,0.00,0.00,0.00,0.00,0.00,0.00,0.00,0.00,0.00,0.00,0.00,0.00,0.00,0.00,27801.00,1159.00,38025.74,65.65,0.00,0.00,0.00,0.00,0.00,0.00,0.00,0.00,0.00,0.00,0.00,0.00,0.00,0.00,0.00,0.00,0.00,0.00,0.00,0.00,0.00,0.00,0.00,0.00,0.00,0.00,0.00,0.00,0.00,0.00,721,3,5,0,0,0,27795.00,0.00,2319.00,1159.00,26634.00,1158.00,0.00,0.00,0.00,0.00,0.00,0.00,0.00,0.00,0.00,0.00,0.00,0.00,0.00,0.00,0.00,0.00,0.00,0.00,0.00,0.00,0.00,0.00,0.00,0.00,0.00,0.00,0.00,0.00,0.00,0.00,0.00,0.00,0.00,0.00,0.00,0.00,0.00,0.00,2318.00,1159.00,1160.00,0.00,1.00,0.00,0.00,0.00,0.00,0.00,0.00,3,2,1,0,0.00,0.00,0.00,0.00,0.00,0.00,0.00,0.00,0.00,0.00,0.00,0.00,0.00,0.00,0.00,0.00,0.00,0.00,0.00,0.00,0.00,0.00,0.00,0.00,0.00,0.00,0.00,0.00,0.00,0.00,0.00,0.00,0.00,0.00,0.00,0.00,0.00,0.00,0.00,0.00,0.00,0.00,0.00,0.00,0.00,0.00,0.00,0.00,0.00,0.00,0.00,0.00,0.00,27823.00,0.00,0.00,0.00,0.00,1995.37
0.00,0.00,0.50,0.00,0.50,0.00,6.44,0.00,0.00,92.57,0.00,325.00,0.00,0.00,0.00,0.00,0.00,0.00,13243.00,0.00,0.00,0.00,0.00,0.00,0.00,0.00,0.00,0.00,669832,1156304,1370888,67.18,47336,560628,3724888,182.53,834040,373948,228,600072,100384,7344,28716,0,0,0,0.00,0,0.00,0,0,0.00,26583,7616,36833,0,0,459,0.00,0.00,0.00,0,0.00,0.00,0.00,0.00,0.00,0.00,0.00,0.00,0.00,0.00,0.00,0.00,0.00,0.00,26580.00,1107.00,36350.09,62.70,0.00,0.00,0.00,0.00,0.00,0.00,0.00,1.00,0.00,0.00,0.00,0.00,0.00,0.00,0.00,0.00,0.00,0.00,0.00,0.00,0.00,0.00,0.00,0.00,0.00,0.00,0.00,0.00,0.00,0.00,721,3,5,0,0,0,26567.00,0.00,2213.00,1107.00,25461.00,1107.00,0.00,0.00,0.00,0.00,0.00,0.00,0.00,0.00,0.00,0.00,0.00,0.00,0.00,0.00,0.00,0.00,0.00,0.00,0.00,0.00,0.00,0.00,0.00,0.00,0.00,0.00,0.00,0.00,0.00,0.00,0.00,0.00,0.00,0.00,0.00,0.00,0.00,0.00,2214.00,1107.00,1107.00,0.00,0.00,0.00,0.00,0.00,0.00,0.00,0.00,3,2,1,0,0.00,0.00,0.00,0.00,0.00,0.00,0.00,0.00,0.00,0.00,0.00,0.00,0.00,0.00,0.00,0.00,0.00,0.00,0.00,0.00,0.00,0.00,0.00,0.00,0.00,0.00,0.00,0.00,0.00,0.00,0.00,0.00,0.00,0.00,0.00,0.00,0.00,0.00,0.00,0.00,0.00,0.00,0.00,0.00,0.00,0.00,0.00,0.00,0.00,0.00,0.00,0.00,0.00,26558.00,0.00,0.00,0.00,0.00,1995.37
0.51,0.00,0.51,5.05,0.00,0.00,5.05,0.00,0.00,88.89,0.00,329.00,0.00,0.00,0.00,12.00,0.00,0.00,12099.00,0.00,0.00,0.00,0.00,2.00,0.00,2.00,0.00,24.00,669960,1156432,1370760,67.17,47344,560644,3724888,182.53,834040,373948,244,600072,100384,7344,28716,0,0,0,0.00,0,0.00,0,0,0.00,26583,7616,36833,0,0,459,0.00,0.00,0.00,0,0.00,0.00,0.00,0.00,0.00,0.00,2.00,0.00,12.00,6.00,0.00,62.00,0.00,0.00,25182.00,1051.00,34445.25,59.53,0.00,0.00,0.00,0.00,0.00,0.00,0.00,0.00,0.00,0.00,0.00,0.00,0.00,0.00,0.00,0.00,0.00,0.00,0.00,0.00,0.00,0.00,0.00,0.00,0.00,0.00,0.00,0.00,0.00,0.00,721,3,5,0,0,0,25176.00,0.00,2098.00,1051.00,24127.00,1049.00,0.00,0.00,0.00,0.00,0.00,0.00,0.00,0.00,0.00,0.00,0.00,0.00,0.00,0.00,0.00,0.00,0.00,0.00,0.00,0.00,0.00,0.00,0.00,0.00,0.00,0.00,0.00,0.00,0.00,0.00,0.00,0.00,0.00,0.00,0.00,0.00,0.00,0.00,2097.00,1051.00,1048.00,0.00,2.00,0.00,0.00,0.00,0.00,0.00,0.00,3,2,1,0,0.00,0.00,0.00,0.00,0.00,0.00,0.00,0.00,0.00,0.00,0.00,0.00,0.00,0.00,0.00,0.00,0.00,0.00,0.00,0.00,0.00,0.00,0.00,0.00,0.00,0.00,0.00,0.00,0.00,0.00,0.00,0.00,0.00,0.00,0.00,0.00,0.00,0.00,0.00,0.00,0.00,0.00,0.00,0.00,0.00,0.00,0.00,0.00,0.00,0.00,0.00,0.00,0.00,25181.00,0.00,0.00,0.00,0.00,1995.37
0.50,0.00,0.50,0.00,0.00,0.00,5.03,0.00,0.00,93.97,0.00,315.00,0.00,0.00,0.00,0.00,0.00,0.00,12395.00,0.00,0.00,0.00,0.00,0.00,0.00,0.00,0.00,0.00,669864,1156392,1370856,67.18,47344,560660,3724888,182.53,834048,373996,260,600072,100384,7344,28716,0,0,0,0.00,0,0.00,0,0,0.00,26583,7616,36833,0,0,459,0.00,0.00,0.00,0,0.00,0.00,0.00,0.00,0.00,0.00,0.00,0.00,0.00,0.00,0.00,0.00,0.00,0.00,24993.00,1041.00,34182.74,58.96,0.00,0.00,0.00,0.00,0.00,0.00,0.00,1.00,0.00,0.00,0.00,0.00,0.00,0.00,0.00,0.00,0.00,0.00,0.00,0.00,0.00,0.00,0.00,0.00,0.00,0.00,0.00,0.00,0.00,0.00,721,3,5,0,0,0,24984.00,0.00,2082.00,1041.00,23943.00,1041.00,0.00,0.00,0.00,0.00,0.00,0.00,0.00,0.00,0.00,0.00,0.00,0.00,0.00,0.00,0.00,0.00,0.00,0.00,0.00,0.00,0.00,0.00,0.00,0.00,0.00,0.00,0.00,0.00,0.00,0.00,0.00,0.00,0.00,0.00,0.00,0.00,0.00,0.00,2082.00,1041.00,1041.00,0.00,0.00,0.00,0.00,0.00,0.00,0.00,0.00,3,2,1,0,0.00,0.00,0.00,0.00,0.00,0.00,0.00,0.00,0.00,0.00,0.00,0.00,0.00,0.00,0.00,0.00,0.00,0.00,0.00,0.00,0.00,0.00,0.00,0.00,0.00,0.00,0.00,0.00,0.00,0.00,0.00,0.00,0.00,0.00,0.00,0.00,0.00,0.00,0.00,0.00,0.00,0.00,0.00,0.00,0.00,0.00,0.00,0.00,0.00,0.00,0.00,0.00,0.00,24995.00,0.00,0.00,0.00,0.00,1995.37
0.00,0.00,0.00,0.00,0.50,0.00,5.97,0.00,0.00,93.53,0.00,330.00,0.00,0.00,0.00,0.00,0.00,0.00,12499.00,0.00,0.00,0.00,0.00,0.00,0.00,0.00,0.00,0.00,669864,1156392,1370856,67.18,47344,560676,3724888,182.53,834048,373996,276,600072,100388,7344,28716,0,0,0,0.00,0,0.00,0,0,0.00,26583,7616,36833,0,0,459,0.00,0.00,0.00,0,0.00,0.00,0.00,0.00,0.00,0.00,0.00,0.00,0.00,0.00,0.00,0.00,0.00,0.00,25660.00,1070.00,35101.85,60.59,0.00,0.00,0.00,0.00,0.00,0.00,0.00,0.00,0.00,0.00,0.00,0.00,0.00,0.00,0.00,0.00,0.00,0.00,0.00,0.00,0.00,0.00,0.00,0.00,0.00,0.00,0.00,0.00,0.00,0.00,721,3,5,0,0,0,25656.00,0.00,2138.00,1069.00,24587.00,1069.00,0.00,0.00,0.00,0.00,0.00,0.00,0.00,0.00,0.00,0.00,0.00,0.00,0.00,0.00,0.00,0.00,0.00,0.00,0.00,0.00,0.00,0.00,0.00,0.00,0.00,0.00,0.00,0.00,0.00,0.00,0.00,0.00,0.00,0.00,0.00,0.00,0.00,0.00,2138.00,1069.00,1069.00,0.00,0.00,0.00,0.00,0.00,0.00,0.00,0.00,3,2,1,0,0.00,0.00,0.00,0.00,0.00,0.00,0.00,0.00,0.00,0.00,0.00,0.00,0.00,0.00,0.00,0.00,0.00,0.00,0.00,0.00,0.00,0.00,0.00,0.00,0.00,0.00,0.00,0.00,0.00,0.00,0.00,0.00,0.00,0.00,0.00,0.00,0.00,0.00,0.00,0.00,0.00,0.00,0.00,0.00,0.00,0.00,0.00,0.00,0.00,0.00,0.00,0.00,0.00,25635.00,0.00,0.00,0.00,0.00,1995.37
0.00,0.00,0.00,0.00,0.00,0.00,7.39,0.00,0.00,92.61,0.00,331.00,0.00,0.00,0.00,0.00,0.00,0.00,11347.00,0.00,0.00,0.00,0.00,0.00,0.00,0.00,0.00,0.00,669864,1156392,1370856,67.18,47344,560688,3724888,182.53,834048,373996,288,600072,100388,7344,28716,0,0,0,0.00,0,0.00,0,0,0.00,26583,7616,36833,0,0,459,0.00,0.00,0.00,0,0.00,0.00,0.00,0.00,0.00,0.00,0.00,0.00,0.00,0.00,0.00,0.00,0.00,0.00,22985.00,959.00,31424.99,54.32,0.00,0.00,0.00,0.00,0.00,0.00,0.00,1.00,0.00,0.00,0.00,0.00,0.00,0.00,0.00,0.00,0.00,0.00,0.00,0.00,0.00,0.00,0.00,0.00,0.00,0.00,0.00,0.00,0.00,0.00,721,3,5,0,0,0,22968.00,0.00,1914.00,959.00,22011.00,957.00,0.00,0.00,0.00,0.00,0.00,0.00,0.00,0.00,0.00,0.00,0.00,0.00,0.00,0.00,0.00,0.00,0.00,0.00,0.00,0.00,0.00,0.00,0.00,0.00,0.00,0.00,0.00,0.00,0.00,0.00,0.00,0.00,0.00,0.00,0.00,0.00,0.00,0.00,1915.00,959.00,958.00,0.00,2.00,0.00,0.00,0.00,0.00,0.00,0.00,3,2,1,0,0.00,0.00,0.00,0.00,0.00,0.00,0.00,0.00,0.00,0.00,0.00,0.00,0.00,0.00,0.00,0.00,0.00,0.00,0.00,0.00,0.00,0.00,0.00,0.00,0.00,0.00,0.00,0.00,0.00,0.00,0.00,0.00,0.00,0.00,0.00,0.00,0.00,0.00,0.00,0.00,0.00,0.00,0.00,0.00,0.00,0.00,0.00,0.00,0.00,0.00,0.00,0.00,0.00,23010.00,0.00,0.00,0.00,0.00,1995.37
0.00,0.00,0.00,0.00,0.00,0.00,6.97,0.00,0.00,93.03,0.00,325.00,0.00,0.00,0.00,0.00,0.00,0.00,11260.00,0.00,0.00,0.00,0.00,0.00,0.00,0.00,0.00,0.00,669928,1156456,1370792,67.17,47344,560704,3724888,182.53,834048,373996,304,600072,100388,7344,28716,0,0,0,0.00,0,0.00,0,0,0.00,26583,7616,36833,0,0,459,0.00,0.00,0.00,0,0.00,0.00,0.00,0.00,0.00,0.00,0.00,0.00,0.00,0.00,0.00,0.00,0.00,0.00,22933.00,955.00,31359.57,54.09,0.00,0.00,0.00,0.00,0.00,0.00,0.00,0.00,0.00,0.00,0.00,0.00,0.00,0.00,0.00,0.00,0.00,0.00,0.00,0.00,0.00,0.00,0.00,0.00,0.00,0.00,0.00,0.00,0.00,0.00,721,3,5,0,0,0,22922.00,0.00,1910.00,955.00,21965.00,955.00,0.00,0.00,0.00,0.00,0.00,0.00,0.00,0.00,0.00,0.00,0.00,0.00,0.00,0.00,0.00,0.00,0.00,0.00,0.00,0.00,0.00,0.00,0.00,0.00,0.00,0.00,0.00,0.00,0.00,0.00,0.00,0.00,0.00,0.00,0.00,0.00,0.00,0.00,1910.00,955.00,955.00,0.00,0.00,0.00,0.00,0.00,0.00,0.00,0.00,3,2,1,0,0.00,0.00,0.00,0.00,0.00,0.00,0.00,0.00,0.00,0.00,0.00,0.00,0.00,0.00,0.00,0.00,0.00,0.00,0.00,0.00,0.00,0.00,0.00,0.00,0.00,0.00,0.00,0.00,0.00,0.00,0.00,0.00,0.00,0.00,0.00,0.00,0.00,0.00,0.00,0.00,0.00,0.00,0.00,0.00,0.00,0.00,0.00,0.00,0.00,0.00,0.00,0.00,0.00,22909.00,0.00,0.00,0.00,0.00,1995.37
0.50,0.00,0.00,1.50,0.00,0.00,4.50,0.00,0.00,93.50,0.00,321.00,0.00,0.00,0.00,12.00,11.00,0.00,10244.00,0.00,0.00,0.00,0.00,2.00,0.00,2.00,0.00,24.00,669832,1156416,1370888,67.18,47352,560720,3724888,182.53,834052,374048,320,600088,100388,7344,28716,0,0,0,0.00,0,0.00,0,0,0.00,26583,7616,36833,0,0,459,0.00,0.00,0.00,0,0.00,0.00,0.00,0.00,0.00,0.00,2.00,0.00,12.00,6.00,0.00,16.00,0.00,0.00,20961.00,875.00,28666.30,49.56,0.00,0.00,0.00,0.00,0.00,0.00,0.00,1.00,0.00,0.00,0.00,0.00,0.00,0.00,0.00,0.00,0.00,0.00,0.00,0.00,0.00,0.00,0.00,0.00,0.00,0.00,0.00,0.00,0.00,0.00,721,3,5,0,0,0,20952.00,0.00,1746.00,875.00,20079.00,873.00,0.00,0.00,0.00,0.00,0.00,0.00,0.00,0.00,0.00,0.00,0.00,0.00,0.00,0.00,0.00,0.00,0.00,0.00,0.00,0.00,0.00,0.00,0.00,0.00,0.00,0.00,0.00,0.00,0.00,0.00,0.00,0.00,0.00,0.00,0.00,0.00,0.00,0.00,1746.00,875.00,873.00,0.00,2.00,0.00,0.00,0.00,0.00,0.00,0.00,3,2,1,0,0.00,0.00,0.00,0.00,0.00,0.00,0.00,0.00,0.00,0.00,0.00,0.00,0.00,0.00,0.00,0.00,0.00,0.00,0.00,0.00,0.00,0.00,0.00,0.00,0.00,0.00,0.00,0.00,0.00,0.00,0.00,0.00,0.00,0.00,0.00,0.00,0.00,0.00,0.00,0.00,0.00,0.00,0.00,0.00,0.00,0.00,0.00,0.00,0.00,0.00,0.00,0.00,0.00,21008.00,0.00,0.00,0.00,0.00,1995.37
0.50,0.00,0.00,0.00,0.50,0.00,4.50,0.00,0.00,94.50,0.00,316.00,0.00,0.00,0.00,0.00,0.00,0.00,8987.00,0.00,0.00,0.00,0.00,0.00,0.00,0.00,0.00,0.00,669800,1156384,1370920,67.18,47352,560736,3724888,182.53,834052,374048,336,600088,100388,7344,28716,0,0,0,0.00,0,0.00,0,0,0.00,26583,7616,36833,0,0,459,0.00,0.00,0.00,0,0.00,0.00,0.00,0.00,0.00,0.00,0.00,0.00,0.00,0.00,0.00,0.00,0.00,0.00,18026.00,752.00,24659.91,42.59,0.00,0.00,0.00,0.00,0.00,0.00,0.00,0.00,0.00,0.00,0.00,0.00,0.00,0.00,0.00,0.00,0.00,0.00,0.00,0.00,0.00,0.00,0.00,0.00,0.00,0.00,0.00,0.00,0.00,0.00,721,3,5,0,0,0,18047.00,0.00,1503.00,753.00,17296.00,752.00,0.00,0.00,0.00,0.00,0.00,0.00,0.00,0.00,0.00,0.00,0.00,0.00,0.00,0.00,0.00,0.00,0.00,0.00,0.00,0.00,0.00,0.00,0.00,0.00,0.00,0.00,0.00,0.00,0.00,0.00,0.00,0.00,0.00,0.00,0.00,0.00,0.00,0.00,1503.00,754.00,750.00,0.00,1.00,0.00,0.00,0.00,0.00,0.00,0.00,3,2,1,0,0.00,0.00,0.00,0.00,0.00,0.00,0.00,0.00,0.00,0.00,0.00,0.00,0.00,0.00,0.00,0.00,0.00,0.00,0.00,0.00,0.00,0.00,0.00,0.00,0.00,0.00,0.00,0.00,0.00,0.00,0.00,0.00,0.00,0.00,0.00,0.00,0.00,0.00,0.00,0.00,0.00,0.00,0.00,0.00,0.00,0.00,0.00,0.00,0.00,0.00,0.00,0.00,0.00,18072.00,0.00,0.00,0.00,0.00,1995.37
0.00,0.00,0.00,0.00,0.00,0.00,4.08,0.00,0.00,95.92,0.00,319.00,0.00,0.00,0.00,0.00,4.00,0.00,9819.00,0.00,0.00,0.00,0.00,0.00,0.00,0.00,0.00,0.00,669864,1156488,1370856,67.18,47352,560752,3724888,182.53,834068,374088,352,600104,100388,7344,28716,0,0,0,0.00,0,0.00,0,0,0.00,26583,7616,36833,0,0,459,0.00,0.00,0.00,0,0.00,0.00,0.00,0.00,0.00,0.00,0.00,0.00,0.00,0.00,0.00,0.00,0.00,0.00,19955.00,834.00,27287.33,47.24,0.00,0.00,0.00,0.00,0.00,0.00,0.00,1.00,0.00,0.00,0.00,0.00,0.00,0.00,0.00,0.00,0.00,0.00,0.00,0.00,0.00,0.00,0.00,0.00,0.00,0.00,0.00,0.00,0.00,0.00,721,3,5,0,0,0,19918.00,0.00,1658.00,833.00,19090.00,830.00,0.00,0.00,0.00,0.00,0.00,0.00,0.00,0.00,0.00,0.00,0.00,0.00,0.00,0.00,0.00,0.00,0.00,0.00,0.00,0.00,0.00,0.00,0.00,0.00,0.00,0.00,0.00,0.00,0.00,0.00,0.00,0.00,0.00,0.00,0.00,0.00,0.00,0.00,1658.00,832.00,830.00,0.00,3.00,0.00,0.00,0.00,0.00,0.00,0.00,3,2,1,0,0.00,0.00,0.00,0.00,0.00,0.00,0.00,0.00,0.00,0.00,0.00,0.00,0.00,0.00,0.00,0.00,0.00,0.00,0.00,0.00,0.00,0.00,0.00,0.00,0.00,0.00,0.00,0.00,0.00,0.00,0.00,0.00,0.00,0.00,0.00,0.00,0.00,0.00,0.00,0.00,0.00,0.00,0.00,0.00,0.00,0.00,0.00,0.00,0.00,0.00,0.00,0.00,0.00,19864.00,0.00,0.00,0.00,0.00,1995.37
0.50,0.00,0.00,0.00,0.00,0.00,4.50,0.00,0.00,95.00,0.00,305.00,0.00,0.00,0.00,0.00,0.00,0.00,8275.00,0.00,0.00,0.00,0.00,0.00,0.00,0.00,0.00,0.00,669772,1156396,1370948,67.18,47352,560764,3724888,182.53,834068,374088,364,600104,100388,7344,28716,0,0,0,0.00,0,0.00,0,0,0.00,26583,7616,36833,0,0,459,0.00,0.00,0.00,0,0.00,0.00,0.00,0.00,0.00,0.00,0.00,0.00,0.00,0.00,0.00,0.00,0.00,0.00,16662.00,698.00,22788.48,39.54,0.00,0.00,0.00,0.00,0.00,0.00,0.00,0.00,0.00,0.00,0.00,0.00,0.00,0.00,0.00,0.00,0.00,0.00,0.00,0.00,0.00,0.00,0.00,0.00,0.00,0.00,0.00,0.00,0.00,0.00,721,3,5,0,0,0,16681.00,0.00,1391.00,699.00,15985.00,695.00,0.00,0.00,0.00,0.00,0.00,0.00,0.00,0.00,0.00,0.00,0.00,0.00,0.00,0.00,0.00,0.00,0.00,0.00,0.00,0.00,0.00,0.00,0.00,0.00,0.00,0.00,0.00,0.00,0.00,0.00,0.00,0.00,0.00,0.00,0.00,0.00,0.00,0.00,1391.00,700.00,694.00,0.00,4.00,0.00,0.00,0.00,0.00,0.00,0.00,3,2,1,0,0.00,0.00,0.00,0.00,0.00,0.00,0.00,0.00,0.00,0.00,0.00,0.00,0.00,0.00,0.00,0.00,0.00,0.00,0.00,0.00,0.00,0.00,0.00,0.00,0.00,0.00,0.00,0.00,0.00,0.00,0.00,0.00,0.00,0.00,0.00,0.00,0.00,0.00,0.00,0.00,0.00,0.00,0.00,0.00,0.00,0.00,0.00,0.00,0.00,0.00,0.00,0.00,0.00,16706.00,0.00,0.00,0.00,0.00,1995.37
0.50,0.00,0.50,0.00,0.50,0.00,3.52,0.00,0.00,94.97,0.00,299.00,0.00,0.00,0.00,0.00,2.00,0.00,9547.00,0.00,0.00,0.00,0.00,0.00,0.00,0.00,0.00,0.00,669772,1156432,1370948,67.18,47352,560780,3724888,182.53,834092,374116,380,600104,100388,7344,28716,0,0,0,0.00,0,0.00,0,0,0.00,26583,7616,36833,0,0,459,0.00,0.00,0.00,0,0.00,0.00,0.00,0.00,0.00,0.00,0.00,0.00,0.00,0.00,0.00,0.00,0.00,0.00,19182.00,801.00,26236.27,45.36,0.00,0.00,0.00,0.00,0.00,0.00,0.00,1.00,0.00,0.00,0.00,0.00,0.00,0.00,0.00,0.00,0.00,0.00,0.00,0.00,0.00,0.00,0.00,0.00,0.00,0.00,0.00,0.00,0.00,0.00,721,3,5,0,0,0,19153.00,0.00,1597.00,800.00,18354.00,798.00,0.00,0.00,0.00,0.00,0.00,0.00,0.00,0.00,0.00,0.00,0.00,0.00,0.00,0.00,0.00,0.00,0.00,0.00,0.00,0.00,0.00,0.00,0.00,0.00,0.00,0.00,0.00,0.00,0.00,0.00,0.00,0.00,0.00,0.00,0.00,0.00,0.00,0.00,1596.00,799.00,799.00,0.00,2.00,0.00,0.00,0.00,0.00,0.00,0.00,3,2,1,0,0.00,0.00,0.00,0.00,0.00,0.00,0.00,0.00,0.00,0.00,0.00,0.00,0.00,0.00,0.00,0.00,0.00,0.00,0.00,0.00,0.00,0.00,0.00,0.00,0.00,0.00,0.00,0.00,0.00,0.00,0.00,0.00,0.00,0.00,0.00,0.00,0.00,0.00,0.00,0.00,0.00,0.00,0.00,0.00,0.00,0.00,0.00,0.00,0.00,0.00,0.00,0.00,0.00,19182.00,0.00,0.00,0.00,0.00,1995.37
0.00,0.00,0.00,2.03,0.00,0.00,4.06,0.00,0.00,93.91,0.00,321.00,0.00,0.00,0.00,12.00,0.00,0.00,8891.00,0.00,0.00,0.00,0.00,2.00,0.00,2.00,0.00,24.00,669740,1156400,1370980,67.18,47360,560796,3724888,182.53,834092,374116,396,600104,100388,7344,28716,0,0,0,0.00,0,0.00,0,0,0.00,26583,7616,36833,0,0,459,0.00,0.00,0.00,0,0.00,0.00,0.00,0.00,0.00,0.00,2.00,0.00,12.00,6.00,0.00,26.00,0.00,0.00,17597.00,734.00,24069.04,41.57,0.00,0.00,0.00,0.00,0.00,0.00,0.00,0.00,0.00,0.00,0.00,0.00,0.00,0.00,0.00,0.00,0.00,0.00,0.00,0.00,0.00,0.00,0.00,0.00,0.00,0.00,0.00,0.00,0.00,0.00,721,3,5,0,0,0,17592.00,0.00,1466.00,734.00,16859.00,733.00,0.00,0.00,0.00,0.00,0.00,0.00,0.00,0.00,0.00,0.00,0.00,0.00,0.00,0.00,0.00,0.00,0.00,0.00,0.00,0.00,0.00,0.00,0.00,0.00,0.00,0.00,0.00,0.00,0.00,0.00,0.00,0.00,0.00,0.00,0.00,0.00,0.00,0.00,1466.00,734.00,733.00,0.00,1.00,0.00,0.00,0.00,0.00,0.00,0.00,3,2,1,0,0.00,0.00,0.00,0.00,0.00,0.00,0.00,0.00,0.00,0.00,0.00,0.00,0.00,0.00,0.00,0.00,0.00,0.00,0.00,0.00,0.00,0.00,0.00,0.00,0.00,0.00,0.00,0.00,0.00,0.00,0.00,0.00,0.00,0.00,0.00,0.00,0.00,0.00,0.00,0.00,0.00,0.00,0.00,0.00,0.00,0.00,0.00,0.00,0.00,0.00,0.00,0.00,0.00,17573.00,0.00,0.00,0.00,0.00,1995.37
0.00,0.00,0.00,0.00,0.00,0.00,4.50,0.00,0.00,95.50,0.00,313.00,0.00,0.00,0.00,0.00,0.00,0.00,7731.00,0.00,0.00,0.00,0.00,0.00,0.00,0.00,0.00,0.00,669708,1156368,1371012,67.18,47360,560812,3724888,182.53,834092,374116,412,600104,100388,7344,28716,0,0,0,0.00,0,0.00,0,0,0.00,26583,7616,36833,0,0,459,0.00,0.00,0.00,0,0.00,0.00,0.00,0.00,0.00,0.00,0.00,0.00,0.00,0.00,0.00,0.00,0.00,0.00,15654.00,653.00,21409.40,36.99,0.00,0.00,0.00,0.00,0.00,0.00,0.00,1.00,0.00,0.00,0.00,0.00,0.00,0.00,0.00,0.00,0.00,0.00,0.00,0.00,0.00,0.00,0.00,0.00,0.00,0.00,0.00,0.00,0.00,0.00,721,3,5,0,0,0,15646.00,0.00,1302.00,653.00,14996.00,652.00,0.00,0.00,0.00,0.00,0.00,0.00,0.00,0.00,0.00,0.00,0.00,0.00,0.00,0.00,0.00,0.00,0.00,0.00,0.00,0.00,0.00,0.00,0.00,0.00,0.00,0.00,0.00,0.00,0.00,0.00,0.00,0.00,0.00,0.00,0.00,0.00,0.00,0.00,1302.00,653.00,650.00,0.00,1.00,0.00,0.00,0.00,0.00,0.00,0.00,3,2,1,0,0.00,0.00,0.00,0.00,0.00,0.00,0.00,0.00,0.00,0.00,0.00,0.00,0.00,0.00,0.00,0.00,0.00,0.00,0.00,0.00,0.00,0.00,0.00,0.00,0.00,0.00,0.00,0.00,0.00,0.00,0.00,0.00,0.00,0.00,0.00,0.00,0.00,0.00,0.00,0.00,0.00,0.00,0.00,0.00,0.00,0.00,0.00,0.00,0.00,0.00,0.00,0.00,0.00,15656.00,0.00,0.00,0.00,0.00,1995.37
0.00,0.00,0.49,0.00,0.49,0.00,5.42,0.00,0.00,93.60,0.00,317.00,0.00,0.00,0.00,0.00,0.00,0.00,7995.00,0.00,0.00,0.00,0.00,0.00,0.00,0.00,0.00,0.00,669740,1156460,1370980,67.18,47360,560828,3724888,182.53,834100,374164,428,600104,100392,7344,28716,0,0,0,0.00,0,0.00,0,0,0.00,26583,7616,36833,0,0,459,0.00,0.00,0.00,0,0.00,0.00,0.00,0.00,0.00,0.00,0.00,0.00,0.00,0.00,0.00,0.00,0.00,0.00,16422.00,684.00,22460.12,38.74,0.00,0.00,0.00,0.00,0.00,0.00,0.00,0.00,0.00,0.00,0.00,0.00,0.00,0.00,0.00,0.00,0.00,0.00,0.00,0.00,0.00,0.00,0.00,0.00,0.00,0.00,0.00,0.00,0.00,0.00,721,3,5,0,0,0,16441.00,0.00,1371.00,685.00,15755.00,685.00,0.00,0.00,0.00,0.00,0.00,0.00,0.00,0.00,0.00,0.00,0.00,0.00,0.00,0.00,0.00,0.00,0.00,0.00,0.00,0.00,0.00,0.00,0.00,0.00,0.00,0.00,0.00,0.00,0.00,0.00,0.00,0.00,0.00,0.00,0.00,0.00,0.00,0.00,1371.00,685.00,686.00,0.00,0.00,0.00,0.00,0.00,0.00,0.00,0.00,3,2,1,0,0.00,0.00,0.00,0.00,0.00,0.00,0.00,0.00,0.00,0.00,0.00,0.00,0.00,0.00,0.00,0.00,0.00,0.00,0.00,0.00,0.00,0.00,0.00,0.00,0.00,0.00,0.00,0.00,0.00,0.00,0.00,0.00,0.00,0.00,0.00,0.00,0.00,0.00,0.00,0.00,0.00,0.00,0.00,0.00,0.00,0.00,0.00,0.00,0.00,0.00,0.00,0.00,0.00,16443.00,0.00,0.00,0.00,0.00,1995.37
0.00,0.00,0.00,0.00,0.00,0.00,4.48,0.00,0.00,95.52,0.00,308.00,0.00,0.00,0.00,0.00,0.00,0.00,7275.00,0.00,0.00,0.00,0.00,0.00,0.00,0.00,0.00,0.00,669772,1156492,1370948,67.18,47360,560840,3724888,182.53,834100,374164,440,600104,100392,7344,28716,0,0,0,0.00,0,0.00,0,0,0.00,26583,7616,36833,0,0,459,0.00,0.00,0.00,0,0.00,0.00,0.00,0.00,0.00,0.00,0.00,0.00,0.00,0.00,0.00,0.00,0.00,0.00,14428.00,602.00,19734.63,34.10,0.00,0.00,0.00,0.00,0.00,0.00,0.00,1.00,0.00,0.00,0.00,0.00,0.00,0.00,0.00,0.00,0.00,0.00,0.00,0.00,0.00,0.00,0.00,0.00,0.00,0.00,0.00,0.00,0.00,0.00,721,3,5,0,0,0,14424.00,0.00,1202.00,602.00,13823.00,601.00,0.00,0.00,0.00,0.00,0.00,0.00,0.00,0.00,0.00,0.00,0.00,0.00,0.00,0.00,0.00,0.00,0.00,0.00,0.00,0.00,0.00,0.00,0.00,0.00,0.00,0.00,0.00,0.00,0.00,0.00,0.00,0.00,0.00,0.00,0.00,0.00,0.00,0.00,1202.00,602.00,601.00,0.00,1.00,0.00,0.00,0.00,0.00,0.00,0.00,3,2,1,0,0.00,0.00,0.00,0.00,0.00,0.00,0.00,0.00,0.00,0.00,0.00,0.00,0.00,0.00,0.00,0.00,0.00,0.00,0.00,0.00,0.00,0.00,0.00,0.00,0.00,0.00,0.00,0.00,0.00,0.00,0.00,0.00,0.00,0.00,0.00,0.00,0.00,0.00,0.00,0.00,0.00,0.00,0.00,0.00,0.00,0.00,0.00,0.00,0.00,0.00,0.00,0.00,0.00,14428.00,0.00,0.00,0.00,0.00,1995.37
1.01,0.00,0.50,0.00,0.00,0.00,3.52,0.00,0.00,94.97,0.00,363.00,0.00,0.00,0.00,0.00,0.00,0.00,6733.00,0.00,0.00,0.00,0.00,0.00,0.00,0.00,0.00,0.00,669708,1156428,1371012,67.18,47360,560856,3724888,182.53,834100,374164,456,600104,100392,7344,28716,0,0,0,0.00,0,0.00,0,0,0.00,26583,7616,36833,0,1,459,0.00,0.00,0.00,0,0.00,0.00,0.00,0.00,0.00,0.00,0.00,0.00,0.00,0.00,0.00,0.00,0.00,0.00,13494.00,563.00,18454.14,31.89,0.00,0.00,0.00,0.00,0.00,0.00,0.00,0.00,0.00,0.00,0.00,0.00,0.00,0.00,0.00,0.00,0.00,0.00,0.00,0.00,0.00,0.00,0.00,0.00,0.00,0.00,0.00,0.00,0.00,0.00,721,3,5,0,0,0,13467.00,0.00,1125.00,562.00,12903.00,561.00,0.00,0.00,0.00,0.00,0.00,0.00,0.00,0.00,0.00,0.00,0.00,0.00,0.00,0.00,0.00,0.00,0.00,0.00,0.00,0.00,0.00,0.00,0.00,0.00,0.00,0.00,0.00,0.00,0.00,0.00,0.00,0.00,0.00,0.00,0.00,0.00,0.00,0.00,1125.00,562.00,564.00,0.00,1.00,0.00,0.00,0.00,0.00,0.00,0.00,3,2,1,0,0.00,0.00,0.00,0.00,0.00,0.00,0.00,0.00,0.00,0.00,0.00,0.00,0.00,0.00,0.00,0.00,0.00,0.00,0.00,0.00,0.00,0.00,0.00,0.00,0.00,0.00,0.00,0.00,0.00,0.00,0.00,0.00,0.00,0.00,0.00,0.00,0.00,0.00,0.00,0.00,0.00,0.00,0.00,0.00,0.00,0.00,0.00,0.00,0.00,0.00,0.00,0.00,0.00,13448.00,0.00,0.00,0.00,0.00,1995.37
1.00,0.00,0.00,0.00,0.00,0.00,3.98,0.00,0.00,95.02,0.00,349.00,0.00,0.00,0.00,0.00,5.00,0.00,6089.00,0.00,0.00,0.00,0.00,0.00,0.00,0.00,0.00,0.00,669644,1156408,1371076,67.19,47360,560872,3724888,182.53,834080,374208,472,600084,100392,7344,28716,0,0,0,0.00,0,0.00,0,0,0.00,26583,7616,36833,0,0,459,0.00,0.00,0.00,0,0.00,0.00,0.00,0.00,0.00,0.00,0.00,0.00,0.00,0.00,0.00,0.00,0.00,0.00,12309.00,513.00,16813.75,29.04,0.00,0.00,0.00,0.00,0.00,0.00,0.00,1.00,0.00,0.00,0.00,0.00,0.00,0.00,0.00,0.00,0.00,0.00,0.00,0.00,0.00,0.00,0.00,0.00,0.00,0.00,0.00,0.00,0.00,0.00,721,3,5,0,0,0,12293.00,0.00,1025.00,512.00,11776.00,512.00,0.00,0.00,0.00,0.00,0.00,0.00,0.00,0.00,0.00,0.00,0.00,0.00,0.00,0.00,0.00,0.00,0.00,0.00,0.00,0.00,0.00,0.00,0.00,0.00,0.00,0.00,0.00,0.00,0.00,0.00,0.00,0.00,0.00,0.00,0.00,0.00,0.00,0.00,1022.00,512.00,510.00,0.00,0.00,0.00,0.00,0.00,0.00,0.00,0.00,3,2,1,0,0.00,0.00,0.00,0.00,0.00,0.00,0.00,0.00,0.00,0.00,0.00,0.00,0.00,0.00,0.00,0.00,0.00,0.00,0.00,0.00,0.00,0.00,0.00,0.00,0.00,0.00,0.00,0.00,0.00,0.00,0.00,0.00,0.00,0.00,0.00,0.00,0.00,0.00,0.00,0.00,0.00,0.00,0.00,0.00,0.00,0.00,0.00,0.00,0.00,0.00,0.00,0.00,0.00,12334.00,0.00,0.00,0.00,0.00,1995.37
0.00,0.00,0.98,2.44,0.49,0.00,5.37,0.00,0.00,90.73,3.00,391.00,0.00,0.00,0.00,12.00,485.00,0.00,6453.00,0.00,0.00,0.00,0.00,2.00,0.00,2.00,0.00,24.00,669400,1156188,1371320,67.20,47368,560888,3724888,182.53,834088,374224,524,600084,100448,7344,28716,0,0,0,0.00,0,0.00,0,0,0.00,26583,7616,36833,0,0,459,0.00,0.00,0.00,0,0.00,0.00,0.00,0.00,0.00,0.00,2.00,0.00,12.00,6.00,0.00,26.00,0.00,0.00,12620.00,528.00,17334.74,29.91,0.00,0.00,0.00,0.00,0.00,0.00,0.00,2.00,0.00,0.00,0.00,0.00,0.00,0.00,0.00,0.00,0.00,0.00,0.00,0.00,0.00,0.00,0.00,0.00,0.00,0.00,0.00,0.00,0.00,0.00,721,3,5,0,0,0,12630.00,0.00,992.00,529.00,12167.00,529.00,0.00,0.00,0.00,0.00,0.00,0.00,0.00,0.00,0.00,0.00,0.00,0.00,0.00,0.00,0.00,0.00,0.00,0.00,0.00,0.00,0.00,0.00,0.00,0.00,0.00,0.00,0.00,0.00,0.00,0.00,0.00,0.00,0.00,0.00,0.00,0.00,0.00,0.00,992.00,530.00,462.00,0.00,0.00,0.00,0.00,0.00,0.00,0.00,0.00,3,2,1,0,0.00,0.00,0.00,0.00,0.00,0.00,0.00,0.00,0.00,0.00,0.00,0.00,0.00,0.00,0.00,0.00,0.00,0.00,0.00,0.00,0.00,0.00,0.00,0.00,0.00,0.00,0.00,0.00,0.00,0.00,0.00,0.00,0.00,0.00,0.00,0.00,0.00,0.00,0.00,0.00,0.00,0.00,0.00,0.00,0.00,0.00,0.00,0.00,0.00,0.00,0.00,0.00,0.00,12687.00,0.00,0.00,0.00,0.00,1995.37
0.00,0.00,0.00,0.00,0.00,0.00,10.40,0.00,0.00,89.60,0.00,369.00,0.00,0.00,0.00,0.00,4.00,0.00,32320.00,0.00,0.00,0.00,0.00,0.00,0.00,0.00,0.00,0.00,684196,1141692,1356524,66.47,47040,532208,3747408,183.63,844376,348456,28,613656,100860,7392,28728,0,0,0,0.00,0,0.00,0,0,0.00,26577,7584,36858,0,0,462,0.04,0.03,0.00,0,0.00,0.00,0.00,0.00,0.00,0.00,0.00,0.00,0.00,0.00,0.00,0.00,0.00,0.00,64715.00,2704.00,88526.39,153.16,0.00,0.00,0.00,0.00,0.00,0.00,0.00,1.00,0.00,0.00,0.00,0.00,0.00,0.00,0.00,0.00,0.00,0.00,0.00,0.00,0.00,0.00,0.00,0.00,0.00,0.00,0.00,0.00,0.00,0.00,721,3,5,0,0,0,64713.00,0.00,5397.00,2704.00,62008.00,2696.00,0.00,0.00,0.00,0.00,0.00,0.00,0.00,0.00,0.00,0.00,0.00,0.00,0.00,0.00,0.00,0.00,0.00,0.00,0.00,0.00,0.00,0.00,0.00,0.00,0.00,0.00,0.00,0.00,0.00,0.00,0.00,0.00,0.00,0.00,0.00,0.00,0.00,0.00,5395.00,2704.00,2700.00,0.00,8.00,0.00,0.00,0.00,0.00,0.00,0.00,3,2,1,0,0.00,0.00,0.00,0.00,0.00,0.00,0.00,0.00,0.00,0.00,0.00,0.00,0.00,0.00,0.00,0.00,0.00,0.00,0.00,0.00,0.00,0.00,0.00,0.00,0.00,0.00,0.00,0.00,0.00,0.00,0.00,0.00,0.00,0.00,0.00,0.00,0.00,0.00,0.00,0.00,0.00,0.00,0.00,0.00,0.00,0.00,0.00,0.00,0.00,0.00,0.00,0.00,0.00,64762.00,0.00,0.00,0.00,0.00,1995.37
0.00,0.00,0.00,0.00,0.00,0.00,9.50,0.00,0.00,90.50,0.00,374.00,0.00,0.00,0.00,0.00,2.00,0.00,32661.00,0.00,0.00,0.00,0.00,0.00,0.00,0.00,0.00,0.00,684284,1141780,1356436,66.47,47040,532220,3747408,183.63,844416,348456,40,613708,100876,7392,28688,0,0,0,0.00,0,0.00,0,0,0.00,26577,7584,36858,0,0,462,0.04,0.03,0.00,0,0.00,0.00,0.00,0.00,0.00,0.00,0.00,0.00,0.00,0.00,0.00,0.00,0.00,0.00,64659.00,2694.00,88461.69,152.59,0.00,0.00,0.00,0.00,0.00,0.00,0.00,0.00,0.00,0.00,0.00,0.00,0.00,0.00,0.00,0.00,0.00,0.00,0.00,0.00,0.00,0.00,0.00,0.00,0.00,0.00,0.00,0.00,0.00,0.00,721,3,5,0,0,0,64683.00,0.00,5393.00,2695.00,61985.00,2695.00,0.00,0.00,0.00,0.00,0.00,0.00,0.00,0.00,0.00,0.00,0.00,0.00,0.00,0.00,0.00,0.00,0.00,0.00,0.00,0.00,0.00,0.00,0.00,0.00,0.00,0.00,0.00,0.00,0.00,0.00,0.00,0.00,0.00,0.00,0.00,0.00,0.00,0.00,5393.00,2697.00,2695.00,0.00,0.00,0.00,0.00,1.00,0.00,0.00,0.00,3,2,1,0,0.00,0.00,0.00,0.00,0.00,0.00,0.00,0.00,0.00,0.00,0.00,0.00,0.00,0.00,0.00,0.00,0.00,0.00,0.00,0.00,0.00,0.00,0.00,0.00,0.00,0.00,0.00,0.00,0.00,0.00,0.00,0.00,0.00,0.00,0.00,0.00,0.00,0.00,0.00,0.00,0.00,0.00,0.00,0.00,0.00,0.00,0.00,0.00,0.00,0.00,0.00,0.00,0.00,64705.00,0.00,0.00,0.00,0.00,1995.37
0.00,0.00,0.49,0.00,0.00,0.00,11.22,0.00,0.00,88.29,0.00,374.00,0.00,0.00,0.00,0.00,0.00,0.00,31579.00,0.00,0.00,0.00,0.00,0.00,0.00,0.00,0.00,0.00,684380,1141876,1356340,66.46,47040,532236,3747408,183.63,844416,348456,56,613708,100876,7392,28688,0,0,0,0.00,0,0.00,0,0,0.00,26577,7584,36858,0,0,462,0.04,0.03,0.00,0,0.00,0.00,0.00,0.00,0.00,0.00,0.00,0.00,0.00,0.00,0.00,0.00,0.00,0.00,63317.00,2640.00,86621.62,149.53,0.00,0.00,0.00,0.00,0.00,0.00,0.00,1.00,0.00,0.00,0.00,0.00,0.00,0.00,0.00,0.00,0.00,0.00,0.00,0.00,0.00,0.00,0.00,0.00,0.00,0.00,0.00,0.00,0.00,0.00,721,3,5,0,0,0,63290.00,0.00,5273.00,2639.00,60651.00,2637.00,0.00,0.00,0.00,0.00,0.00,0.00,0.00,0.00,0.00,0.00,0.00,0.00,0.00,0.00,0.00,0.00,0.00,0.00,0.00,0.00,0.00,0.00,0.00,0.00,0.00,0.00,0.00,0.00,0.00,0.00,0.00,0.00,0.00,0.00,0.00,0.00,0.00,0.00,5267.00,2637.00,2632.00,0.00,2.00,0.00,0.00,0.00,0.00,0.00,0.00,3,2,1,0,0.00,0.00,0.00,0.00,0.00,0.00,0.00,0.00,0.00,0.00,0.00,0.00,0.00,0.00,0.00,0.00,0.00,0.00,0.00,0.00,0.00,0.00,0.00,0.00,0.00,0.00,0.00,0.00,0.00,0.00,0.00,0.00,0.00,0.00,0.00,0.00,0.00,0.00,0.00,0.00,0.00,0.00,0.00,0.00,0.00,0.00,0.00,0.00,0.00,0.00,0.00,0.00,0.00,63224.00,0.00,0.00,0.00,0.00,1995.37
0.50,0.00,0.00,0.00,0.00,0.00,9.95,0.00,0.00,89.55,0.00,364.00,0.00,0.00,0.00,0.00,0.00,0.00,30907.00,0.00,0.00,0.00,0.00,0.00,0.00,0.00,0.00,0.00,684252,1141748,1356468,66.47,47040,532252,3747408,183.63,844416,348456,72,613708,100876,7392,28688,0,0,0,0.00,0,0.00,0,0,0.00,26577,7584,36858,0,0,462,0.04,0.03,0.00,0,0.00,0.00,0.00,0.00,0.00,0.00,0.00,0.00,0.00,0.00,0.00,0.00,0.00,0.00,61281.00,2556.00,83830.82,144.77,0.00,0.00,0.00,0.00,0.00,0.00,0.00,2.00,0.00,0.00,0.00,0.00,0.00,0.00,0.00,0.00,0.00,0.00,0.00,0.00,0.00,0.00,0.00,0.00,0.00,0.00,0.00,0.00,0.00,0.00,721,3,5,0,0,0,61372.00,0.00,5115.00,2560.00,58811.00,2557.00,0.00,0.00,0.00,0.00,0.00,0.00,0.00,0.00,0.00,0.00,0.00,0.00,0.00,0.00,0.00,0.00,0.00,0.00,0.00,0.00,0.00,0.00,0.00,0.00,0.00,0.00,0.00,0.00,0.00,0.00,0.00,0.00,0.00,0.00,0.00,0.00,0.00,0.00,5113.00,2561.00,2555.00,0.00,3.00,0.00,0.00,0.00,0.00,0.00,0.00,3,2,1,0,0.00,0.00,0.00,0.00,0.00,0.00,0.00,0.00,0.00,0.00,0.00,0.00,0.00,0.00,0.00,0.00,0.00,0.00,0.00,0.00,0.00,0.00,0.00,0.00,0.00,0.00,0.00,0.00,0.00,0.00,0.00,0.00,0.00,0.00,0.00,0.00,0.00,0.00,0.00,0.00,0.00,0.00,0.00,0.00,0.00,0.00,0.00,0.00,0.00,0.00,0.00,0.00,0.00,61421.00,0.00,0.00,0.00,0.00,1995.37
0.50,0.00,0.00,0.00,0.50,0.00,9.90,0.00,0.00,89.11,0.00,359.00,0.00,0.00,0.00,0.00,0.00,0.00,30555.00,0.00,0.00,0.00,0.00,0.00,0.00,0.00,0.00,0.00,684252,1141804,1356468,66.47,47040,532268,3747408,183.63,844416,348512,88,613708,100876,7392,28688,0,0,0,0.00,0,0.00,0,0,0.00,26577,7584,36858,0,0,462,0.04,0.03,0.00,0,0.00,0.00,0.00,0.00,0.00,0.00,0.00,0.00,0.00,0.00,0.00,0.00,0.00,0.00,61473.00,2565.00,84093.45,145.28,0.00,0.00,0.00,0.00,0.00,0.00,0.00,1.00,0.00,0.00,0.00,0.00,0.00,0.00,0.00,0.00,0.00,0.00,0.00,0.00,0.00,0.00,0.00,0.00,0.00,0.00,0.00,0.00,0.00,0.00,721,3,5,0,0,0,61372.00,0.00,5118.00,2561.00,58811.00,2557.00,0.00,0.00,0.00,0.00,0.00,0.00,0.00,0.00,0.00,0.00,0.00,0.00,0.00,0.00,0.00,0.00,0.00,0.00,0.00,0.00,0.00,0.00,0.00,0.00,0.00,0.00,0.00,0.00,0.00,0.00,0.00,0.00,0.00,0.00,0.00,0.00,0.00,0.00,5116.00,2561.00,2559.00,0.00,4.00,0.00,0.00,0.00,0.00,0.00,0.00,3,2,1,0,0.00,0.00,0.00,0.00,0.00,0.00,0.00,0.00,0.00,0.00,0.00,0.00,0.00,0.00,0.00,0.00,0.00,0.00,0.00,0.00,0.00,0.00,0.00,0.00,0.00,0.00,0.00,0.00,0.00,0.00,0.00,0.00,0.00,0.00,0.00,0.00,0.00,0.00,0.00,0.00,0.00,0.00,0.00,0.00,0.00,0.00,0.00,0.00,0.00,0.00,0.00,0.00,0.00,61403.00,0.00,0.00,0.00,0.00,1995.37
0.00,0.00,0.00,1.02,0.00,0.00,8.63,0.00,0.00,90.36,0.00,384.00,0.00,0.00,0.00,36.00,0.00,0.00,29740.00,0.00,0.00,0.00,0.00,2.00,0.00,2.00,0.00,72.00,684380,1141932,1356340,66.46,47048,532284,3747408,183.63,844416,348512,128,613708,100876,7392,28688,0,0,0,0.00,0,0.00,0,0,0.00,26577,7584,36858,0,0,462,0.04,0.03,0.00,0,0.00,0.00,0.00,0.00,0.00,0.00,2.00,0.00,36.00,18.00,0.00,14.00,0.00,0.00,60271.00,2515.00,82451.55,142.44,0.00,0.00,0.00,0.00,0.00,0.00,0.00,0.00,0.00,0.00,0.00,0.00,0.00,0.00,0.00,0.00,0.00,0.00,0.00,0.00,0.00,0.00,0.00,0.00,0.00,0.00,0.00,0.00,0.00,0.00,721,3,5,0,0,0,60265.00,0.00,5023.00,2514.00,57753.00,2511.00,0.00,0.00,0.00,0.00,0.00,0.00,0.00,0.00,0.00,0.00,0.00,0.00,0.00,0.00,0.00,0.00,0.00,0.00,0.00,0.00,0.00,0.00,0.00,0.00,0.00,0.00,0.00,0.00,0.00,0.00,0.00,0.00,0.00,0.00,0.00,0.00,0.00,0.00,5023.00,2514.00,2512.00,0.00,3.00,0.00,0.00,1.00,0.00,0.00,0.00,3,2,1,0,0.00,0.00,0.00,0.00,0.00,0.00,0.00,0.00,0.00,0.00,0.00,0.00,0.00,0.00,0.00,0.00,0.00,0.00,0.00,0.00,0.00,0.00,0.00,0.00,0.00,0.00,0.00,0.00,0.00,0.00,0.00,0.00,0.00,0.00,0.00,0.00,0.00,0.00,0.00,0.00,0.00,0.00,0.00,0.00,0.00,0.00,0.00,0.00,0.00,0.00,0.00,0.00,0.00,60224.00,0.00,0.00,0.00,0.00,1995.37
1.52,0.00,0.00,0.00,0.00,0.00,8.12,0.00,0.00,90.36,0.00,400.00,0.00,0.00,0.00,0.00,5.00,0.00,29450.00,0.00,0.00,0.00,0.00,0.00,0.00,0.00,0.00,0.00,684252,1141804,1356468,66.47,47048,532296,3747408,183.63,844416,348512,140,613708,100876,7392,28688,0,0,0,0.00,0,0.00,0,0,0.00,26577,7584,36858,0,0,462,0.04,0.03,0.00,0,0.00,0.00,0.00,0.00,0.00,0.00,0.00,0.00,0.00,0.00,0.00,0.00,0.00,0.00,58955.00,2461.00,80646.00,139.39,0.00,0.00,0.00,0.00,0.00,0.00,0.00,2.00,0.00,0.00,0.00,0.00,0.00,0.00,0.00,0.00,0.00,0.00,0.00,0.00,0.00,0.00,0.00,0.00,0.00,0.00,0.00,0.00,0.00,0.00,721,3,5,0,0,0,58970.00,0.00,4916.00,2462.00,56511.00,2457.00,0.00,0.00,0.00,0.00,0.00,0.00,0.00,0.00,0.00,0.00,0.00,0.00,0.00,0.00,0.00,0.00,0.00,0.00,0.00,0.00,0.00,0.00,0.00,0.00,0.00,0.00,0.00,0.00,0.00,0.00,0.00,0.00,0.00,0.00,0.00,0.00,0.00,0.00,4913.00,2461.00,2457.00,0.00,5.00,0.00,0.00,0.00,0.00,0.00,0.00,3,2,1,0,0.00,0.00,0.00,0.00,0.00,0.00,0.00,0.00,0.00,0.00,0.00,0.00,0.00,0.00,0.00,0.00,0.00,0.00,0.00,0.00,0.00,0.00,0.00,0.00,0.00,0.00,0.00,0.00,0.00,0.00,0.00,0.00,0.00,0.00,0.00,0.00,0.00,0.00,0.00,0.00,0.00,0.00,0.00,0.00,0.00,0.00,0.00,0.00,0.00,0.00,0.00,0.00,0.00,58979.00,0.00,0.00,0.00,0.00,1995.37
0.00,0.00,0.50,0.00,0.00,0.00,9.05,0.00,0.00,90.45,0.00,345.00,0.00,0.00,0.00,0.00,0.00,0.00,29235.00,0.00,0.00,0.00,0.00,0.00,0.00,0.00,0.00,0.00,684316,1141916,1356404,66.47,47048,532312,3747408,183.63,844404,348548,156,613688,100880,7392,28688,0,0,0,0.00,0,0.00,0,0,0.00,26577,7584,36858,0,0,462,0.04,0.03,0.00,0,0.00,0.00,0.00,0.00,0.00,0.00,0.00,0.00,0.00,0.00,0.00,0.00,0.00,0.00,58135.00,2425.00,79529.04,137.35,0.00,0.00,0.00,0.00,0.00,0.00,0.00,0.00,0.00,0.00,0.00,0.00,0.00,0.00,0.00,0.00,0.00,0.00,0.00,0.00,0.00,0.00,0.00,0.00,0.00,0.00,0.00,0.00,0.00,0.00,721,3,5,0,0,0,58131.00,0.00,4847.00,2425.00,55706.00,2422.00,0.00,0.00,0.00,0.00,0.00,0.00,0.00,0.00,0.00,0.00,0.00,0.00,0.00,0.00,0.00,0.00,0.00,0.00,0.00,0.00,0.00,0.00,0.00,0.00,0.00,0.00,0.00,0.00,0.00,0.00,0.00,0.00,0.00,0.00,0.00,0.00,0.00,0.00,4848.00,2426.00,2426.00,0.00,3.00,0.00,0.00,0.00,0.00,0.00,0.00,3,2,1,0,0.00,0.00,0.00,0.00,0.00,0.00,0.00,0.00,0.00,0.00,0.00,0.00,0.00,0.00,0.00,0.00,0.00,0.00,0.00,0.00,0.00,0.00,0.00,0.00,0.00,0.00,0.00,0.00,0.00,0.00,0.00,0.00,0.00,0.00,0.00,0.00,0.00,0.00,0.00,0.00,0.00,0.00,0.00,0.00,0.00,0.00,0.00,0.00,0.00,0.00,0.00,0.00,0.00,58158.00,0.00,0.00,0.00,0.00,1995.37
0.00,0.00,0.00,0.00,0.00,0.00,7.65,0.00,0.00,92.35,0.00,349.00,0.00,0.00,0.00,0.00,0.00,0.00,26523.00,0.00,0.00,0.00,0.00,0.00,0.00,0.00,0.00,0.00,684348,1141948,1356372,66.47,47048,532328,3747408,183.63,844404,348548,172,613688,100880,7392,28688,0,0,0,0.00,0,0.00,0,0,0.00,26577,7584,36858,0,0,462,0.04,0.03,0.00,0,0.00,0.00,0.00,0.00,0.00,0.00,0.00,0.00,0.00,0.00,0.00,0.00,0.00,0.00,56039.00,2338.00,76671.89,132.43,0.00,0.00,0.00,0.00,0.00,0.00,0.00,1.00,0.00,0.00,0.00,0.00,0.00,0.00,0.00,0.00,0.00,0.00,0.00,0.00,0.00,0.00,0.00,0.00,0.00,0.00,0.00,0.00,0.00,0.00,721,3,5,0,0,0,56011.00,0.00,4663.00,2337.00,53682.00,2334.00,0.00,0.00,0.00,0.00,0.00,0.00,0.00,0.00,0.00,0.00,0.00,0.00,0.00,0.00,0.00,0.00,0.00,0.00,0.00,0.00,0.00,0.00,0.00,0.00,0.00,0.00,0.00,0.00,0.00,0.00,0.00,0.00,0.00,0.00,0.00,0.00,0.00,0.00,4662.00,2336.00,2329.00,0.00,3.00,0.00,0.00,0.00,0.00,0.00,0.00,3,2,1,0,0.00,0.00,0.00,0.00,0.00,0.00,0.00,0.00,0.00,0.00,0.00,0.00,0.00,0.00,0.00,0.00,0.00,0.00,0.00,0.00,0.00,0.00,0.00,0.00,0.00,0.00,0.00,0.00,0.00,0.00,0.00,0.00,0.00,0.00,0.00,0.00,0.00,0.00,0.00,0.00,0.00,0.00,0.00,0.00,0.00,0.00,0.00,0.00,0.00,0.00,0.00,0.00,0.00,55994.00,0.00,0.00,0.00,0.00,1995.37
0.49,0.00,0.00,0.00,0.00,0.00,11.71,0.00,0.00,87.80,0.00,375.00,0.00,0.00,0.00,0.00,0.00,0.00,28172.00,0.00,0.00,0.00,0.00,0.00,0.00,0.00,0.00,0.00,684284,1141884,1356436,66.47,47048,532344,3747408,183.63,844404,348548,188,613688,100880,7392,28688,0,0,0,0.00,0,0.00,0,0,0.00,26577,7584,36858,0,0,462,0.04,0.03,0.00,0,0.00,0.00,0.00,0.00,0.00,0.00,0.00,0.00,0.00,0.00,0.00,0.00,0.00,0.00,55926.00,2335.00,76508.33,132.25,0.00,0.00,0.00,0.00,0.00,0.00,0.00,0.00,0.00,0.00,0.00,0.00,0.00,0.00,0.00,0.00,0.00,0.00,0.00,0.00,0.00,0.00,0.00,0.00,0.00,0.00,0.00,0.00,0.00,0.00,721,3,5,0,0,0,55944.00,0.00,4662.00,2336.00,53613.00,2331.00,0.00,0.00,0.00,0.00,0.00,0.00,0.00,0.00,0.00,0.00,0.00,0.00,0.00,0.00,0.00,0.00,0.00,0.00,0.00,0.00,0.00,0.00,0.00,0.00,0.00,0.00,0.00,0.00,0.00,0.00,0.00,0.00,0.00,0.00,0.00,0.00,0.00,0.00,4661.00,2336.00,2330.00,0.00,5.00,0.00,0.00,1.00,0.00,0.00,0.00,3,2,1,0,0.00,0.00,0.00,0.00,0.00,0.00,0.00,0.00,0.00,0.00,0.00,0.00,0.00,0.00,0.00,0.00,0.00,0.00,0.00,0.00,0.00,0.00,0.00,0.00,0.00,0.00,0.00,0.00,0.00,0.00,0.00,0.00,0.00,0.00,0.00,0.00,0.00,0.00,0.00,0.00,0.00,0.00,0.00,0.00,0.00,0.00,0.00,0.00,0.00,0.00,0.00,0.00,0.00,55950.00,0.00,0.00,0.00,0.00,1995.37
0.00,0.00,0.49,4.41,0.49,0.00,10.29,0.00,0.00,84.31,0.00,375.00,0.00,0.00,0.00,12.00,0.00,0.00,26739.00,0.00,0.00,0.00,0.00,2.00,0.00,2.00,0.00,24.00,684252,1141908,1356468,66.47,47056,532360,3747408,183.63,844408,348600,204,613688,100880,7392,28688,0,0,0,0.00,0,0.00,0,0,0.00,26577,7584,36858,0,0,462,0.04,0.03,0.00,0,0.00,0.00,0.00,0.00,0.00,0.00,2.00,0.00,12.00,6.00,0.00,54.00,0.00,0.00,55398.00,2311.00,75785.68,130.90,0.00,0.00,0.00,0.00,0.00,0.00,0.00,1.00,0.00,0.00,0.00,0.00,0.00,0.00,0.00,0.00,0.00,0.00,0.00,0.00,0.00,0.00,0.00,0.00,0.00,0.00,0.00,0.00,0.00,0.00,721,3,5,0,0,0,55370.00,0.00,4616.00,2310.00,53061.00,2307.00,0.00,0.00,0.00,0.00,0.00,0.00,0.00,0.00,0.00,0.00,0.00,0.00,0.00,0.00,0.00,0.00,0.00,0.00,0.00,0.00,0.00,0.00,0.00,0.00,0.00,0.00,0.00,0.00,0.00,0.00,0.00,0.00,0.00,0.00,0.00,0.00,0.00,0.00,4616.00,2310.00,2308.00,0.00,3.00,0.00,0.00,0.00,0.00,0.00,0.00,3,2,1,0,0.00,0.00,0.00,0.00,0.00,0.00,0.00,0.00,0.00,0.00,0.00,0.00,0.00,0.00,0.00,0.00,0.00,0.00,0.00,0.00,0.00,0.00,0.00,0.00,0.00,0.00,0.00,0.00,0.00,0.00,0.00,0.00,0.00,0.00,0.00,0.00,0.00,0.00,0.00,0.00,0.00,0.00,0.00,0.00,0.00,0.00,0.00,0.00,0.00,0.00,0.00,0.00,0.00,55419.00,0.00,0.00,0.00,0.00,1995.37
0.00,0.00,0.50,0.00,0.00,0.00,9.00,0.00,0.00,90.50,0.00,348.00,0.00,0.00,0.00,0.00,0.00,0.00,26490.00,0.00,0.00,0.00,0.00,0.00,0.00,0.00,0.00,0.00,684188,1141844,1356532,66.47,47056,532372,3747408,183.63,844408,348600,216,613688,100880,7392,28688,0,0,0,0.00,0,0.00,0,0,0.00,26577,7584,36858,0,0,462,0.04,0.03,0.00,0,0.00,0.00,0.00,0.00,0.00,0.00,0.00,0.00,0.00,0.00,0.00,0.00,0.00,0.00,54246.00,2263.00,74209.57,128.18,0.00,0.00,0.00,0.00,0.00,0.00,0.00,0.00,0.00,0.00,0.00,0.00,0.00,0.00,0.00,0.00,0.00,0.00,0.00,0.00,0.00,0.00,0.00,0.00,0.00,0.00,0.00,0.00,0.00,0.00,721,3,5,0,0,0,54240.00,0.00,4520.00,2263.00,51980.00,2260.00,0.00,0.00,0.00,0.00,0.00,0.00,0.00,0.00,0.00,0.00,0.00,0.00,0.00,0.00,0.00,0.00,0.00,0.00,0.00,0.00,0.00,0.00,0.00,0.00,0.00,0.00,0.00,0.00,0.00,0.00,0.00,0.00,0.00,0.00,0.00,0.00,0.00,0.00,4520.00,2263.00,2260.00,0.00,3.00,0.00,0.00,0.00,0.00,0.00,0.00,3,2,1,0,0.00,0.00,0.00,0.00,0.00,0.00,0.00,0.00,0.00,0.00,0.00,0.00,0.00,0.00,0.00,0.00,0.00,0.00,0.00,0.00,0.00,0.00,0.00,0.00,0.00,0.00,0.00,0.00,0.00,0.00,0.00,0.00,0.00,0.00,0.00,0.00,0.00,0.00,0.00,0.00,0.00,0.00,0.00,0.00,0.00,0.00,0.00,0.00,0.00,0.00,0.00,0.00,0.00,54176.00,0.00,0.00,0.00,0.00,1995.37
0.00,0.00,0.00,0.00,0.00,0.00,8.54,0.00,0.00,91.46,0.00,354.46,0.00,0.00,0.00,0.00,0.00,0.00,25325.74,0.00,0.00,0.00,0.00,0.00,0.00,0.00,0.00,0.00,684188,1141844,1356532,66.47,47056,532388,3747408,183.63,844408,348600,232,613688,100880,7392,28688,0,0,0,0.00,0,0.00,0,0,0.00,26577,7584,36858,0,0,462,0.03,0.02,0.00,0,0.00,0.00,0.00,0.00,0.00,0.00,0.00,0.00,0.00,0.00,0.00,0.00,0.00,0.00,51352.48,2142.57,70256.02,121.36,0.00,0.00,0.00,0.00,0.00,0.00,0.00,0.99,0.00,0.00,0.00,0.00,0.00,0.00,0.00,0.00,0.00,0.00,0.00,0.00,0.00,0.00,0.00,0.00,0.00,0.00,0.00,0.00,0.00,0.00,721,3,5,0,0,0,51373.27,0.00,4280.20,2143.56,49233.66,2140.59,0.00,0.00,0.00,0.00,0.00,0.00,0.00,0.00,0.00,0.00,0.00,0.00,0.00,0.00,0.00,0.00,0.00,0.00,0.00,0.00,0.00,0.00,0.00,0.00,0.00,0.00,0.00,0.00,0.00,0.00,0.00,0.00,0.00,0.00,0.00,0.00,0.00,0.00,4280.20,2143.56,2140.59,0.00,2.97,0.00,0.00,0.00,0.00,0.00,0.00,3,2,1,0,0.00,0.00,0.00,0.00,0.00,0.00,0.00,0.00,0.00,0.00,0.00,0.00,0.00,0.00,0.00,0.00,0.00,0.00,0.00,0.00,0.00,0.00,0.00,0.00,0.00,0.00,0.00,0.00,0.00,0.00,0.00,0.00,0.00,0.00,0.00,0.00,0.00,0.00,0.00,0.00,0.00,0.00,0.00,0.00,0.00,0.00,0.00,0.00,0.00,0.00,0.00,0.00,0.00,51422.77,0.00,0.00,0.00,0.00,1995.37
0.50,0.00,0.00,0.00,0.00,0.00,8.54,0.00,0.00,90.95,0.00,347.00,0.00,0.00,0.00,0.00,0.00,0.00,26283.00,0.00,0.00,0.00,0.00,0.00,0.00,0.00,0.00,0.00,684376,1142088,1356344,66.46,47056,532404,3747408,183.63,844460,348656,248,613688,100880,7392,28688,0,0,0,0.00,0,0.00,0,0,0.00,26577,7584,36858,0,0,462,0.03,0.02,0.00,0,0.00,0.00,0.00,0.00,0.00,0.00,0.00,0.00,0.00,0.00,0.00,0.00,0.00,0.00,52158.00,2173.00,71352.82,123.08,0.00,0.00,0.00,0.00,0.00,0.00,0.00,0.00,0.00,0.00,0.00,0.00,0.00,0.00,0.00,0.00,0.00,0.00,0.00,0.00,0.00,0.00,0.00,0.00,0.00,0.00,0.00,0.00,0.00,0.00,721,3,5,0,0,0,52156.00,0.00,4350.00,2173.00,49979.00,2173.00,0.00,0.00,0.00,0.00,0.00,0.00,0.00,0.00,0.00,0.00,0.00,0.00,0.00,0.00,0.00,0.00,0.00,0.00,0.00,0.00,0.00,0.00,0.00,0.00,0.00,0.00,0.00,0.00,0.00,0.00,0.00,0.00,0.00,0.00,0.00,0.00,0.00,0.00,4351.00,2174.00,2176.00,0.00,0.00,0.00,0.00,0.00,0.00,0.00,0.00,3,2,1,0,0.00,0.00,0.00,0.00,0.00,0.00,0.00,0.00,0.00,0.00,0.00,0.00,0.00,0.00,0.00,0.00,0.00,0.00,0.00,0.00,0.00,0.00,0.00,0.00,0.00,0.00,0.00,0.00,0.00,0.00,0.00,0.00,0.00,0.00,0.00,0.00,0.00,0.00,0.00,0.00,0.00,0.00,0.00,0.00,0.00,0.00,0.00,0.00,0.00,0.00,0.00,0.00,0.00,52157.00,0.00,0.00,0.00,0.00,1995.37
0.00,0.00,0.00,0.00,0.49,0.00,10.34,0.00,0.00,89.16,0.00,376.00,0.00,0.00,0.00,0.00,0.00,0.00,25219.00,0.00,0.00,0.00,0.00,0.00,0.00,0.00,0.00,0.00,684376,1142088,1356344,66.46,47056,532420,3747408,183.63,844460,348656,264,613688,100880,7392,28688,0,0,0,0.00,0,0.00,0,0,0.00,26577,7584,36858,0,0,462,0.03,0.02,0.00,0,0.00,0.00,0.00,0.00,0.00,0.00,0.00,0.00,0.00,0.00,0.00,0.00,0.00,0.00,51437.00,2144.00,70367.71,121.44,0.00,0.00,0.00,0.00,0.00,0.00,0.00,1.00,0.00,0.00,0.00,0.00,0.00,0.00,0.00,0.00,0.00,0.00,0.00,0.00,0.00,0.00,0.00,0.00,0.00,0.00,0.00,0.00,0.00,0.00,721,3,5,0,0,0,51407.00,0.00,4283.00,2143.00,49266.00,2142.00,0.00,0.00,0.00,0.00,0.00,0.00,0.00,0.00,0.00,0.00,0.00,0.00,0.00,0.00,0.00,0.00,0.00,0.00,0.00,0.00,0.00,0.00,0.00,0.00,0.00,0.00,0.00,0.00,0.00,0.00,0.00,0.00,0.00,0.00,0.00,0.00,0.00,0.00,4284.00,2142.00,2143.00,0.00,1.00,0.00,0.00,0.00,0.00,0.00,0.00,3,2,1,0,0.00,0.00,0.00,0.00,0.00,0.00,0.00,0.00,0.00,0.00,0.00,0.00,0.00,0.00,0.00,0.00,0.00,0.00,0.00,0.00,0.00,0.00,0.00,0.00,0.00,0.00,0.00,0.00,0.00,0.00,0.00,0.00,0.00,0.00,0.00,0.00,0.00,0.00,0.00,0.00,0.00,0.00,0.00,0.00,0.00,0.00,0.00,0.00,0.00,0.00,0.00,0.00,0.00,51414.00,0.00,0.00,0.00,0.00,1995.37
0.50,0.00,0.50,5.03,0.00,0.00,7.04,0.00,0.00,86.93,0.00,348.00,0.00,0.00,0.00,12.00,0.00,0.00,25459.00,0.00,0.00,0.00,0.00,2.00,0.00,2.00,0.00,24.00,684472,1142184,1356248,66.46,47064,532436,3747408,183.63,844460,348656,280,613688,100880,7392,28688,0,0,0,0.00,0,0.00,0,0,0.00,26577,7584,36858,0,0,462,0.03,0.02,0.00,0,0.00,0.00,0.00,0.00,0.00,0.00,2.00,0.00,12.00,6.00,0.00,54.00,0.00,0.00,50457.00,2104.00,69021.67,119.17,0.00,0.00,0.00,0.00,0.00,0.00,0.00,0.00,0.00,0.00,0.00,0.00,0.00,0.00,0.00,0.00,0.00,0.00,0.00,0.00,0.00,0.00,0.00,0.00,0.00,0.00,0.00,0.00,0.00,0.00,721,3,5,0,0,0,50450.00,0.00,4206.00,2104.00,48346.00,2102.00,0.00,0.00,0.00,0.00,0.00,0.00,0.00,0.00,0.00,0.00,0.00,0.00,0.00,0.00,0.00,0.00,0.00,0.00,0.00,0.00,0.00,0.00,0.00,0.00,0.00,0.00,0.00,0.00,0.00,0.00,0.00,0.00,0.00,0.00,0.00,0.00,0.00,0.00,4204.00,2104.00,2102.00,0.00,2.00,0.00,0.00,0.00,0.00,0.00,0.00,3,2,1,0,0.00,0.00,0.00,0.00,0.00,0.00,0.00,0.00,0.00,0.00,0.00,0.00,0.00,0.00,0.00,0.00,0.00,0.00,0.00,0.00,0.00,0.00,0.00,0.00,0.00,0.00,0.00,0.00,0.00,0.00,0.00,0.00,0.00,0.00,0.00,0.00,0.00,0.00,0.00,0.00,0.00,0.00,0.00,0.00,0.00,0.00,0.00,0.00,0.00,0.00,0.00,0.00,0.00,50457.00,0.00,0.00,0.00,0.00,1995.37
0.00,0.00,0.48,0.00,0.00,0.00,12.86,0.00,0.00,86.67,0.00,408.00,0.00,0.00,0.00,0.00,1.00,0.00,24891.00,0.00,0.00,0.00,0.00,0.00,0.00,0.00,0.00,0.00,684408,1142176,1356312,66.46,47064,532448,3747408,183.63,844468,348704,292,613688,100884,7392,28688,0,0,0,0.00,0,0.00,0,0,0.00,26577,7584,36858,0,0,462,0.03,0.02,0.00,0,0.00,0.00,0.00,0.00,0.00,0.00,0.00,0.00,0.00,0.00,0.00,0.00,0.00,0.00,49542.00,2067.00,67773.72,117.08,0.00,0.00,0.00,0.00,0.00,0.00,0.00,1.00,0.00,0.00,0.00,0.00,0.00,0.00,0.00,0.00,0.00,0.00,0.00,0.00,0.00,0.00,0.00,0.00,0.00,0.00,0.00,0.00,0.00,0.00,721,3,5,0,0,0,49535.00,0.00,4127.00,2067.00,47472.00,2064.00,0.00,0.00,0.00,0.00,0.00,0.00,0.00,0.00,0.00,0.00,0.00,0.00,0.00,0.00,0.00,0.00,0.00,0.00,0.00,0.00,0.00,0.00,0.00,0.00,0.00,0.00,0.00,0.00,0.00,0.00,0.00,0.00,0.00,0.00,0.00,0.00,0.00,0.00,4128.00,2067.00,2064.00,0.00,3.00,0.00,0.00,0.00,0.00,0.00,0.00,3,2,1,0,0.00,0.00,0.00,0.00,0.00,0.00,0.00,0.00,0.00,0.00,0.00,0.00,0.00,0.00,0.00,0.00,0.00,0.00,0.00,0.00,0.00,0.00,0.00,0.00,0.00,0.00,0.00,0.00,0.00,0.00,0.00,0.00,0.00,0.00,0.00,0.00,0.00,0.00,0.00,0.00,0.00,0.00,0.00,0.00,0.00,0.00,0.00,0.00,0.00,0.00,0.00,0.00,0.00,49542.00,0.00,0.00,0.00,0.00,1995.37
0.00,0.00,0.00,0.00,0.00,0.00,9.50,0.00,0.00,90.50,0.00,360.00,0.00,0.00,0.00,0.00,0.00,0.00,24203.00,0.00,0.00,0.00,0.00,0.00,0.00,0.00,0.00,0.00,684344,1142112,1356376,66.47,47064,532464,3747408,183.63,844472,348700,308,613692,100884,7392,28688,0,0,0,0.00,0,0.00,0,0,0.00,26577,7584,36858,0,0,462,0.03,0.02,0.00,0,0.00,0.00,0.00,0.00,0.00,0.00,0.00,0.00,0.00,0.00,0.00,0.00,0.00,0.00,49232.00,2054.00,67347.02,116.34,0.00,0.00,0.00,0.00,0.00,0.00,0.00,0.00,0.00,0.00,0.00,0.00,0.00,0.00,0.00,0.00,0.00,0.00,0.00,0.00,0.00,0.00,0.00,0.00,0.00,0.00,0.00,0.00,0.00,0.00,721,3,5,0,0,0,49230.00,0.00,4104.00,2054.00,47173.00,2051.00,0.00,0.00,0.00,0.00,0.00,0.00,0.00,0.00,0.00,0.00,0.00,0.00,0.00,0.00,0.00,0.00,0.00,0.00,0.00,0.00,0.00,0.00,0.00,0.00,0.00,0.00,0.00,0.00,0.00,0.00,0.00,0.00,0.00,0.00,0.00,0.00,0.00,0.00,4103.00,2054.00,2052.00,0.00,3.00,0.00,0.00,0.00,0.00,0.00,0.00,3,2,1,0,0.00,0.00,0.00,0.00,0.00,0.00,0.00,0.00,0.00,0.00,0.00,0.00,0.00,0.00,0.00,0.00,0.00,0.00,0.00,0.00,0.00,0.00,0.00,0.00,0.00,0.00,0.00,0.00,0.00,0.00,0.00,0.00,0.00,0.00,0.00,0.00,0.00,0.00,0.00,0.00,0.00,0.00,0.00,0.00,0.00,0.00,0.00,0.00,0.00,0.00,0.00,0.00,0.00,49187.00,0.00,0.00,0.00,0.00,1995.37
0.50,0.00,0.00,0.00,0.00,0.00,9.00,0.00,0.00,90.50,0.00,357.00,0.00,0.00,0.00,0.00,0.00,0.00,24555.00,0.00,0.00,0.00,0.00,0.00,0.00,0.00,0.00,0.00,684252,1142020,1356468,66.47,47064,532480,3747408,183.63,844472,348700,324,613692,100884,7392,28688,0,0,0,0.00,0,0.00,0,0,0.00,26577,7584,36858,0,0,462,0.03,0.02,0.00,0,0.00,0.00,0.00,0.00,0.00,0.00,0.00,0.00,0.00,0.00,0.00,0.00,0.00,0.00,48658.00,2027.00,66559.08,114.81,0.00,0.00,0.00,0.00,0.00,0.00,0.00,1.00,0.00,0.00,0.00,0.00,0.00,0.00,0.00,0.00,0.00,0.00,0.00,0.00,0.00,0.00,0.00,0.00,0.00,0.00,0.00,0.00,0.00,0.00,721,3,5,0,0,0,48651.00,0.00,4057.00,2027.00,46621.00,2027.00,0.00,0.00,0.00,0.00,0.00,0.00,0.00,0.00,0.00,0.00,0.00,0.00,0.00,0.00,0.00,0.00,0.00,0.00,0.00,0.00,0.00,0.00,0.00,0.00,0.00,0.00,0.00,0.00,0.00,0.00,0.00,0.00,0.00,0.00,0.00,0.00,0.00,0.00,4055.00,2027.00,2028.00,0.00,0.00,0.00,0.00,0.00,0.00,0.00,0.00,3,2,1,0,0.00,0.00,0.00,0.00,0.00,0.00,0.00,0.00,0.00,0.00,0.00,0.00,0.00,0.00,0.00,0.00,0.00,0.00,0.00,0.00,0.00,0.00,0.00,0.00,0.00,0.00,0.00,0.00,0.00,0.00,0.00,0.00,0.00,0.00,0.00,0.00,0.00,0.00,0.00,0.00,0.00,0.00,0.00,0.00,0.00,0.00,0.00,0.00,0.00,0.00,0.00,0.00,0.00,48703.00,0.00,0.00,0.00,0.00,1995.37
0.00,0.00,0.00,0.00,0.50,0.00,8.00,0.00,0.00,91.50,0.00,347.00,0.00,0.00,0.00,0.00,1.00,0.00,23491.00,0.00,0.00,0.00,0.00,0.00,0.00,0.00,0.00,0.00,684380,1142148,1356340,66.46,47064,532496,3747408,183.63,844472,348700,340,613692,100884,7392,28688,0,0,0,0.00,0,0.00,0,0,0.00,26577,7584,36858,0,0,462,0.03,0.02,0.00,0,0.00,0.00,0.00,0.00,0.00,0.00,0.00,0.00,0.00,0.00,0.00,0.00,0.00,0.00,47192.00,1967.00,64555.93,111.41,0.00,0.00,0.00,0.00,0.00,0.00,0.00,0.00,0.00,0.00,0.00,0.00,0.00,0.00,0.00,0.00,0.00,0.00,0.00,0.00,0.00,0.00,0.00,0.00,0.00,0.00,0.00,0.00,0.00,0.00,721,3,5,0,0,0,47183.00,0.00,3931.00,1967.00,45218.00,1966.00,0.00,0.00,0.00,0.00,0.00,0.00,0.00,0.00,0.00,0.00,0.00,0.00,0.00,0.00,0.00,0.00,0.00,0.00,0.00,0.00,0.00,0.00,0.00,0.00,0.00,0.00,0.00,0.00,0.00,0.00,0.00,0.00,0.00,0.00,0.00,0.00,0.00,0.00,3930.00,1967.00,1964.00,0.00,1.00,0.00,0.00,0.00,0.00,0.00,0.00,3,2,1,0,0.00,0.00,0.00,0.00,0.00,0.00,0.00,0.00,0.00,0.00,0.00,0.00,0.00,0.00,0.00,0.00,0.00,0.00,0.00,0.00,0.00,0.00,0.00,0.00,0.00,0.00,0.00,0.00,0.00,0.00,0.00,0.00,0.00,0.00,0.00,0.00,0.00,0.00,0.00,0.00,0.00,0.00,0.00,0.00,0.00,0.00,0.00,0.00,0.00,0.00,0.00,0.00,0.00,47167.00,0.00,0.00,0.00,0.00,1995.37
0.00,0.00,0.51,4.62,0.00,0.00,6.15,0.00,0.00,88.72,0.00,347.00,0.00,0.00,0.00,12.00,0.00,0.00,22835.00,0.00,0.00,0.00,0.00,2.00,0.00,2.00,0.00,24.00,684284,1142104,1356436,66.47,47072,532512,3747408,183.63,844476,348752,356,613692,100884,7392,28688,0,0,0,0.00,0,0.00,0,0,0.00,26577,7584,36858,0,0,462,0.03,0.02,0.00,0,0.00,0.00,0.00,0.00,0.00,0.00,2.00,0.00,12.00,6.00,0.00,54.00,0.00,0.00,46203.00,1928.00,63209.36,109.20,0.00,0.00,0.00,0.00,0.00,0.00,0.00,1.00,0.00,0.00,0.00,0.00,0.00,0.00,0.00,0.00,0.00,0.00,0.00,0.00,0.00,0.00,0.00,0.00,0.00,0.00,0.00,0.00,0.00,0.00,721,3,5,0,0,0,46200.00,0.00,3850.00,1928.00,44275.00,1925.00,0.00,0.00,0.00,0.00,0.00,0.00,0.00,0.00,0.00,0.00,0.00,0.00,0.00,0.00,0.00,0.00,0.00,0.00,0.00,0.00,0.00,0.00,0.00,0.00,0.00,0.00,0.00,0.00,0.00,0.00,0.00,0.00,0.00,0.00,0.00,0.00,0.00,0.00,3850.00,1928.00,1925.00,0.00,3.00,0.00,0.00,0.00,0.00,0.00,0.00,3,2,1,0,0.00,0.00,0.00,0.00,0.00,0.00,0.00,0.00,0.00,0.00,0.00,0.00,0.00,0.00,0.00,0.00,0.00,0.00,0.00,0.00,0.00,0.00,0.00,0.00,0.00,0.00,0.00,0.00,0.00,0.00,0.00,0.00,0.00,0.00,0.00,0.00,0.00,0.00,0.00,0.00,0.00,0.00,0.00,0.00,0.00,0.00,0.00,0.00,0.00,0.00,0.00,0.00,0.00,46204.00,0.00,0.00,0.00,0.00,1995.37
0.49,0.00,0.00,0.00,0.00,0.00,10.29,0.00,0.00,89.22,0.00,374.00,0.00,0.00,0.00,28.00,0.00,0.00,21659.00,0.00,0.00,0.00,0.00,3.00,0.00,3.00,0.00,32.00,684220,1142040,1356500,66.47,47072,532524,3747408,183.63,844476,348752,368,613692,100884,7392,28688,0,0,0,0.00,0,0.00,0,0,0.00,26577,7584,36858,0,0,462,0.03,0.02,0.00,0,0.00,0.00,0.00,0.00,0.00,0.00,3.00,0.00,16.00,5.33,0.02,2.67,2.67,0.80,44883.00,1872.00,61403.38,106.02,0.00,0.00,0.00,0.00,0.00,0.00,0.00,0.00,0.00,0.00,0.00,0.00,0.00,0.00,0.00,0.00,0.00,0.00,0.00,0.00,0.00,0.00,0.00,0.00,0.00,0.00,0.00,0.00,0.00,0.00,721,3,5,0,0,0,44881.00,0.00,3741.00,1871.00,43010.00,1870.00,0.00,0.00,0.00,0.00,0.00,0.00,0.00,0.00,0.00,0.00,0.00,0.00,0.00,0.00,0.00,0.00,0.00,0.00,0.00,0.00,0.00,0.00,0.00,0.00,0.00,0.00,0.00,0.00,0.00,0.00,0.00,0.00,0.00,0.00,0.00,0.00,0.00,0.00,3742.00,1872.00,1871.00,0.00,1.00,0.00,0.00,0.00,0.00,0.00,0.00,3,2,1,0,0.00,0.00,0.00,0.00,0.00,0.00,0.00,0.00,0.00,0.00,0.00,0.00,0.00,0.00,0.00,0.00,0.00,0.00,0.00,0.00,0.00,0.00,0.00,0.00,0.00,0.00,0.00,0.00,0.00,0.00,0.00,0.00,0.00,0.00,0.00,0.00,0.00,0.00,0.00,0.00,0.00,0.00,0.00,0.00,0.00,0.00,0.00,0.00,0.00,0.00,0.00,0.00,0.00,44883.00,0.00,0.00,0.00,0.00,1995.37
0.00,0.00,0.00,0.00,0.00,0.00,6.60,0.00,0.00,93.40,0.00,331.00,0.00,0.00,0.00,0.00,0.00,0.00,22050.00,0.00,0.00,0.00,0.00,3.00,0.00,3.00,0.00,24.00,684220,1142072,1356500,66.47,47072,532540,3747408,183.63,844484,348776,356,613692,100884,7392,28688,0,0,0,0.00,0,0.00,0,0,0.00,26577,7584,36858,0,0,462,0.03,0.02,0.00,0,0.00,0.00,0.00,0.00,0.00,0.00,3.00,0.00,12.00,4.00,0.02,18.67,2.67,0.80,43727.00,1824.00,59827.03,103.31,0.00,0.00,0.00,0.00,0.00,0.00,0.00,1.00,0.00,0.00,0.00,0.00,0.00,0.00,0.00,0.00,0.00,0.00,0.00,0.00,0.00,0.00,0.00,0.00,0.00,0.00,0.00,0.00,0.00,0.00,721,3,5,0,0,0,43749.00,0.00,3643.00,1825.00,41929.00,1823.00,0.00,0.00,0.00,0.00,0.00,0.00,0.00,0.00,0.00,0.00,0.00,0.00,0.00,0.00,0.00,0.00,0.00,0.00,0.00,0.00,0.00,0.00,0.00,0.00,0.00,0.00,0.00,0.00,0.00,0.00,0.00,0.00,0.00,0.00,0.00,0.00,0.00,0.00,3642.00,1824.00,1820.00,0.00,2.00,0.00,0.00,0.00,0.00,0.00,0.00,3,2,1,0,0.00,0.00,0.00,0.00,0.00,0.00,0.00,0.00,0.00,0.00,0.00,0.00,0.00,0.00,0.00,0.00,0.00,0.00,0.00,0.00,0.00,0.00,0.00,0.00,0.00,0.00,0.00,0.00,0.00,0.00,0.00,0.00,0.00,0.00,0.00,0.00,0.00,0.00,0.00,0.00,0.00,0.00,0.00,0.00,0.00,0.00,0.00,0.00,0.00,0.00,0.00,0.00,0.00,43752.00,0.00,0.00,0.00,0.00,1995.37
0.00,0.00,0.00,0.00,0.00,0.00,7.58,0.00,0.00,92.42,0.00,331.00,0.00,0.00,0.00,0.00,0.00,0.00,21802.00,0.00,0.00,0.00,0.00,0.00,0.00,0.00,0.00,0.00,684188,1142040,1356532,66.47,47072,532556,3747408,183.63,844484,348776,372,613692,100884,7392,28688,0,0,0,0.00,0,0.00,0,0,0.00,26577,7584,36858,0,0,462,0.03,0.02,0.00,0,0.00,0.00,0.00,0.00,0.00,0.00,0.00,0.00,0.00,0.00,0.00,0.00,0.00,0.00,43728.00,1823.00,59827.09,103.26,0.00,0.00,0.00,0.00,0.00,0.00,0.00,0.00,0.00,0.00,0.00,0.00,0.00,0.00,0.00,0.00,0.00,0.00,0.00,0.00,0.00,0.00,0.00,0.00,0.00,0.00,0.00,0.00,0.00,0.00,721,3,5,0,0,0,43702.00,0.00,3640.00,1822.00,41883.00,1821.00,0.00,0.00,0.00,0.00,0.00,0.00,0.00,0.00,0.00,0.00,0.00,0.00,0.00,0.00,0.00,0.00,0.00,0.00,0.00,0.00,0.00,0.00,0.00,0.00,0.00,0.00,0.00,0.00,0.00,0.00,0.00,0.00,0.00,0.00,0.00,0.00,0.00,0.00,3640.00,1822.00,1819.00,0.00,1.00,0.00,0.00,0.00,0.00,0.00,0.00,3,2,1,0,0.00,0.00,0.00,0.00,0.00,0.00,0.00,0.00,0.00,0.00,0.00,0.00,0.00,0.00,0.00,0.00,0.00,0.00,0.00,0.00,0.00,0.00,0.00,0.00,0.00,0.00,0.00,0.00,0.00,0.00,0.00,0.00,0.00,0.00,0.00,0.00,0.00,0.00,0.00,0.00,0.00,0.00,0.00,0.00,0.00,0.00,0.00,0.00,0.00,0.00,0.00,0.00,0.00,43680.00,0.00,0.00,0.00,0.00,1995.37
0.51,0.00,0.00,0.00,0.51,0.00,7.07,0.00,0.00,91.92,0.00,360.00,0.00,0.00,0.00,0.00,0.00,0.00,21874.00,0.00,0.00,0.00,0.00,0.00,0.00,0.00,0.00,0.00,684316,1142168,1356404,66.47,47072,532572,3747408,183.63,844484,348776,388,613692,100884,7392,28688,0,0,0,0.00,0,0.00,0,0,0.00,26577,7584,36858,0,0,462,0.03,0.02,0.00,0,0.00,0.00,0.00,0.00,0.00,0.00,0.00,0.00,0.00,0.00,0.00,0.00,0.00,0.00,43275.00,1808.00,59203.37,102.41,0.00,0.00,0.00,0.00,0.00,0.00,0.00,1.00,0.00,0.00,0.00,0.00,0.00,0.00,0.00,0.00,0.00,0.00,0.00,0.00,0.00,0.00,0.00,0.00,0.00,0.00,0.00,0.00,0.00,0.00,721,3,5,0,0,0,43273.00,0.00,3607.00,1808.00,41469.00,1803.00,0.00,0.00,0.00,0.00,0.00,0.00,0.00,0.00,0.00,0.00,0.00,0.00,0.00,0.00,0.00,0.00,0.00,0.00,0.00,0.00,0.00,0.00,0.00,0.00,0.00,0.00,0.00,0.00,0.00,0.00,0.00,0.00,0.00,0.00,0.00,0.00,0.00,0.00,3608.00,1809.00,1805.00,0.00,5.00,0.00,0.00,0.00,0.00,0.00,0.00,3,2,1,0,0.00,0.00,0.00,0.00,0.00,0.00,0.00,0.00,0.00,0.00,0.00,0.00,0.00,0.00,0.00,0.00,0.00,0.00,0.00,0.00,0.00,0.00,0.00,0.00,0.00,0.00,0.00,0.00,0.00,0.00,0.00,0.00,0.00,0.00,0.00,0.00,0.00,0.00,0.00,0.00,0.00,0.00,0.00,0.00,0.00,0.00,0.00,0.00,0.00,0.00,0.00,0.00,0.00,43368.00,0.00,0.00,0.00,0.00,1995.37
0.50,0.00,0.00,1.00,0.00,0.00,7.50,0.00,0.00,91.00,0.00,352.00,0.00,0.00,0.00,12.00,0.00,0.00,20773.00,0.00,0.00,0.00,0.00,2.00,0.00,2.00,0.00,24.00,684252,1142164,1356468,66.47,47080,532588,3747408,183.63,844488,348828,404,613692,100888,7392,28688,0,0,0,0.00,0,0.00,0,0,0.00,26577,7584,36858,0,0,462,0.03,0.02,0.00,0,0.00,0.00,0.00,0.00,0.00,0.00,2.00,0.00,12.00,6.00,0.00,14.00,0.00,0.00,41623.00,1737.00,56938.17,98.38,0.00,0.00,0.00,0.00,0.00,0.00,0.00,0.00,0.00,0.00,0.00,0.00,0.00,0.00,0.00,0.00,0.00,0.00,0.00,0.00,0.00,0.00,0.00,0.00,0.00,0.00,0.00,0.00,0.00,0.00,721,3,5,0,0,0,41618.00,0.00,3470.00,1737.00,39882.00,1734.00,0.00,0.00,0.00,0.00,0.00,0.00,0.00,0.00,0.00,0.00,0.00,0.00,0.00,0.00,0.00,0.00,0.00,0.00,0.00,0.00,0.00,0.00,0.00,0.00,0.00,0.00,0.00,0.00,0.00,0.00,0.00,0.00,0.00,0.00,0.00,0.00,0.00,0.00,3469.00,1737.00,1734.00,0.00,3.00,0.00,0.00,1.00,0.00,0.00,0.00,3,2,1,0,0.00,0.00,0.00,0.00,0.00,0.00,0.00,0.00,0.00,0.00,0.00,0.00,0.00,0.00,0.00,0.00,0.00,0.00,0.00,0.00,0.00,0.00,0.00,0.00,0.00,0.00,0.00,0.00,0.00,0.00,0.00,0.00,0.00,0.00,0.00,0.00,0.00,0.00,0.00,0.00,0.00,0.00,0.00,0.00,0.00,0.00,0.00,0.00,0.00,0.00,0.00,0.00,0.00,41575.00,0.00,0.00,0.00,0.00,1995.37
0.00,0.00,0.00,0.00,0.00,0.00,10.29,0.00,0.00,89.71,0.00,359.00,0.00,0.00,0.00,0.00,0.00,0.00,20764.00,0.00,0.00,0.00,0.00,0.00,0.00,0.00,0.00,0.00,684188,1142100,1356532,66.47,47080,532600,3747408,183.63,844488,348828,416,613692,100888,7392,28688,0,0,0,0.00,0,0.00,0,0,0.00,26577,7584,36858,0,0,462,0.03,0.02,0.00,0,0.00,0.00,0.00,0.00,0.00,0.00,0.00,0.00,0.00,0.00,0.00,0.00,0.00,0.00,41908.00,1749.00,57331.79,99.06,0.00,0.00,0.00,0.00,0.00,0.00,0.00,1.00,0.00,0.00,0.00,0.00,0.00,0.00,0.00,0.00,0.00,0.00,0.00,0.00,0.00,0.00,0.00,0.00,0.00,0.00,0.00,0.00,0.00,0.00,721,3,5,0,0,0,41926.00,0.00,3492.00,1750.00,40181.00,1747.00,0.00,0.00,0.00,0.00,0.00,0.00,0.00,0.00,0.00,0.00,0.00,0.00,0.00,0.00,0.00,0.00,0.00,0.00,0.00,0.00,0.00,0.00,0.00,0.00,0.00,0.00,0.00,0.00,0.00,0.00,0.00,0.00,0.00,0.00,0.00,0.00,0.00,0.00,3492.00,1749.00,1746.00,0.00,3.00,0.00,0.00,0.00,0.00,0.00,0.00,3,2,1,0,0.00,0.00,0.00,0.00,0.00,0.00,0.00,0.00,0.00,0.00,0.00,0.00,0.00,0.00,0.00,0.00,0.00,0.00,0.00,0.00,0.00,0.00,0.00,0.00,0.00,0.00,0.00,0.00,0.00,0.00,0.00,0.00,0.00,0.00,0.00,0.00,0.00,0.00,0.00,0.00,0.00,0.00,0.00,0.00,0.00,0.00,0.00,0.00,0.00,0.00,0.00,0.00,0.00,41886.00,0.00,0.00,0.00,0.00,1995.37
0.50,0.00,0.50,0.00,0.00,0.00,7.96,0.00,0.00,91.04,0.00,344.00,0.00,0.00,0.00,0.00,0.00,0.00,20138.00,0.00,0.00,0.00,0.00,0.00,0.00,0.00,0.00,0.00,684252,1142164,1356468,66.47,47080,532616,3747408,183.63,844488,348828,432,613692,100888,7392,28688,0,0,0,0.00,0,0.00,0,0,0.00,26577,7584,36858,0,0,462,0.03,0.02,0.00,0,0.00,0.00,0.00,0.00,0.00,0.00,0.00,0.00,0.00,0.00,0.00,0.00,0.00,0.00,40209.00,1676.00,55000.73,94.93,0.00,0.00,0.00,0.00,0.00,0.00,0.00,0.00,0.00,0.00,0.00,0.00,0.00,0.00,0.00,0.00,0.00,0.00,0.00,0.00,0.00,0.00,0.00,0.00,0.00,0.00,0.00,0.00,0.00,0.00,721,3,5,0,0,0,40176.00,0.00,3348.00,1675.00,38502.00,1674.00,0.00,0.00,0.00,0.00,0.00,0.00,0.00,0.00,0.00,0.00,0.00,0.00,0.00,0.00,0.00,0.00,0.00,0.00,0.00,0.00,0.00,0.00,0.00,0.00,0.00,0.00,0.00,0.00,0.00,0.00,0.00,0.00,0.00,0.00,0.00,0.00,0.00,0.00,3348.00,1676.00,1674.00,0.00,1.00,0.00,0.00,0.00,0.00,0.00,0.00,3,2,1,0,0.00,0.00,0.00,0.00,0.00,0.00,0.00,0.00,0.00,0.00,0.00,0.00,0.00,0.00,0.00,0.00,0.00,0.00,0.00,0.00,0.00,0.00,0.00,0.00,0.00,0.00,0.00,0.00,0.00,0.00,0.00,0.00,0.00,0.00,0.00,0.00,0.00,0.00,0.00,0.00,0.00,0.00,0.00,0.00,0.00,0.00,0.00,0.00,0.00,0.00,0.00,0.00,0.00,40233.00,0.00,0.00,0.00,0.00,1995.37
0.00,0.00,0.50,0.00,0.50,0.00,7.92,0.00,0.00,91.09,0.00,349.00,0.00,0.00,0.00,0.00,0.00,0.00,19282.00,0.00,0.00,0.00,0.00,0.00,0.00,0.00,0.00,0.00,684188,1142156,1356532,66.47,47080,532632,3747408,183.63,844488,348884,448,613692,100888,7392,28688,0,0,0,0.00,0,0.00,0,0,0.00,26577,7584,36858,0,0,462,0.03,0.02,0.00,0,0.00,0.00,0.00,0.00,0.00,0.00,0.00,0.00,0.00,0.00,0.00,0.00,0.00,0.00,39681.00,1657.00,54278.32,93.85,0.00,0.00,0.00,0.00,0.00,0.00,0.00,1.00,0.00,0.00,0.00,0.00,0.00,0.00,0.00,0.00,0.00,0.00,0.00,0.00,0.00,0.00,0.00,0.00,0.00,0.00,0.00,0.00,0.00,0.00,721,3,5,0,0,0,39675.00,0.00,3309.00,1657.00,38019.00,1653.00,0.00,0.00,0.00,0.00,0.00,0.00,0.00,0.00,0.00,0.00,0.00,0.00,0.00,0.00,0.00,0.00,0.00,0.00,0.00,0.00,0.00,0.00,0.00,0.00,0.00,0.00,0.00,0.00,0.00,0.00,0.00,0.00,0.00,0.00,0.00,0.00,0.00,0.00,3309.00,1656.00,1656.00,0.00,4.00,0.00,0.00,0.00,0.00,0.00,0.00,3,2,1,0,0.00,0.00,0.00,0.00,0.00,0.00,0.00,0.00,0.00,0.00,0.00,0.00,0.00,0.00,0.00,0.00,0.00,0.00,0.00,0.00,0.00,0.00,0.00,0.00,0.00,0.00,0.00,0.00,0.00,0.00,0.00,0.00,0.00,0.00,0.00,0.00,0.00,0.00,0.00,0.00,0.00,0.00,0.00,0.00,0.00,0.00,0.00,0.00,0.00,0.00,0.00,0.00,0.00,39658.00,0.00,0.00,0.00,0.00,1995.37
0.50,0.00,0.00,0.00,0.00,0.00,7.04,0.00,0.00,92.46,0.00,335.00,0.00,0.00,0.00,0.00,0.00,0.00,18587.00,0.00,0.00,0.00,0.00,0.00,0.00,0.00,0.00,0.00,684284,1142252,1356436,66.47,47080,532648,3747408,183.63,844488,348884,464,613692,100888,7392,28688,0,0,0,0.00,0,0.00,0,0,0.00,26577,7584,36858,0,0,462,0.03,0.02,0.00,0,0.00,0.00,0.00,0.00,0.00,0.00,0.00,0.00,0.00,0.00,0.00,0.00,0.00,0.00,37495.00,1562.00,51290.13,88.47,0.00,0.00,0.00,0.00,0.00,0.00,0.00,0.00,0.00,0.00,0.00,0.00,0.00,0.00,0.00,0.00,0.00,0.00,0.00,0.00,0.00,0.00,0.00,0.00,0.00,0.00,0.00,0.00,0.00,0.00,721,3,5,0,0,0,37489.00,0.00,3125.00,1562.00,35926.00,1562.00,0.00,0.00,0.00,0.00,0.00,0.00,0.00,0.00,0.00,0.00,0.00,0.00,0.00,0.00,0.00,0.00,0.00,0.00,0.00,0.00,0.00,0.00,0.00,0.00,0.00,0.00,0.00,0.00,0.00,0.00,0.00,0.00,0.00,0.00,0.00,0.00,0.00,0.00,3125.00,1563.00,1562.00,0.00,0.00,0.00,0.00,0.00,0.00,0.00,0.00,3,2,1,0,0.00,0.00,0.00,0.00,0.00,0.00,0.00,0.00,0.00,0.00,0.00,0.00,0.00,0.00,0.00,0.00,0.00,0.00,0.00,0.00,0.00,0.00,0.00,0.00,0.00,0.00,0.00,0.00,0.00,0.00,0.00,0.00,0.00,0.00,0.00,0.00,0.00,0.00,0.00,0.00,0.00,0.00,0.00,0.00,0.00,0.00,0.00,0.00,0.00,0.00,0.00,0.00,0.00,37492.00,0.00,0.00,0.00,0.00,1995.37
0.00,0.00,0.00,2.05,0.00,0.00,5.13,0.00,0.00,92.82,0.00,330.00,0.00,0.00,0.00,12.00,0.00,0.00,18507.00,0.00,0.00,0.00,0.00,2.00,0.00,2.00,0.00,24.00,684220,1142188,1356500,66.47,47088,532664,3747408,183.63,844488,348884,480,613692,100888,7392,28688,0,0,0,0.00,0,0.00,0,0,0.00,26577,7584,36858,0,0,462,0.03,0.02,0.00,0,0.00,0.00,0.00,0.00,0.00,0.00,2.00,0.00,12.00,6.00,0.00,26.00,0.00,0.00,37252.00,1555.00,50961.62,88.06,0.00,0.00,0.00,0.00,0.00,0.00,0.00,1.00,0.00,0.00,0.00,0.00,0.00,0.00,0.00,0.00,0.00,0.00,0.00,0.00,0.00,0.00,0.00,0.00,0.00,0.00,0.00,0.00,0.00,0.00,721,3,5,0,0,0,37247.00,0.00,3103.00,1554.00,35696.00,1552.00,0.00,0.00,0.00,0.00,0.00,0.00,0.00,0.00,0.00,0.00,0.00,0.00,0.00,0.00,0.00,0.00,0.00,0.00,0.00,0.00,0.00,0.00,0.00,0.00,0.00,0.00,0.00,0.00,0.00,0.00,0.00,0.00,0.00,0.00,0.00,0.00,0.00,0.00,3103.00,1554.00,1551.00,0.00,2.00,0.00,0.00,0.00,0.00,0.00,0.00,3,2,1,0,0.00,0.00,0.00,0.00,0.00,0.00,0.00,0.00,0.00,0.00,0.00,0.00,0.00,0.00,0.00,0.00,0.00,0.00,0.00,0.00,0.00,0.00,0.00,0.00,0.00,0.00,0.00,0.00,0.00,0.00,0.00,0.00,0.00,0.00,0.00,0.00,0.00,0.00,0.00,0.00,0.00,0.00,0.00,0.00,0.00,0.00,0.00,0.00,0.00,0.00,0.00,0.00,0.00,37231.00,0.00,0.00,0.00,0.00,1995.37
0.00,0.00,0.51,0.00,0.00,0.00,6.09,0.00,0.00,93.40,0.00,327.00,0.00,0.00,0.00,0.00,0.00,0.00,18019.00,0.00,0.00,0.00,0.00,0.00,0.00,0.00,0.00,0.00,684316,1142340,1356404,66.47,47088,532676,3747408,183.63,844496,348932,492,613692,100888,7392,28688,0,0,0,0.00,0,0.00,0,0,0.00,26577,7584,36858,0,0,462,0.03,0.02,0.00,0,0.00,0.00,0.00,0.00,0.00,0.00,0.00,0.00,0.00,0.00,0.00,0.00,0.00,0.00,35981.00,1499.00,49221.36,84.90,0.00,0.00,0.00,0.00,0.00,0.00,0.00,0.00,0.00,0.00,0.00,0.00,0.00,0.00,0.00,0.00,0.00,0.00,0.00,0.00,0.00,0.00,0.00,0.00,0.00,0.00,0.00,0.00,0.00,0.00,721,3,5,0,0,0,35975.00,0.00,2997.00,1499.00,34477.00,1499.00,0.00,0.00,0.00,0.00,0.00,0.00,0.00,0.00,0.00,0.00,0.00,0.00,0.00,0.00,0.00,0.00,0.00,0.00,0.00,0.00,0.00,0.00,0.00,0.00,0.00,0.00,0.00,0.00,0.00,0.00,0.00,0.00,0.00,0.00,0.00,0.00,0.00,0.00,2996.00,1498.00,1498.00,0.00,0.00,0.00,0.00,0.00,0.00,0.00,0.00,3,2,1,0,0.00,0.00,0.00,0.00,0.00,0.00,0.00,0.00,0.00,0.00,0.00,0.00,0.00,0.00,0.00,0.00,0.00,0.00,0.00,0.00,0.00,0.00,0.00,0.00,0.00,0.00,0.00,0.00,0.00,0.00,0.00,0.00,0.00,0.00,0.00,0.00,0.00,0.00,0.00,0.00,0.00,0.00,0.00,0.00,0.00,0.00,0.00,0.00,0.00,0.00,0.00,0.00,0.00,35980.00,0.00,0.00,0.00,0.00,1995.37
0.49,0.00,0.00,0.00,0.49,0.00,7.88,0.00,0.00,91.13,0.00,347.00,0.00,0.00,0.00,508.00,0.00,0.00,17667.00,0.00,0.00,0.00,0.00,2.00,0.00,2.00,0.00,1016.00,684220,1142244,1356500,66.47,47088,532692,3747408,183.63,844496,348932,4,613692,100888,7392,28688,0,0,0,0.00,0,0.00,0,0,0.00,26577,7584,36858,0,0,462,0.02,0.02,0.00,0,0.00,0.00,0.00,0.00,0.00,0.00,2.00,0.00,508.00,254.00,0.00,4.00,0.00,0.00,34877.00,1454.00,47710.89,82.36,0.00,0.00,0.00,0.00,0.00,0.00,0.00,1.00,0.00,0.00,0.00,0.00,0.00,0.00,0.00,0.00,0.00,0.00,0.00,0.00,0.00,0.00,0.00,0.00,0.00,0.00,0.00,0.00,0.00,0.00,721,3,5,0,0,0,34875.00,0.00,2909.00,1454.00,33419.00,1453.00,0.00,0.00,0.00,0.00,0.00,0.00,0.00,0.00,0.00,0.00,0.00,0.00,0.00,0.00,0.00,0.00,0.00,0.00,0.00,0.00,0.00,0.00,0.00,0.00,0.00,0.00,0.00,0.00,0.00,0.00,0.00,0.00,0.00,0.00,0.00,0.00,0.00,0.00,2910.00,1455.00,1456.00,0.00,1.00,0.00,0.00,0.00,0.00,0.00,0.00,3,2,1,0,0.00,0.00,0.00,0.00,0.00,0.00,0.00,0.00,0.00,0.00,0.00,0.00,0.00,0.00,0.00,0.00,0.00,0.00,0.00,0.00,0.00,0.00,0.00,0.00,0.00,0.00,0.00,0.00,0.00,0.00,0.00,0.00,0.00,0.00,0.00,0.00,0.00,0.00,0.00,0.00,0.00,0.00,0.00,0.00,0.00,0.00,0.00,0.00,0.00,0.00,0.00,0.00,0.00,34900.00,0.00,0.00,0.00,0.00,1995.37
0.00,0.00,0.49,0.00,0.00,0.00,8.33,0.00,0.00,91.18,0.00,365.00,0.00,0.00,0.00,0.00,0.00,0.00,16621.00,0.00,0.00,0.00,0.00,0.00,0.00,0.00,0.00,0.00,684064,1142104,1356656,66.48,47088,532708,3747408,183.63,844500,348944,20,613692,100888,7392,28688,0,0,0,0.00,0,0.00,0,0,0.00,26577,7584,36858,0,0,462,0.02,0.02,0.00,0,0.00,0.00,0.00,0.00,0.00,0.00,0.00,0.00,0.00,0.00,0.00,0.00,0.00,0.00,33889.00,1412.00,46364.55,79.98,0.00,0.00,0.00,0.00,0.00,0.00,0.00,2.00,0.00,0.00,0.00,0.00,0.00,0.00,0.00,0.00,0.00,0.00,0.00,0.00,0.00,0.00,0.00,0.00,0.00,0.00,0.00,0.00,0.00,0.00,721,3,5,0,0,0,33886.00,0.00,2822.00,1412.00,32476.00,1412.00,0.00,0.00,0.00,0.00,0.00,0.00,0.00,0.00,0.00,0.00,0.00,0.00,0.00,0.00,0.00,0.00,0.00,0.00,0.00,0.00,0.00,0.00,0.00,0.00,0.00,0.00,0.00,0.00,0.00,0.00,0.00,0.00,0.00,0.00,0.00,0.00,0.00,0.00,2820.00,1411.00,1409.00,0.00,0.00,0.00,0.00,1.00,0.00,0.00,0.00,3,2,1,0,0.00,0.00,0.00,0.00,0.00,0.00,0.00,0.00,0.00,0.00,0.00,0.00,0.00,0.00,0.00,0.00,0.00,0.00,0.00,0.00,0.00,0.00,0.00,0.00,0.00,0.00,0.00,0.00,0.00,0.00,0.00,0.00,0.00,0.00,0.00,0.00,0.00,0.00,0.00,0.00,0.00,0.00,0.00,0.00,0.00,0.00,0.00,0.00,0.00,0.00,0.00,0.00,0.00,33891.00,0.00,0.00,0.00,0.00,1995.37
0.50,0.00,0.00,0.00,0.00,0.00,7.50,0.00,0.00,92.00,0.00,348.00,0.00,0.00,0.00,0.00,0.00,0.00,15723.00,0.00,0.00,0.00,0.00,0.00,0.00,0.00,0.00,0.00,684128,1142168,1356592,66.48,47088,532724,3747408,183.63,844500,348944,36,613692,100892,7392,28688,0,0,0,0.00,0,0.00,0,0,0.00,26577,7584,36858,0,0,462,0.02,0.02,0.00,0,0.00,0.00,0.00,0.00,0.00,0.00,0.00,0.00,0.00,0.00,0.00,0.00,0.00,0.00,33146.00,1382.00,45346.55,78.28,0.00,0.00,0.00,0.00,0.00,0.00,0.00,1.00,0.00,0.00,0.00,0.00,0.00,0.00,0.00,0.00,0.00,0.00,0.00,0.00,0.00,0.00,0.00,0.00,0.00,0.00,0.00,0.00,0.00,0.00,721,3,5,0,0,0,33167.00,0.00,2763.00,1383.00,31786.00,1382.00,0.00,0.00,0.00,0.00,0.00,0.00,0.00,0.00,0.00,0.00,0.00,0.00,0.00,0.00,0.00,0.00,0.00,0.00,0.00,0.00,0.00,0.00,0.00,0.00,0.00,0.00,0.00,0.00,0.00,0.00,0.00,0.00,0.00,0.00,0.00,0.00,0.00,0.00,2763.00,1383.00,1381.00,0.00,1.00,0.00,0.00,0.00,0.00,0.00,0.00,3,2,1,0,0.00,0.00,0.00,0.00,0.00,0.00,0.00,0.00,0.00,0.00,0.00,0.00,0.00,0.00,0.00,0.00,0.00,0.00,0.00,0.00,0.00,0.00,0.00,0.00,0.00,0.00,0.00,0.00,0.00,0.00,0.00,0.00,0.00,0.00,0.00,0.00,0.00,0.00,0.00,0.00,0.00,0.00,0.00,0.00,0.00,0.00,0.00,0.00,0.00,0.00,0.00,0.00,0.00,33121.00,0.00,0.00,0.00,0.00,1995.37
0.00,0.00,0.50,8.96,0.00,0.00,6.97,0.00,0.00,83.58,0.00,354.00,0.00,0.00,0.00,20.00,0.00,0.00,15619.00,0.00,0.00,0.00,0.00,2.00,0.00,2.00,0.00,40.00,684128,1142224,1356592,66.48,47096,532740,3747408,183.63,844508,348992,52,613692,100892,7392,28688,0,0,0,0.00,0,0.00,0,0,0.00,26577,7584,36858,0,0,462,0.02,0.02,0.00,0,0.00,0.00,0.00,0.00,0.00,0.00,2.00,0.00,20.00,10.00,0.00,100.00,0.00,0.00,31755.00,1324.00,43442.13,74.99,0.00,0.00,0.00,0.00,0.00,0.00,0.00,0.00,0.00,0.00,0.00,0.00,0.00,0.00,0.00,0.00,0.00,0.00,0.00,0.00,0.00,0.00,0.00,0.00,0.00,0.00,0.00,0.00,0.00,0.00,721,3,5,0,0,0,31727.00,0.00,2643.00,1323.00,30406.00,1322.00,0.00,0.00,0.00,0.00,0.00,0.00,0.00,0.00,0.00,0.00,0.00,0.00,0.00,0.00,0.00,0.00,0.00,0.00,0.00,0.00,0.00,0.00,0.00,0.00,0.00,0.00,0.00,0.00,0.00,0.00,0.00,0.00,0.00,0.00,0.00,0.00,0.00,0.00,2643.00,1323.00,1321.00,0.00,1.00,0.00,0.00,0.00,0.00,0.00,0.00,3,2,1,0,0.00,0.00,0.00,0.00,0.00,0.00,0.00,0.00,0.00,0.00,0.00,0.00,0.00,0.00,0.00,0.00,0.00,0.00,0.00,0.00,0.00,0.00,0.00,0.00,0.00,0.00,0.00,0.00,0.00,0.00,0.00,0.00,0.00,0.00,0.00,0.00,0.00,0.00,0.00,0.00,0.00,0.00,0.00,0.00,0.00,0.00,0.00,0.00,0.00,0.00,0.00,0.00,0.00,31755.00,0.00,0.00,0.00,0.00,1995.37
0.00,0.00,0.51,0.00,0.51,0.00,5.08,0.00,0.00,93.91,0.00,331.00,0.00,0.00,0.00,0.00,0.00,0.00,15732.00,0.00,0.00,0.00,0.00,0.00,0.00,0.00,0.00,0.00,684340,1142436,1356380,66.47,47096,532752,3747408,183.63,844508,348992,72,613692,100892,7392,28688,0,0,0,0.00,0,0.00,0,0,0.00,26577,7584,36858,0,0,462,0.02,0.02,0.00,0,0.00,0.00,0.00,0.00,0.00,0.00,0.00,0.00,0.00,0.00,0.00,0.00,0.00,0.00,31304.00,1307.00,42818.53,74.03,0.00,0.00,0.00,0.00,0.00,0.00,0.00,1.00,0.00,0.00,0.00,0.00,0.00,0.00,0.00,0.00,0.00,0.00,0.00,0.00,0.00,0.00,0.00,0.00,0.00,0.00,0.00,0.00,0.00,0.00,721,3,5,0,0,0,31296.00,0.00,2608.00,1307.00,29992.00,1304.00,0.00,0.00,0.00,0.00,0.00,0.00,0.00,0.00,0.00,0.00,0.00,0.00,0.00,0.00,0.00,0.00,0.00,0.00,0.00,0.00,0.00,0.00,0.00,0.00,0.00,0.00,0.00,0.00,0.00,0.00,0.00,0.00,0.00,0.00,0.00,0.00,0.00,0.00,2609.00,1307.00,1305.00,0.00,3.00,0.00,0.00,0.00,0.00,0.00,0.00,3,2,1,0,0.00,0.00,0.00,0.00,0.00,0.00,0.00,0.00,0.00,0.00,0.00,0.00,0.00,0.00,0.00,0.00,0.00,0.00,0.00,0.00,0.00,0.00,0.00,0.00,0.00,0.00,0.00,0.00,0.00,0.00,0.00,0.00,0.00,0.00,0.00,0.00,0.00,0.00,0.00,0.00,0.00,0.00,0.00,0.00,0.00,0.00,0.00,0.00,0.00,0.00,0.00,0.00,0.00,31304.00,0.00,0.00,0.00,0.00,1995.37
0.50,0.00,0.00,0.00,0.00,0.00,6.03,0.00,0.00,93.47,0.00,332.00,0.00,0.00,0.00,0.00,0.00,0.00,14907.00,0.00,0.00,0.00,0.00,0.00,0.00,0.00,0.00,0.00,684224,1142320,1356496,66.47,47096,532768,3747408,183.63,844508,348992,88,613692,100892,7392,28688,0,0,0,0.00,0,0.00,0,0,0.00,26577,7584,36858,0,0,462,0.02,0.02,0.00,0,0.00,0.00,0.00,0.00,0.00,0.00,0.00,0.00,0.00,0.00,0.00,0.00,0.00,0.00,30128.00,1256.00,41209.60,71.14,0.00,0.00,0.00,0.00,0.00,0.00,0.00,0.00,0.00,0.00,0.00,0.00,0.00,0.00,0.00,0.00,0.00,0.00,0.00,0.00,0.00,0.00,0.00,0.00,0.00,0.00,0.00,0.00,0.00,0.00,721,3,5,0,0,0,30121.00,0.00,2511.00,1256.00,28865.00,1255.00,0.00,0.00,0.00,0.00,0.00,0.00,0.00,0.00,0.00,0.00,0.00,0.00,0.00,0.00,0.00,0.00,0.00,0.00,0.00,0.00,0.00,0.00,0.00,0.00,0.00,0.00,0.00,0.00,0.00,0.00,0.00,0.00,0.00,0.00,0.00,0.00,0.00,0.00,2510.00,1256.00,1255.00,0.00,1.00,0.00,0.00,0.00,0.00,0.00,0.00,3,2,1,0,0.00,0.00,0.00,0.00,0.00,0.00,0.00,0.00,0.00,0.00,0.00,0.00,0.00,0.00,0.00,0.00,0.00,0.00,0.00,0.00,0.00,0.00,0.00,0.00,0.00,0.00,0.00,0.00,0.00,0.00,0.00,0.00,0.00,0.00,0.00,0.00,0.00,0.00,0.00,0.00,0.00,0.00,0.00,0.00,0.00,0.00,0.00,0.00,0.00,0.00,0.00,0.00,0.00,30175.00,0.00,0.00,0.00,0.00,1995.37
0.00,0.00,0.00,0.00,0.00,0.00,7.50,0.00,0.00,92.50,0.00,342.00,0.00,0.00,0.00,0.00,0.00,0.00,15114.00,0.00,0.00,0.00,0.00,0.00,0.00,0.00,0.00,0.00,684096,1142192,1356624,66.48,47096,532784,3747408,183.63,844508,348992,104,613692,100892,7392,28688,0,0,0,0.00,0,0.00,0,0,0.00,26577,7584,36858,0,0,462,0.02,0.02,0.00,0,0.00,0.00,0.00,0.00,0.00,0.00,0.00,0.00,0.00,0.00,0.00,0.00,0.00,0.00,30178.00,1261.00,41275.34,71.42,0.00,0.00,0.00,0.00,0.00,0.00,0.00,1.00,0.00,0.00,0.00,0.00,0.00,0.00,0.00,0.00,0.00,0.00,0.00,0.00,0.00,0.00,0.00,0.00,0.00,0.00,0.00,0.00,0.00,0.00,721,3,5,0,0,0,30194.00,0.00,2518.00,1262.00,28934.00,1258.00,0.00,0.00,0.00,0.00,0.00,0.00,0.00,0.00,0.00,0.00,0.00,0.00,0.00,0.00,0.00,0.00,0.00,0.00,0.00,0.00,0.00,0.00,0.00,0.00,0.00,0.00,0.00,0.00,0.00,0.00,0.00,0.00,0.00,0.00,0.00,0.00,0.00,0.00,2519.00,1263.00,1260.00,0.00,4.00,0.00,0.00,0.00,0.00,0.00,0.00,3,2,1,0,0.00,0.00,0.00,0.00,0.00,0.00,0.00,0.00,0.00,0.00,0.00,0.00,0.00,0.00,0.00,0.00,0.00,0.00,0.00,0.00,0.00,0.00,0.00,0.00,0.00,0.00,0.00,0.00,0.00,0.00,0.00,0.00,0.00,0.00,0.00,0.00,0.00,0.00,0.00,0.00,0.00,0.00,0.00,0.00,0.00,0.00,0.00,0.00,0.00,0.00,0.00,0.00,0.00,30153.00,0.00,0.00,0.00,0.00,1995.37
0.00,0.00,0.50,0.00,0.50,0.00,6.47,0.00,0.00,92.54,0.00,335.00,0.00,0.00,0.00,0.00,0.00,0.00,14674.00,0.00,0.00,0.00,0.00,0.00,0.00,0.00,0.00,0.00,684192,1142344,1356528,66.47,47096,532800,3747408,183.63,844508,349048,120,613692,100892,7392,28688,0,0,0,0.00,0,0.00,0,0,0.00,26577,7584,36858,0,0,462,0.02,0.02,0.00,0,0.00,0.00,0.00,0.00,0.00,0.00,0.00,0.00,0.00,0.00,0.00,0.00,0.00,0.00,29139.00,1214.00,39863.02,68.76,0.00,0.00,0.00,0.00,0.00,0.00,0.00,0.00,0.00,0.00,0.00,0.00,0.00,0.00,0.00,0.00,0.00,0.00,0.00,0.00,0.00,0.00,0.00,0.00,0.00,0.00,0.00,0.00,0.00,0.00,721,3,5,0,0,0,29110.00,0.00,2424.00,1213.00,27899.00,1213.00,0.00,0.00,0.00,0.00,0.00,0.00,0.00,0.00,0.00,0.00,0.00,0.00,0.00,0.00,0.00,0.00,0.00,0.00,0.00,0.00,0.00,0.00,0.00,0.00,0.00,0.00,0.00,0.00,0.00,0.00,0.00,0.00,0.00,0.00,0.00,0.00,0.00,0.00,2423.00,1212.00,1211.00,0.00,0.00,0.00,0.00,0.00,0.00,0.00,0.00,3,2,1,0,0.00,0.00,0.00,0.00,0.00,0.00,0.00,0.00,0.00,0.00,0.00,0.00,0.00,0.00,0.00,0.00,0.00,0.00,0.00,0.00,0.00,0.00,0.00,0.00,0.00,0.00,0.00,0.00,0.00,0.00,0.00,0.00,0.00,0.00,0.00,0.00,0.00,0.00,0.00,0.00,0.00,0.00,0.00,0.00,0.00,0.00,0.00,0.00,0.00,0.00,0.00,0.00,0.00,29141.00,0.00,0.00,0.00,0.00,1995.37
0.00,0.00,0.00,0.51,0.00,0.00,5.58,0.00,0.00,93.91,0.00,336.00,0.00,0.00,0.00,12.00,0.00,0.00,14515.00,0.00,0.00,0.00,0.00,2.00,0.00,2.00,0.00,24.00,684100,1142252,1356620,66.48,47104,532816,3747408,183.63,844508,349048,136,613692,100892,7392,28688,0,0,0,0.00,0,0.00,0,0,0.00,26577,7584,36858,0,0,462,0.02,0.02,0.00,0,0.00,0.00,0.00,0.00,0.00,0.00,2.00,0.00,12.00,6.00,0.00,6.00,0.00,0.00,28658.00,1196.00,39206.23,67.74,0.00,0.00,0.00,0.00,0.00,0.00,0.00,1.00,0.00,0.00,0.00,0.00,0.00,0.00,0.00,0.00,0.00,0.00,0.00,0.00,0.00,0.00,0.00,0.00,0.00,0.00,0.00,0.00,0.00,0.00,721,3,5,0,0,0,28656.00,0.00,2388.00,1196.00,27462.00,1194.00,0.00,0.00,0.00,0.00,0.00,0.00,0.00,0.00,0.00,0.00,0.00,0.00,0.00,0.00,0.00,0.00,0.00,0.00,0.00,0.00,0.00,0.00,0.00,0.00,0.00,0.00,0.00,0.00,0.00,0.00,0.00,0.00,0.00,0.00,0.00,0.00,0.00,0.00,2388.00,1196.00,1194.00,0.00,2.00,0.00,0.00,0.00,0.00,0.00,0.00,3,2,1,0,0.00,0.00,0.00,0.00,0.00,0.00,0.00,0.00,0.00,0.00,0.00,0.00,0.00,0.00,0.00,0.00,0.00,0.00,0.00,0.00,0.00,0.00,0.00,0.00,0.00,0.00,0.00,0.00,0.00,0.00,0.00,0.00,0.00,0.00,0.00,0.00,0.00,0.00,0.00,0.00,0.00,0.00,0.00,0.00,0.00,0.00,0.00,0.00,0.00,0.00,0.00,0.00,0.00,28659.00,0.00,0.00,0.00,0.00,1995.37
0.00,0.00,0.50,0.00,0.00,0.00,6.03,0.00,0.00,93.47,0.00,336.00,0.00,0.00,0.00,0.00,0.00,0.00,13707.00,0.00,0.00,0.00,0.00,0.00,0.00,0.00,0.00,0.00,683908,1142060,1356812,66.49,47104,532828,3747408,183.63,844508,349048,148,613692,100892,7392,28688,0,0,0,0.00,0,0.00,0,0,0.00,26577,7584,36858,0,0,462,0.02,0.02,0.00,0,0.00,0.00,0.00,0.00,0.00,0.00,0.00,0.00,0.00,0.00,0.00,0.00,0.00,0.00,27846.00,1161.00,38090.03,65.76,0.00,0.00,0.00,0.00,0.00,0.00,0.00,0.00,0.00,0.00,0.00,0.00,0.00,0.00,0.00,0.00,0.00,0.00,0.00,0.00,0.00,0.00,0.00,0.00,0.00,0.00,0.00,0.00,0.00,0.00,721,3,5,0,0,0,27863.00,0.00,2321.00,1162.00,26703.00,1161.00,0.00,0.00,0.00,0.00,0.00,0.00,0.00,0.00,0.00,0.00,0.00,0.00,0.00,0.00,0.00,0.00,0.00,0.00,0.00,0.00,0.00,0.00,0.00,0.00,0.00,0.00,0.00,0.00,0.00,0.00,0.00,0.00,0.00,0.00,0.00,0.00,0.00,0.00,2322.00,1163.00,1160.00,0.00,1.00,0.00,0.00,0.00,0.00,0.00,0.00,3,2,1,0,0.00,0.00,0.00,0.00,0.00,0.00,0.00,0.00,0.00,0.00,0.00,0.00,0.00,0.00,0.00,0.00,0.00,0.00,0.00,0.00,0.00,0.00,0.00,0.00,0.00,0.00,0.00,0.00,0.00,0.00,0.00,0.00,0.00,0.00,0.00,0.00,0.00,0.00,0.00,0.00,0.00,0.00,0.00,0.00,0.00,0.00,0.00,0.00,0.00,0.00,0.00,0.00,0.00,27844.00,0.00,0.00,0.00,0.00,1995.37
0.00,0.00,0.00,0.00,0.50,0.00,6.93,0.00,0.00,92.57,0.00,328.00,0.00,0.00,0.00,0.00,0.00,0.00,13211.00,0.00,0.00,0.00,0.00,0.00,0.00,0.00,0.00,0.00,684004,1142212,1356716,66.48,47104,532844,3747408,183.63,844516,349096,164,613692,100892,7392,28688,0,0,0,0.00,0,0.00,0,0,0.00,26577,7584,36858,0,0,462,0.02,0.02,0.00,0,0.00,0.00,0.00,0.00,0.00,0.00,0.00,0.00,0.00,0.00,0.00,0.00,0.00,0.00,26500.00,1109.00,36251.10,62.81,0.00,0.00,0.00,0.00,0.00,0.00,0.00,1.00,0.00,0.00,0.00,0.00,0.00,0.00,0.00,0.00,0.00,0.00,0.00,0.00,0.00,0.00,0.00,0.00,0.00,0.00,0.00,0.00,0.00,0.00,721,3,5,0,0,0,26475.00,0.00,2209.00,1108.00,25369.00,1103.00,0.00,0.00,0.00,0.00,0.00,0.00,0.00,0.00,0.00,0.00,0.00,0.00,0.00,0.00,0.00,0.00,0.00,0.00,0.00,0.00,0.00,0.00,0.00,0.00,0.00,0.00,0.00,0.00,0.00,0.00,0.00,0.00,0.00,0.00,0.00,0.00,0.00,0.00,2208.00,1107.00,1106.00,0.00,5.00,0.00,0.00,0.00,0.00,0.00,0.00,3,2,1,0,0.00,0.00,0.00,0.00,0.00,0.00,0.00,0.00,0.00,0.00,0.00,0.00,0.00,0.00,0.00,0.00,0.00,0.00,0.00,0.00,0.00,0.00,0.00,0.00,0.00,0.00,0.00,0.00,0.00,0.00,0.00,0.00,0.00,0.00,0.00,0.00,0.00,0.00,0.00,0.00,0.00,0.00,0.00,0.00,0.00,0.00,0.00,0.00,0.00,0.00,0.00,0.00,0.00,26453.00,0.00,0.00,0.00,0.00,1995.37
0.00,0.00,0.49,0.00,0.00,0.00,7.39,0.00,0.00,92.12,0.00,338.00,0.00,0.00,0.00,0.00,0.00,0.00,12939.00,0.00,0.00,0.00,0.00,0.00,0.00,0.00,0.00,0.00,683972,1142180,1356748,66.48,47104,532860,3747408,183.63,844516,349096,180,613692,100892,7392,28688,0,0,0,0.00,0,0.00,0,0,0.00,26577,7584,36858,0,0,462,0.02,0.02,0.00,0,0.00,0.00,0.00,0.00,0.00,0.00,0.00,0.00,0.00,0.00,0.00,0.00,0.00,0.00,25900.00,1081.00,35430.22,61.23,0.00,0.00,0.00,0.00,0.00,0.00,0.00,0.00,0.00,0.00,0.00,0.00,0.00,0.00,0.00,0.00,0.00,0.00,0.00,0.00,0.00,0.00,0.00,0.00,0.00,0.00,0.00,0.00,0.00,0.00,721,3,5,0,0,0,25895.00,0.00,2157.00,1081.00,24817.00,1079.00,0.00,0.00,0.00,0.00,0.00,0.00,0.00,0.00,0.00,0.00,0.00,0.00,0.00,0.00,0.00,0.00,0.00,0.00,0.00,0.00,0.00,0.00,0.00,0.00,0.00,0.00,0.00,0.00,0.00,0.00,0.00,0.00,0.00,0.00,0.00,0.00,0.00,0.00,2158.00,1082.00,1079.00,0.00,2.00,0.00,0.00,0.00,0.00,0.00,0.00,3,2,1,0,0.00,0.00,0.00,0.00,0.00,0.00,0.00,0.00,0.00,0.00,0.00,0.00,0.00,0.00,0.00,0.00,0.00,0.00,0.00,0.00,0.00,0.00,0.00,0.00,0.00,0.00,0.00,0.00,0.00,0.00,0.00,0.00,0.00,0.00,0.00,0.00,0.00,0.00,0.00,0.00,0.00,0.00,0.00,0.00,0.00,0.00,0.00,0.00,0.00,0.00,0.00,0.00,0.00,25971.00,0.00,0.00,0.00,0.00,1995.37
0.00,0.00,0.00,0.00,0.50,0.00,6.00,0.00,0.00,93.50,0.00,333.00,0.00,0.00,0.00,0.00,0.00,0.00,12611.00,0.00,0.00,0.00,0.00,0.00,0.00,0.00,0.00,0.00,684004,1142216,1356716,66.48,47104,532876,3747408,183.63,844516,349096,196,613692,100896,7392,28688,0,0,0,0.00,0,0.00,0,0,0.00,26577,7584,36858,0,0,462,0.02,0.02,0.00,0,0.00,0.00,0.00,0.00,0.00,0.00,0.00,0.00,0.00,0.00,0.00,0.00,0.00,0.00,25058.00,1044.00,34280.84,59.13,0.00,0.00,0.00,0.00,0.00,0.00,0.00,1.00,0.00,0.00,0.00,0.00,0.00,0.00,0.00,0.00,0.00,0.00,0.00,0.00,0.00,0.00,0.00,0.00,0.00,0.00,0.00,0.00,0.00,0.00,721,3,5,0,0,0,25056.00,0.00,2088.00,1044.00,24012.00,1044.00,0.00,0.00,0.00,0.00,0.00,0.00,0.00,0.00,0.00,0.00,0.00,0.00,0.00,0.00,0.00,0.00,0.00,0.00,0.00,0.00,0.00,0.00,0.00,0.00,0.00,0.00,0.00,0.00,0.00,0.00,0.00,0.00,0.00,0.00,0.00,0.00,0.00,0.00,2087.00,1043.00,1043.00,0.00,0.00,0.00,0.00,0.00,0.00,0.00,0.00,3,2,1,0,0.00,0.00,0.00,0.00,0.00,0.00,0.00,0.00,0.00,0.00,0.00,0.00,0.00,0.00,0.00,0.00,0.00,0.00,0.00,0.00,0.00,0.00,0.00,0.00,0.00,0.00,0.00,0.00,0.00,0.00,0.00,0.00,0.00,0.00,0.00,0.00,0.00,0.00,0.00,0.00,0.00,0.00,0.00,0.00,0.00,0.00,0.00,0.00,0.00,0.00,0.00,0.00,0.00,25011.00,0.00,0.00,0.00,0.00,1995.37
0.51,0.00,0.00,2.53,0.00,0.00,4.55,0.00,0.00,92.42,0.00,323.00,0.00,0.00,0.00,12.00,0.00,0.00,11483.00,0.00,0.00,0.00,0.00,2.00,0.00,2.00,0.00,24.00,684036,1142248,1356684,66.48,47112,532884,3747408,183.63,844516,349096,212,613692,100896,7392,28688,0,0,0,0.00,0,0.00,0,0,0.00,26577,7584,36858,0,0,462,0.02,0.02,0.00,0,0.00,0.00,0.00,0.00,0.00,0.00,2.00,0.00,12.00,6.00,0.00,26.00,0.00,0.00,22659.00,946.00,30997.29,53.58,0.00,0.00,0.00,0.00,0.00,0.00,0.00,0.00,0.00,0.00,0.00,0.00,0.00,0.00,0.00,0.00,0.00,0.00,0.00,0.00,0.00,0.00,0.00,0.00,0.00,0.00,0.00,0.00,0.00,0.00,721,3,5,0,0,0,22658.00,0.00,1890.00,946.00,21712.00,944.00,0.00,0.00,0.00,0.00,0.00,0.00,0.00,0.00,0.00,0.00,0.00,0.00,0.00,0.00,0.00,0.00,0.00,0.00,0.00,0.00,0.00,0.00,0.00,0.00,0.00,0.00,0.00,0.00,0.00,0.00,0.00,0.00,0.00,0.00,0.00,0.00,0.00,0.00,1890.00,946.00,946.00,0.00,2.00,0.00,0.00,0.00,0.00,0.00,0.00,3,2,1,0,0.00,0.00,0.00,0.00,0.00,0.00,0.00,0.00,0.00,0.00,0.00,0.00,0.00,0.00,0.00,0.00,0.00,0.00,0.00,0.00,0.00,0.00,0.00,0.00,0.00,0.00,0.00,0.00,0.00,0.00,0.00,0.00,0.00,0.00,0.00,0.00,0.00,0.00,0.00,0.00,0.00,0.00,0.00,0.00,0.00,0.00,0.00,0.00,0.00,0.00,0.00,0.00,0.00,22635.00,0.00,0.00,0.00,0.00,1995.37
0.00,0.00,0.00,0.00,0.00,0.00,3.59,0.00,0.00,96.41,0.00,316.00,0.00,0.00,0.00,0.00,0.00,0.00,10684.00,0.00,0.00,0.00,0.00,0.00,0.00,0.00,0.00,0.00,684004,1142272,1356716,66.48,47112,532904,3747408,183.63,844520,349148,228,613692,100896,7392,28688,0,0,0,0.00,0,0.00,0,0,0.00,26577,7584,36858,0,0,462,0.02,0.02,0.00,0,0.00,0.00,0.00,0.00,0.00,0.00,0.00,0.00,0.00,0.00,0.00,0.00,0.00,0.00,21774.00,908.00,29782.55,51.41,0.00,0.00,0.00,0.00,0.00,0.00,0.00,1.00,0.00,0.00,0.00,0.00,0.00,0.00,0.00,0.00,0.00,0.00,0.00,0.00,0.00,0.00,0.00,0.00,0.00,0.00,0.00,0.00,0.00,0.00,721,3,5,0,0,0,21767.00,0.00,1813.00,907.00,20861.00,907.00,0.00,0.00,0.00,0.00,0.00,0.00,0.00,0.00,0.00,0.00,0.00,0.00,0.00,0.00,0.00,0.00,0.00,0.00,0.00,0.00,0.00,0.00,0.00,0.00,0.00,0.00,0.00,0.00,0.00,0.00,0.00,0.00,0.00,0.00,0.00,0.00,0.00,0.00,1813.00,907.00,906.00,0.00,0.00,0.00,0.00,0.00,0.00,0.00,0.00,3,2,1,0,0.00,0.00,0.00,0.00,0.00,0.00,0.00,0.00,0.00,0.00,0.00,0.00,0.00,0.00,0.00,0.00,0.00,0.00,0.00,0.00,0.00,0.00,0.00,0.00,0.00,0.00,0.00,0.00,0.00,0.00,0.00,0.00,0.00,0.00,0.00,0.00,0.00,0.00,0.00,0.00,0.00,0.00,0.00,0.00,0.00,0.00,0.00,0.00,0.00,0.00,0.00,0.00,0.00,21821.00,0.00,0.00,0.00,0.00,1995.37
0.49,0.00,0.49,0.00,0.49,0.00,6.34,0.00,0.00,92.20,0.00,323.00,0.00,0.00,0.00,0.00,0.00,0.00,9939.00,0.00,0.00,0.00,0.00,0.00,0.00,0.00,0.00,0.00,684100,1142368,1356620,66.48,47112,532920,3747408,183.63,844520,349148,244,613692,100896,7392,28688,0,0,0,0.00,0,0.00,0,0,0.00,26577,7584,36858,0,0,462,0.02,0.02,0.00,0,0.00,0.00,0.00,0.00,0.00,0.00,0.00,0.00,0.00,0.00,0.00,0.00,0.00,0.00,19785.00,824.00,27057.33,46.67,0.00,0.00,0.00,0.00,0.00,0.00,0.00,0.00,0.00,0.00,0.00,0.00,0.00,0.00,0.00,0.00,0.00,0.00,0.00,0.00,0.00,0.00,0.00,0.00,0.00,0.00,0.00,0.00,0.00,0.00,721,3,5,0,0,0,19777.00,0.00,1649.00,824.00,18952.00,824.00,0.00,0.00,0.00,0.00,0.00,0.00,0.00,0.00,0.00,0.00,0.00,0.00,0.00,0.00,0.00,0.00,0.00,0.00,0.00,0.00,0.00,0.00,0.00,0.00,0.00,0.00,0.00,0.00,0.00,0.00,0.00,0.00,0.00,0.00,0.00,0.00,0.00,0.00,1649.00,824.00,825.00,0.00,0.00,0.00,0.00,0.00,0.00,0.00,0.00,3,2,1,0,0.00,0.00,0.00,0.00,0.00,0.00,0.00,0.00,0.00,0.00,0.00,0.00,0.00,0.00,0.00,0.00,0.00,0.00,0.00,0.00,0.00,0.00,0.00,0.00,0.00,0.00,0.00,0.00,0.00,0.00,0.00,0.00,0.00,0.00,0.00,0.00,0.00,0.00,0.00,0.00,0.00,0.00,0.00,0.00,0.00,0.00,0.00,0.00,0.00,0.00,0.00,0.00,0.00,19738.00,0.00,0.00,0.00,0.00,1995.37
0.00,0.00,0.00,0.00,0.00,0.00,5.03,0.00,0.00,94.97,0.00,333.00,0.00,0.00,0.00,0.00,0.00,0.00,9699.00,0.00,0.00,0.00,0.00,0.00,0.00,0.00,0.00,0.00,683944,1142212,1356776,66.49,47112,532936,3747408,183.63,844520,349148,260,613692,100896,7392,28688,0,0,0,0.00,0,0.00,0,0,0.00,26577,7584,36858,0,0,462,0.02,0.02,0.00,0,0.00,0.00,0.00,0.00,0.00,0.00,0.00,0.00,0.00,0.00,0.00,0.00,0.00,0.00,19564.00,815.00,26761.54,46.16,0.00,0.00,0.00,0.00,0.00,0.00,0.00,1.00,0.00,0.00,0.00,0.00,0.00,0.00,0.00,0.00,0.00,0.00,0.00,0.00,0.00,0.00,0.00,0.00,0.00,0.00,0.00,0.00,0.00,0.00,721,3,5,0,0,0,19559.00,0.00,1629.00,815.00,18745.00,815.00,0.00,0.00,0.00,0.00,0.00,0.00,0.00,0.00,0.00,0.00,0.00,0.00,0.00,0.00,0.00,0.00,0.00,0.00,0.00,0.00,0.00,0.00,0.00,0.00,0.00,0.00,0.00,0.00,0.00,0.00,0.00,0.00,0.00,0.00,0.00,0.00,0.00,0.00,1629.00,815.00,814.00,0.00,0.00,0.00,0.00,0.00,0.00,0.00,0.00,3,2,1,0,0.00,0.00,0.00,0.00,0.00,0.00,0.00,0.00,0.00,0.00,0.00,0.00,0.00,0.00,0.00,0.00,0.00,0.00,0.00,0.00,0.00,0.00,0.00,0.00,0.00,0.00,0.00,0.00,0.00,0.00,0.00,0.00,0.00,0.00,0.00,0.00,0.00,0.00,0.00,0.00,0.00,0.00,0.00,0.00,0.00,0.00,0.00,0.00,0.00,0.00,0.00,0.00,0.00,19565.00,0.00,0.00,0.00,0.00,1995.37
0.00,0.00,0.50,0.00,0.00,0.00,4.48,0.00,0.00,95.02,0.00,308.00,0.00,0.00,0.00,0.00,0.00,0.00,10195.00,0.00,0.00,0.00,0.00,0.00,0.00,0.00,0.00,0.00,683912,1142236,1356808,66.49,47112,532952,3747408,183.63,844520,349204,276,613692,100896,7392,28688,0,0,0,0.00,0,0.00,0,0,0.00,26577,7584,36858,0,0,462,0.02,0.02,0.00,0,0.00,0.00,0.00,0.00,0.00,0.00,0.00,0.00,0.00,0.00,0.00,0.00,0.00,0.00,20141.00,841.00,27549.63,47.63,0.00,0.00,0.00,0.00,0.00,0.00,0.00,0.00,0.00,0.00,0.00,0.00,0.00,0.00,0.00,0.00,0.00,0.00,0.00,0.00,0.00,0.00,0.00,0.00,0.00,0.00,0.00,0.00,0.00,0.00,721,3,5,0,0,0,20137.00,0.00,1679.00,841.00,19297.00,839.00,0.00,0.00,0.00,0.00,0.00,0.00,0.00,0.00,0.00,0.00,0.00,0.00,0.00,0.00,0.00,0.00,0.00,0.00,0.00,0.00,0.00,0.00,0.00,0.00,0.00,0.00,0.00,0.00,0.00,0.00,0.00,0.00,0.00,0.00,0.00,0.00,0.00,0.00,1679.00,841.00,840.00,0.00,2.00,0.00,0.00,0.00,0.00,0.00,0.00,3,2,1,0,0.00,0.00,0.00,0.00,0.00,0.00,0.00,0.00,0.00,0.00,0.00,0.00,0.00,0.00,0.00,0.00,0.00,0.00,0.00,0.00,0.00,0.00,0.00,0.00,0.00,0.00,0.00,0.00,0.00,0.00,0.00,0.00,0.00,0.00,0.00,0.00,0.00,0.00,0.00,0.00,0.00,0.00,0.00,0.00,0.00,0.00,0.00,0.00,0.00,0.00,0.00,0.00,0.00,20140.00,0.00,0.00,0.00,0.00,1995.37
0.00,0.00,0.00,0.00,0.00,0.00,6.44,0.00,0.00,93.56,0.00,325.00,0.00,0.00,0.00,0.00,0.00,0.00,9251.00,0.00,0.00,0.00,0.00,0.00,0.00,0.00,0.00,0.00,683880,1142204,1356840,66.49,47112,532968,3747408,183.63,844520,349204,292,613692,100896,7392,28688,0,0,0,0.00,0,0.00,0,0,0.00,26577,7584,36858,0,0,462,0.02,0.02,0.00,0,0.00,0.00,0.00,0.00,0.00,0.00,0.00,0.00,0.00,0.00,0.00,0.00,0.00,0.00,18606.00,777.00,25448.20,44.01,0.00,0.00,0.00,0.00,0.00,0.00,0.00,1.00,0.00,0.00,0.00,0.00,0.00,0.00,0.00,0.00,0.00,0.00,0.00,0.00,0.00,0.00,0.00,0.00,0.00,0.00,0.00,0.00,0.00,0.00,721,3,5,0,0,0,18623.00,0.00,1551.00,778.00,17848.00,776.00,0.00,0.00,0.00,0.00,0.00,0.00,0.00,0.00,0.00,0.00,0.00,0.00,0.00,0.00,0.00,0.00,0.00,0.00,0.00,0.00,0.00,0.00,0.00,0.00,0.00,0.00,0.00,0.00,0.00,0.00,0.00,0.00,0.00,0.00,0.00,0.00,0.00,0.00,1552.00,779.00,775.00,0.00,2.00,0.00,0.00,0.00,0.00,0.00,0.00,3,2,1,0,0.00,0.00,0.00,0.00,0.00,0.00,0.00,0.00,0.00,0.00,0.00,0.00,0.00,0.00,0.00,0.00,0.00,0.00,0.00,0.00,0.00,0.00,0.00,0.00,0.00,0.00,0.00,0.00,0.00,0.00,0.00,0.00,0.00,0.00,0.00,0.00,0.00,0.00,0.00,0.00,0.00,0.00,0.00,0.00,0.00,0.00,0.00,0.00,0.00,0.00,0.00,0.00,0.00,18725.00,0.00,0.00,0.00,0.00,1995.37
0.51,0.00,0.51,2.02,0.51,0.00,3.03,0.00,0.00,93.43,0.00,327.00,0.00,0.00,0.00,12.00,2.00,0.00,8595.00,0.00,0.00,0.00,0.00,2.00,0.00,2.00,0.00,24.00,683816,1142140,1356904,66.49,47120,532980,3747408,183.63,844520,349204,304,613692,100896,7392,28688,0,0,0,0.00,0,0.00,0,0,0.00,26577,7584,36858,0,0,462,0.02,0.02,0.00,0,0.00,0.00,0.00,0.00,0.00,0.00,2.00,0.00,12.00,6.00,0.00,28.00,0.00,0.00,17484.00,728.00,23905.26,41.23,0.00,0.00,0.00,0.00,0.00,0.00,0.00,0.00,0.00,0.00,0.00,0.00,0.00,0.00,0.00,0.00,0.00,0.00,0.00,0.00,0.00,0.00,0.00,0.00,0.00,0.00,0.00,0.00,0.00,0.00,721,3,5,0,0,0,17450.00,0.00,1456.00,727.00,16721.00,727.00,0.00,0.00,0.00,0.00,0.00,0.00,0.00,0.00,0.00,0.00,0.00,0.00,0.00,0.00,0.00,0.00,0.00,0.00,0.00,0.00,0.00,0.00,0.00,0.00,0.00,0.00,0.00,0.00,0.00,0.00,0.00,0.00,0.00,0.00,0.00,0.00,0.00,0.00,1455.00,726.00,729.00,0.00,0.00,0.00,0.00,0.00,0.00,0.00,0.00,3,2,1,0,0.00,0.00,0.00,0.00,0.00,0.00,0.00,0.00,0.00,0.00,0.00,0.00,0.00,0.00,0.00,0.00,0.00,0.00,0.00,0.00,0.00,0.00,0.00,0.00,0.00,0.00,0.00,0.00,0.00,0.00,0.00,0.00,0.00,0.00,0.00,0.00,0.00,0.00,0.00,0.00,0.00,0.00,0.00,0.00,0.00,0.00,0.00,0.00,0.00,0.00,0.00,0.00,0.00,17365.00,0.00,0.00,0.00,0.00,1995.37
0.00,0.00,0.00,0.00,0.00,0.00,4.52,0.00,0.00,95.48,0.00,319.00,0.00,0.00,0.00,0.00,0.00,0.00,8715.00,0.00,0.00,0.00,0.00,0.00,0.00,0.00,0.00,0.00,683880,1142260,1356840,66.49,47120,532996,3747408,183.63,844528,349252,320,613692,100896,7392,28688,0,0,0,0.00,0,0.00,0,0,0.00,26577,7584,36858,0,0,462,0.02,0.02,0.00,0,0.00,0.00,0.00,0.00,0.00,0.00,0.00,0.00,0.00,0.00,0.00,0.00,0.00,0.00,17666.00,737.00,24167.38,41.74,0.00,0.00,0.00,0.00,0.00,0.00,0.00,1.00,0.00,0.00,0.00,0.00,0.00,0.00,0.00,0.00,0.00,0.00,0.00,0.00,0.00,0.00,0.00,0.00,0.00,0.00,0.00,0.00,0.00,0.00,721,3,5,0,0,0,17662.00,0.00,1470.00,737.00,16928.00,736.00,0.00,0.00,0.00,0.00,0.00,0.00,0.00,0.00,0.00,0.00,0.00,0.00,0.00,0.00,0.00,0.00,0.00,0.00,0.00,0.00,0.00,0.00,0.00,0.00,0.00,0.00,0.00,0.00,0.00,0.00,0.00,0.00,0.00,0.00,0.00,0.00,0.00,0.00,1472.00,738.00,735.00,0.00,1.00,0.00,0.00,0.00,0.00,0.00,0.00,3,2,1,0,0.00,0.00,0.00,0.00,0.00,0.00,0.00,0.00,0.00,0.00,0.00,0.00,0.00,0.00,0.00,0.00,0.00,0.00,0.00,0.00,0.00,0.00,0.00,0.00,0.00,0.00,0.00,0.00,0.00,0.00,0.00,0.00,0.00,0.00,0.00,0.00,0.00,0.00,0.00,0.00,0.00,0.00,0.00,0.00,0.00,0.00,0.00,0.00,0.00,0.00,0.00,0.00,0.00,17691.00,0.00,0.00,0.00,0.00,1995.37
0.50,0.00,0.00,0.00,0.00,0.00,4.98,0.00,0.00,94.53,0.00,317.00,0.00,0.00,0.00,0.00,0.00,0.00,8043.00,0.00,0.00,0.00,0.00,0.00,0.00,0.00,0.00,0.00,683912,1142292,1356808,66.49,47120,533012,3747408,183.63,844528,349252,336,613692,100900,7392,28688,0,0,0,0.00,0,0.00,0,0,0.00,26577,7584,36858,0,0,462,0.02,0.02,0.00,0,0.00,0.00,0.00,0.00,0.00,0.00,0.00,0.00,0.00,0.00,0.00,0.00,0.00,0.00,15867.00,661.00,21704.72,37.44,0.00,0.00,0.00,0.00,0.00,0.00,0.00,0.00,0.00,0.00,0.00,0.00,0.00,0.00,0.00,0.00,0.00,0.00,0.00,0.00,0.00,0.00,0.00,0.00,0.00,0.00,0.00,0.00,0.00,0.00,721,3,5,0,0,0,15866.00,0.00,1324.00,661.00,15203.00,661.00,0.00,0.00,0.00,0.00,0.00,0.00,0.00,0.00,0.00,0.00,0.00,0.00,0.00,0.00,0.00,0.00,0.00,0.00,0.00,0.00,0.00,0.00,0.00,0.00,0.00,0.00,0.00,0.00,0.00,0.00,0.00,0.00,0.00,0.00,0.00,0.00,0.00,0.00,1322.00,660.00,662.00,0.00,0.00,0.00,0.00,0.00,0.00,0.00,0.00,3,2,1,0,0.00,0.00,0.00,0.00,0.00,0.00,0.00,0.00,0.00,0.00,0.00,0.00,0.00,0.00,0.00,0.00,0.00,0.00,0.00,0.00,0.00,0.00,0.00,0.00,0.00,0.00,0.00,0.00,0.00,0.00,0.00,0.00,0.00,0.00,0.00,0.00,0.00,0.00,0.00,0.00,0.00,0.00,0.00,0.00,0.00,0.00,0.00,0.00,0.00,0.00,0.00,0.00,0.00,15865.00,0.00,0.00,0.00,0.00,1995.37
0.50,0.00,0.00,0.00,0.50,0.00,4.00,0.00,0.00,95.00,0.00,314.00,0.00,0.00,0.00,0.00,0.00,0.00,7771.00,0.00,0.00,0.00,0.00,0.00,0.00,0.00,0.00,0.00,683848,1142228,1356872,66.49,47120,533028,3747408,183.63,844528,349252,352,613692,100900,7392,28688,0,0,0,0.00,0,0.00,0,0,0.00,26577,7584,36858,0,0,462,0.02,0.02,0.00,0,0.00,0.00,0.00,0.00,0.00,0.00,0.00,0.00,0.00,0.00,0.00,0.00,0.00,0.00,15578.00,651.00,21310.65,36.86,0.00,0.00,0.00,0.00,0.00,0.00,0.00,1.00,0.00,0.00,0.00,0.00,0.00,0.00,0.00,0.00,0.00,0.00,0.00,0.00,0.00,0.00,0.00,0.00,0.00,0.00,0.00,0.00,0.00,0.00,721,3,5,0,0,0,15599.00,0.00,1299.00,651.00,14950.00,650.00,0.00,0.00,0.00,0.00,0.00,0.00,0.00,0.00,0.00,0.00,0.00,0.00,0.00,0.00,0.00,0.00,0.00,0.00,0.00,0.00,0.00,0.00,0.00,0.00,0.00,0.00,0.00,0.00,0.00,0.00,0.00,0.00,0.00,0.00,0.00,0.00,0.00,0.00,1299.00,651.00,649.00,0.00,1.00,0.00,0.00,0.00,0.00,0.00,0.00,3,2,1,0,0.00,0.00,0.00,0.00,0.00,0.00,0.00,0.00,0.00,0.00,0.00,0.00,0.00,0.00,0.00,0.00,0.00,0.00,0.00,0.00,0.00,0.00,0.00,0.00,0.00,0.00,0.00,0.00,0.00,0.00,0.00,0.00,0.00,0.00,0.00,0.00,0.00,0.00,0.00,0.00,0.00,0.00,0.00,0.00,0.00,0.00,0.00,0.00,0.00,0.00,0.00,0.00,0.00,15579.00,0.00,0.00,0.00,0.00,1995.37
0.00,0.00,0.50,0.00,0.00,0.00,4.48,0.00,0.00,95.02,0.00,306.00,0.00,0.00,0.00,0.00,0.00,0.00,7059.00,0.00,0.00,0.00,0.00,0.00,0.00,0.00,0.00,0.00,683788,1142168,1356932,66.49,47120,533044,3747408,183.63,844528,349252,368,613692,100900,7392,28688,0,0,0,0.00,0,0.00,0,0,0.00,26577,7584,36858,0,0,462,0.02,0.02,0.00,0,0.00,0.00,0.00,0.00,0.00,0.00,0.00,0.00,0.00,0.00,0.00,0.00,0.00,0.00,14785.00,616.00,20227.00,34.89,0.00,0.00,0.00,0.00,0.00,0.00,0.00,0.00,0.00,0.00,0.00,0.00,0.00,0.00,0.00,0.00,0.00,0.00,0.00,0.00,0.00,0.00,0.00,0.00,0.00,0.00,0.00,0.00,0.00,0.00,721,3,5,0,0,0,14759.00,0.00,1229.00,615.00,14145.00,615.00,0.00,0.00,0.00,0.00,0.00,0.00,0.00,0.00,0.00,0.00,0.00,0.00,0.00,0.00,0.00,0.00,0.00,0.00,0.00,0.00,0.00,0.00,0.00,0.00,0.00,0.00,0.00,0.00,0.00,0.00,0.00,0.00,0.00,0.00,0.00,0.00,0.00,0.00,1230.00,615.00,615.00,0.00,0.00,0.00,0.00,0.00,0.00,0.00,0.00,3,2,1,0,0.00,0.00,0.00,0.00,0.00,0.00,0.00,0.00,0.00,0.00,0.00,0.00,0.00,0.00,0.00,0.00,0.00,0.00,0.00,0.00,0.00,0.00,0.00,0.00,0.00,0.00,0.00,0.00,0.00,0.00,0.00,0.00,0.00,0.00,0.00,0.00,0.00,0.00,0.00,0.00,0.00,0.00,0.00,0.00,0.00,0.00,0.00,0.00,0.00,0.00,0.00,0.00,0.00,14786.00,0.00,0.00,0.00,0.00,1995.37
0.50,0.00,0.00,5.00,0.00,0.00,3.50,0.00,0.00,91.00,0.00,319.00,0.00,0.00,0.00,12.00,11.00,0.00,6828.00,0.00,0.00,0.00,0.00,2.00,0.00,2.00,0.00,24.00,683692,1142128,1357028,66.50,47128,533056,3747408,183.63,844532,349304,380,613692,100900,7392,28688,0,0,0,0.00,0,0.00,0,0,0.00,26577,7584,36858,0,0,462,0.02,0.02,0.00,0,0.00,0.00,0.00,0.00,0.00,0.00,2.00,0.00,12.00,6.00,0.00,52.00,0.00,0.00,13466.00,561.00,18421.08,31.78,0.00,0.00,0.00,0.00,0.00,0.00,0.00,1.00,0.00,0.00,0.00,0.00,0.00,0.00,0.00,0.00,0.00,0.00,0.00,0.00,0.00,0.00,0.00,0.00,0.00,0.00,0.00,0.00,0.00,0.00,721,3,5,0,0,0,13464.00,0.00,1122.00,561.00,12903.00,561.00,0.00,0.00,0.00,0.00,0.00,0.00,0.00,0.00,0.00,0.00,0.00,0.00,0.00,0.00,0.00,0.00,0.00,0.00,0.00,0.00,0.00,0.00,0.00,0.00,0.00,0.00,0.00,0.00,0.00,0.00,0.00,0.00,0.00,0.00,0.00,0.00,0.00,0.00,1122.00,561.00,561.00,0.00,0.00,0.00,0.00,0.00,0.00,0.00,0.00,3,2,1,0,0.00,0.00,0.00,0.00,0.00,0.00,0.00,0.00,0.00,0.00,0.00,0.00,0.00,0.00,0.00,0.00,0.00,0.00,0.00,0.00,0.00,0.00,0.00,0.00,0.00,0.00,0.00,0.00,0.00,0.00,0.00,0.00,0.00,0.00,0.00,0.00,0.00,0.00,0.00,0.00,0.00,0.00,0.00,0.00,0.00,0.00,0.00,0.00,0.00,0.00,0.00,0.00,0.00,13488.00,0.00,0.00,0.00,0.00,1995.37
0.00,0.00,0.50,0.00,0.50,0.00,3.50,0.00,0.00,95.50,0.00,367.00,0.00,0.00,0.00,0.00,0.00,0.00,6327.00,0.00,0.00,0.00,0.00,0.00,0.00,0.00,0.00,0.00,683852,1142288,1356868,66.49,47128,533072,3747408,183.63,844532,349304,396,613708,100900,7392,28688,0,0,0,0.00,0,0.00,0,0,0.00,26577,7584,36858,0,0,462,0.01,0.02,0.00,0,0.00,0.00,0.00,0.00,0.00,0.00,0.00,0.00,0.00,0.00,0.00,0.00,0.00,0.00,12511.00,522.00,17108.15,29.57,0.00,0.00,0.00,0.00,0.00,0.00,0.00,0.00,0.00,0.00,0.00,0.00,0.00,0.00,0.00,0.00,0.00,0.00,0.00,0.00,0.00,0.00,0.00,0.00,0.00,0.00,0.00,0.00,0.00,0.00,721,3,5,0,0,0,12506.00,0.00,1044.00,522.00,11983.00,521.00,0.00,0.00,0.00,0.00,0.00,0.00,0.00,0.00,0.00,0.00,0.00,0.00,0.00,0.00,0.00,0.00,0.00,0.00,0.00,0.00,0.00,0.00,0.00,0.00,0.00,0.00,0.00,0.00,0.00,0.00,0.00,0.00,0.00,0.00,0.00,0.00,0.00,0.00,1042.00,522.00,521.00,0.00,1.00,0.00,0.00,1.00,0.00,0.00,0.00,3,2,1,0,0.00,0.00,0.00,0.00,0.00,0.00,0.00,0.00,0.00,0.00,0.00,0.00,0.00,0.00,0.00,0.00,0.00,0.00,0.00,0.00,0.00,0.00,0.00,0.00,0.00,0.00,0.00,0.00,0.00,0.00,0.00,0.00,0.00,0.00,0.00,0.00,0.00,0.00,0.00,0.00,0.00,0.00,0.00,0.00,0.00,0.00,0.00,0.00,0.00,0.00,0.00,0.00,0.00,12488.00,0.00,0.00,0.00,0.00,1995.37
0.00,0.00,0.00,0.00,0.00,0.00,2.04,0.00,0.00,97.96,0.00,293.00,0.00,0.00,0.00,0.00,0.00,0.00,5403.00,0.00,0.00,0.00,0.00,0.00,0.00,0.00,0.00,0.00,683852,1142328,1356868,66.49,47128,533088,3747408,183.63,844548,349344,412,613708,100900,7392,28688,0,0,0,0.00,0,0.00,0,0,0.00,26577,7584,36858,0,0,462,0.01,0.02,0.00,0,0.00,0.00,0.00,0.00,0.00,0.00,0.00,0.00,0.00,0.00,0.00,0.00,0.00,0.00,10657.00,445.00,14579.22,25.21,0.00,0.00,0.00,0.00,0.00,0.00,0.00,1.00,0.00,0.00,0.00,0.00,0.00,0.00,0.00,0.00,0.00,0.00,0.00,0.00,0.00,0.00,0.00,0.00,0.00,0.00,0.00,0.00,0.00,0.00,721,3,5,0,0,0,10655.00,0.00,887.00,445.00,10212.00,444.00,0.00,0.00,0.00,0.00,0.00,0.00,0.00,0.00,0.00,0.00,0.00,0.00,0.00,0.00,0.00,0.00,0.00,0.00,0.00,0.00,0.00,0.00,0.00,0.00,0.00,0.00,0.00,0.00,0.00,0.00,0.00,0.00,0.00,0.00,0.00,0.00,0.00,0.00,888.00,446.00,443.00,0.00,1.00,0.00,0.00,0.00,0.00,0.00,0.00,3,2,1,0,0.00,0.00,0.00,0.00,0.00,0.00,0.00,0.00,0.00,0.00,0.00,0.00,0.00,0.00,0.00,0.00,0.00,0.00,0.00,0.00,0.00,0.00,0.00,0.00,0.00,0.00,0.00,0.00,0.00,0.00,0.00,0.00,0.00,0.00,0.00,0.00,0.00,0.00,0.00,0.00,0.00,0.00,0.00,0.00,0.00,0.00,0.00,0.00,0.00,0.00,0.00,0.00,0.00,10681.00,0.00,0.00,0.00,0.00,1995.37
0.49,0.00,0.49,0.00,0.49,0.00,4.43,0.00,0.00,94.09,3.00,361.00,0.00,0.00,0.00,0.00,502.00,0.00,6024.00,0.00,0.00,0.00,0.00,0.00,0.00,0.00,0.00,0.00,683228,1141704,1357492,66.52,47128,533104,3747408,183.63,844548,349344,580,613744,100980,7392,28660,0,0,0,0.00,0,0.00,0,0,0.00,26577,7584,36858,0,0,462,0.01,0.02,0.00,0,0.00,0.00,0.00,0.00,0.00,0.00,0.00,0.00,0.00,0.00,0.00,0.00,0.00,0.00,11529.00,481.00,15761.96,27.24,0.00,0.00,0.00,0.00,0.00,0.00,0.00,0.00,0.00,0.00,0.00,0.00,0.00,0.00,0.00,0.00,0.00,0.00,0.00,0.00,0.00,0.00,0.00,0.00,0.00,0.00,0.00,0.00,0.00,0.00,721,3,5,0,0,0,11521.00,0.00,961.00,481.00,11040.00,480.00,0.00,0.00,0.00,0.00,0.00,0.00,0.00,0.00,0.00,0.00,0.00,0.00,0.00,0.00,0.00,0.00,0.00,0.00,0.00,0.00,0.00,0.00,0.00,0.00,0.00,0.00,0.00,0.00,0.00,0.00,0.00,0.00,0.00,0.00,0.00,0.00,0.00,0.00,959.00,480.00,480.00,0.00,1.00,0.00,0.00,0.00,0.00,0.00,0.00,3,2,1,0,0.00,0.00,0.00,0.00,0.00,0.00,0.00,0.00,0.00,0.00,0.00,0.00,0.00,0.00,0.00,0.00,0.00,0.00,0.00,0.00,0.00,0.00,0.00,0.00,0.00,0.00,0.00,0.00,0.00,0.00,0.00,0.00,0.00,0.00,0.00,0.00,0.00,0.00,0.00,0.00,0.00,0.00,0.00,0.00,0.00,0.00,0.00,0.00,0.00,0.00,0.00,0.00,0.00,11481.00,0.00,0.00,0.00,0.00,1995.37
0.00,0.00,0.00,0.99,0.00,0.00,9.90,0.00,0.00,89.11,0.00,384.00,0.00,0.00,0.00,200.00,4.00,0.00,32469.00,0.00,0.00,0.00,0.00,42.00,0.00,42.00,0.00,400.00,674592,1140052,1366128,66.94,47608,538368,3764896,184.49,848492,353868,24,616416,100924,7392,28792,0,0,0,0.00,0,0.00,0,0,0.00,26511,7616,36867,0,0,462,0.00,0.00,0.01,0,0.00,0.00,0.00,0.00,0.00,0.00,42.00,0.00,200.00,4.76,0.04,2.29,0.57,2.40,64782.00,2703.00,88624.55,153.10,0.00,0.00,0.00,0.00,0.00,0.00,0.00,1.00,0.00,0.00,0.00,0.00,0.00,0.00,0.00,0.00,0.00,0.00,0.00,0.00,0.00,0.00,0.00,0.00,0.00,0.00,0.00,0.00,0.00,0.00,720,3,5,0,0,0,64776.00,0.00,5398.00,2703.00,62077.00,2699.00,0.00,0.00,0.00,0.00,0.00,0.00,0.00,0.00,0.00,0.00,0.00,0.00,0.00,0.00,0.00,0.00,0.00,0.00,0.00,0.00,0.00,0.00,0.00,0.00,0.00,0.00,0.00,0.00,0.00,0.00,0.00,0.00,0.00,0.00,0.00,0.00,0.00,0.00,5399.00,2704.00,2699.00,0.00,4.00,0.00,0.00,0.00,0.00,0.00,0.00,3,2,1,0,0.00,0.00,0.00,0.00,0.00,0.00,0.00,0.00,0.00,0.00,0.00,0.00,0.00,0.00,0.00,0.00,0.00,0.00,0.00,0.00,0.00,0.00,0.00,0.00,0.00,0.00,0.00,0.00,0.00,0.00,0.00,0.00,0.00,0.00,0.00,0.00,0.00,0.00,0.00,0.00,0.00,0.00,0.00,0.00,0.00,0.00,0.00,0.00,0.00,0.00,0.00,0.00,0.00,64854.00,0.00,0.00,0.00,0.00,1995.37
0.00,0.00,0.49,0.00,0.49,0.00,10.78,0.00,0.00,88.24,0.00,379.00,0.00,0.00,0.00,0.00,4.00,0.00,31972.00,0.00,0.00,0.00,0.00,0.00,0.00,0.00,0.00,0.00,674656,1140116,1366064,66.94,47608,538384,3764896,184.49,848492,353868,40,616420,100924,7392,28792,0,0,0,0.00,0,0.00,0,0,0.00,26511,7616,36867,0,0,462,0.00,0.00,0.01,0,0.00,0.00,0.00,0.00,0.00,0.00,0.00,0.00,0.00,0.00,0.00,0.00,0.00,0.00,63652.00,2653.00,87081.15,150.27,0.00,0.00,0.00,0.00,0.00,0.00,0.00,0.00,0.00,0.00,0.00,0.00,0.00,0.00,0.00,0.00,0.00,0.00,0.00,0.00,0.00,0.00,0.00,0.00,0.00,0.00,0.00,0.00,0.00,0.00,720,3,5,0,0,0,63624.00,0.00,5302.00,2652.00,60973.00,2651.00,0.00,0.00,0.00,0.00,0.00,0.00,0.00,0.00,0.00,0.00,0.00,0.00,0.00,0.00,0.00,0.00,0.00,0.00,0.00,0.00,0.00,0.00,0.00,0.00,0.00,0.00,0.00,0.00,0.00,0.00,0.00,0.00,0.00,0.00,0.00,0.00,0.00,0.00,5301.00,2651.00,2651.00,0.00,1.00,0.00,0.00,0.00,0.00,0.00,0.00,3,2,1,0,0.00,0.00,0.00,0.00,0.00,0.00,0.00,0.00,0.00,0.00,0.00,0.00,0.00,0.00,0.00,0.00,0.00,0.00,0.00,0.00,0.00,0.00,0.00,0.00,0.00,0.00,0.00,0.00,0.00,0.00,0.00,0.00,0.00,0.00,0.00,0.00,0.00,0.00,0.00,0.00,0.00,0.00,0.00,0.00,0.00,0.00,0.00,0.00,0.00,0.00,0.00,0.00,0.00,63582.00,0.00,0.00,0.00,0.00,1995.37
0.50,0.00,0.00,0.00,0.00,0.00,10.40,0.00,0.00,89.11,0.00,363.00,0.00,0.00,0.00,0.00,0.00,0.00,31859.00,0.00,0.00,0.00,0.00,0.00,0.00,0.00,0.00,0.00,674468,1139928,1366252,66.95,47608,538396,3764896,184.49,848492,353868,52,616420,100928,7392,28792,0,0,0,0.00,0,0.00,0,0,0.00,26511,7616,36867,0,0,462,0.00,0.00,0.01,0,0.00,0.00,0.00,0.00,0.00,0.00,0.00,0.00,0.00,0.00,0.00,0.00,0.00,0.00,64070.00,2673.00,87640.54,151.40,0.00,0.00,0.00,0.00,0.00,0.00,0.00,1.00,0.00,0.00,0.00,0.00,0.00,0.00,0.00,0.00,0.00,0.00,0.00,0.00,0.00,0.00,0.00,0.00,0.00,0.00,0.00,0.00,0.00,0.00,720,3,5,0,0,0,64062.00,0.00,5341.00,2673.00,61387.00,2669.00,0.00,0.00,0.00,0.00,0.00,0.00,0.00,0.00,0.00,0.00,0.00,0.00,0.00,0.00,0.00,0.00,0.00,0.00,0.00,0.00,0.00,0.00,0.00,0.00,0.00,0.00,0.00,0.00,0.00,0.00,0.00,0.00,0.00,0.00,0.00,0.00,0.00,0.00,5342.00,2674.00,2672.00,0.00,4.00,0.00,0.00,0.00,0.00,0.00,0.00,3,2,1,0,0.00,0.00,0.00,0.00,0.00,0.00,0.00,0.00,0.00,0.00,0.00,0.00,0.00,0.00,0.00,0.00,0.00,0.00,0.00,0.00,0.00,0.00,0.00,0.00,0.00,0.00,0.00,0.00,0.00,0.00,0.00,0.00,0.00,0.00,0.00,0.00,0.00,0.00,0.00,0.00,0.00,0.00,0.00,0.00,0.00,0.00,0.00,0.00,0.00,0.00,0.00,0.00,0.00,64069.00,0.00,0.00,0.00,0.00,1995.37
0.00,0.00,0.00,0.00,0.00,0.00,8.63,0.00,0.00,91.37,0.00,346.00,0.00,0.00,0.00,0.00,0.00,0.00,31476.00,0.00,0.00,0.00,0.00,0.00,0.00,0.00,0.00,0.00,674468,1139928,1366252,66.95,47608,538412,3764896,184.49,848492,353868,68,616420,100928,7392,28792,0,0,0,0.00,0,0.00,0,0,0.00,26511,7616,36867,0,0,462,0.00,0.00,0.01,0,0.00,0.00,0.00,0.00,0.00,0.00,0.00,0.00,0.00,0.00,0.00,0.00,0.00,0.00,62911.00,2622.00,86063.38,148.51,0.00,0.00,0.00,0.00,0.00,0.00,0.00,0.00,0.00,0.00,0.00,0.00,0.00,0.00,0.00,0.00,0.00,0.00,0.00,0.00,0.00,0.00,0.00,0.00,0.00,0.00,0.00,0.00,0.00,0.00,720,3,5,0,0,0,62931.00,0.00,5247.00,2623.00,60306.00,2622.00,0.00,0.00,0.00,0.00,0.00,0.00,0.00,0.00,0.00,0.00,0.00,0.00,0.00,0.00,0.00,0.00,0.00,0.00,0.00,0.00,0.00,0.00,0.00,0.00,0.00,0.00,0.00,0.00,0.00,0.00,0.00,0.00,0.00,0.00,0.00,0.00,0.00,0.00,5248.00,2623.00,2626.00,0.00,1.00,0.00,0.00,0.00,0.00,0.00,0.00,3,2,1,0,0.00,0.00,0.00,0.00,0.00,0.00,0.00,0.00,0.00,0.00,0.00,0.00,0.00,0.00,0.00,0.00,0.00,0.00,0.00,0.00,0.00,0.00,0.00,0.00,0.00,0.00,0.00,0.00,0.00,0.00,0.00,0.00,0.00,0.00,0.00,0.00,0.00,0.00,0.00,0.00,0.00,0.00,0.00,0.00,0.00,0.00,0.00,0.00,0.00,0.00,0.00,0.00,0.00,62935.00,0.00,0.00,0.00,0.00,1995.37
0.00,0.00,0.00,0.00,0.00,0.00,10.45,0.00,0.00,89.55,0.00,377.00,0.00,0.00,0.00,0.00,1.00,0.00,30820.00,0.00,0.00,0.00,0.00,0.00,0.00,0.00,0.00,0.00,674468,1139984,1366252,66.95,47608,538428,3764896,184.49,848492,353924,84,616420,100928,7392,28792,0,0,0,0.00,0,0.00,0,0,0.00,26511,7616,36867,0,0,462,0.00,0.00,0.01,0,0.00,0.00,0.00,0.00,0.00,0.00,0.00,0.00,0.00,0.00,0.00,0.00,0.00,0.00,62117.00,2588.00,84980.41,146.59,0.00,0.00,0.00,0.00,0.00,0.00,0.00,1.00,0.00,0.00,0.00,0.00,0.00,0.00,0.00,0.00,0.00,0.00,0.00,0.00,0.00,0.00,0.00,0.00,0.00,0.00,0.00,0.00,0.00,0.00,720,3,5,0,0,0,62113.00,0.00,5175.00,2588.00,59524.00,2588.00,0.00,0.00,0.00,0.00,0.00,0.00,0.00,0.00,0.00,0.00,0.00,0.00,0.00,0.00,0.00,0.00,0.00,0.00,0.00,0.00,0.00,0.00,0.00,0.00,0.00,0.00,0.00,0.00,0.00,0.00,0.00,0.00,0.00,0.00,0.00,0.00,0.00,0.00,5173.00,2588.00,2585.00,0.00,0.00,0.00,0.00,0.00,0.00,0.00,0.00,3,2,1,0,0.00,0.00,0.00,0.00,0.00,0.00,0.00,0.00,0.00,0.00,0.00,0.00,0.00,0.00,0.00,0.00,0.00,0.00,0.00,0.00,0.00,0.00,0.00,0.00,0.00,0.00,0.00,0.00,0.00,0.00,0.00,0.00,0.00,0.00,0.00,0.00,0.00,0.00,0.00,0.00,0.00,0.00,0.00,0.00,0.00,0.00,0.00,0.00,0.00,0.00,0.00,0.00,0.00,62164.00,0.00,0.00,0.00,0.00,1995.37
0.00,0.00,0.00,1.49,0.00,0.00,9.95,0.00,0.00,88.56,0.00,383.00,0.00,0.00,0.00,36.00,0.00,0.00,29741.00,0.00,0.00,0.00,0.00,2.00,0.00,2.00,0.00,72.00,674404,1139920,1366316,66.95,47616,538444,3764896,184.49,848492,353924,124,616420,100928,7392,28792,0,0,0,0.00,0,0.00,0,0,0.00,26511,7616,36867,0,0,462,0.00,0.00,0.01,0,0.00,0.00,0.00,0.00,0.00,0.00,2.00,0.00,36.00,18.00,0.00,20.00,0.00,0.00,60296.00,2516.00,82484.72,142.49,0.00,0.00,0.00,0.00,0.00,0.00,0.00,0.00,0.00,0.00,0.00,0.00,0.00,0.00,0.00,0.00,0.00,0.00,0.00,0.00,0.00,0.00,0.00,0.00,0.00,0.00,0.00,0.00,0.00,0.00,720,3,5,0,0,0,60266.00,0.00,5023.00,2514.00,57753.00,2511.00,0.00,0.00,0.00,0.00,0.00,0.00,0.00,0.00,0.00,0.00,0.00,0.00,0.00,0.00,0.00,0.00,0.00,0.00,0.00,0.00,0.00,0.00,0.00,0.00,0.00,0.00,0.00,0.00,0.00,0.00,0.00,0.00,0.00,0.00,0.00,0.00,0.00,0.00,5019.00,2514.00,2508.00,0.00,3.00,0.00,0.00,0.00,0.00,0.00,0.00,3,2,1,0,0.00,0.00,0.00,0.00,0.00,0.00,0.00,0.00,0.00,0.00,0.00,0.00,0.00,0.00,0.00,0.00,0.00,0.00,0.00,0.00,0.00,0.00,0.00,0.00,0.00,0.00,0.00,0.00,0.00,0.00,0.00,0.00,0.00,0.00,0.00,0.00,0.00,0.00,0.00,0.00,0.00,0.00,0.00,0.00,0.00,0.00,0.00,0.00,0.00,0.00,0.00,0.00,0.00,60225.00,0.00,0.00,0.00,0.00,1995.37
0.97,0.00,0.00,0.00,0.49,0.00,11.17,0.00,0.00,87.38,0.00,411.00,0.00,0.00,0.00,0.00,5.00,0.00,29538.00,0.00,0.00,0.00,0.00,0.00,0.00,0.00,0.00,0.00,674468,1139984,1366252,66.95,47616,538460,3764896,184.49,848492,353924,140,616420,100928,7392,28792,0,0,0,0.00,0,0.00,0,0,0.00,26511,7616,36867,0,0,462,0.00,0.00,0.01,0,0.00,0.00,0.00,0.00,0.00,0.00,0.00,0.00,0.00,0.00,0.00,0.00,0.00,0.00,60295.00,2514.00,82484.28,142.38,0.00,0.00,0.00,0.00,0.00,0.00,0.00,1.00,0.00,0.00,0.00,0.00,0.00,0.00,0.00,0.00,0.00,0.00,0.00,0.00,0.00,0.00,0.00,0.00,0.00,0.00,0.00,0.00,0.00,0.00,720,3,5,0,0,0,60313.00,0.00,5027.00,2514.00,57799.00,2513.00,0.00,0.00,0.00,0.00,0.00,0.00,0.00,0.00,0.00,0.00,0.00,0.00,0.00,0.00,0.00,0.00,0.00,0.00,0.00,0.00,0.00,0.00,0.00,0.00,0.00,0.00,0.00,0.00,0.00,0.00,0.00,0.00,0.00,0.00,0.00,0.00,0.00,0.00,5026.00,2513.00,2514.00,0.00,1.00,0.00,0.00,0.00,0.00,0.00,0.00,3,2,1,0,0.00,0.00,0.00,0.00,0.00,0.00,0.00,0.00,0.00,0.00,0.00,0.00,0.00,0.00,0.00,0.00,0.00,0.00,0.00,0.00,0.00,0.00,0.00,0.00,0.00,0.00,0.00,0.00,0.00,0.00,0.00,0.00,0.00,0.00,0.00,0.00,0.00,0.00,0.00,0.00,0.00,0.00,0.00,0.00,0.00,0.00,0.00,0.00,0.00,0.00,0.00,0.00,0.00,60319.00,0.00,0.00,0.00,0.00,1995.37
0.00,0.00,0.51,0.00,0.00,0.00,8.59,0.00,0.00,90.91,0.00,345.00,0.00,0.00,0.00,0.00,0.00,0.00,28388.00,0.00,0.00,0.00,0.00,0.00,0.00,0.00,0.00,0.00,674532,1140112,1366188,66.95,47616,538476,3764896,184.49,848484,353980,156,616400,100928,7392,28792,0,0,0,0.00,0,0.00,0,0,0.00,26511,7616,36867,0,0,462,0.00,0.00,0.01,0,0.00,0.00,0.00,0.00,0.00,0.00,0.00,0.00,0.00,0.00,0.00,0.00,0.00,0.00,58207.00,2430.00,79628.14,137.64,0.00,0.00,0.00,0.00,0.00,0.00,0.00,0.00,0.00,0.00,0.00,0.00,0.00,0.00,0.00,0.00,0.00,0.00,0.00,0.00,0.00,0.00,0.00,0.00,0.00,0.00,0.00,0.00,0.00,0.00,720,3,5,0,0,0,58180.00,0.00,4852.00,2429.00,55752.00,2424.00,0.00,0.00,0.00,0.00,0.00,0.00,0.00,0.00,0.00,0.00,0.00,0.00,0.00,0.00,0.00,0.00,0.00,0.00,0.00,0.00,0.00,0.00,0.00,0.00,0.00,0.00,0.00,0.00,0.00,0.00,0.00,0.00,0.00,0.00,0.00,0.00,0.00,0.00,4852.00,2430.00,2427.00,0.00,5.00,0.00,0.00,0.00,0.00,0.00,0.00,3,2,1,0,0.00,0.00,0.00,0.00,0.00,0.00,0.00,0.00,0.00,0.00,0.00,0.00,0.00,0.00,0.00,0.00,0.00,0.00,0.00,0.00,0.00,0.00,0.00,0.00,0.00,0.00,0.00,0.00,0.00,0.00,0.00,0.00,0.00,0.00,0.00,0.00,0.00,0.00,0.00,0.00,0.00,0.00,0.00,0.00,0.00,0.00,0.00,0.00,0.00,0.00,0.00,0.00,0.00,58207.00,0.00,0.00,0.00,0.00,1995.37
0.00,0.00,0.00,0.00,0.00,0.00,9.50,0.00,0.00,90.50,0.00,352.00,0.00,0.00,0.00,0.00,0.00,0.00,27915.00,0.00,0.00,0.00,0.00,0.00,0.00,0.00,0.00,0.00,674436,1140016,1366284,66.95,47616,538492,3764896,184.49,848484,353980,172,616400,100928,7392,28792,0,0,0,0.00,0,0.00,0,0,0.00,26511,7616,36867,0,0,462,0.00,0.00,0.01,0,0.00,0.00,0.00,0.00,0.00,0.00,0.00,0.00,0.00,0.00,0.00,0.00,0.00,0.00,57239.00,2386.00,78313.80,135.14,0.00,0.00,0.00,0.00,0.00,0.00,0.00,1.00,0.00,0.00,0.00,0.00,0.00,0.00,0.00,0.00,0.00,0.00,0.00,0.00,0.00,0.00,0.00,0.00,0.00,0.00,0.00,0.00,0.00,0.00,720,3,5,0,0,0,57236.00,0.00,4765.00,2386.00,54855.00,2385.00,0.00,0.00,0.00,0.00,0.00,0.00,0.00,0.00,0.00,0.00,0.00,0.00,0.00,0.00,0.00,0.00,0.00,0.00,0.00,0.00,0.00,0.00,0.00,0.00,0.00,0.00,0.00,0.00,0.00,0.00,0.00,0.00,0.00,0.00,0.00,0.00,0.00,0.00,4764.00,2386.00,2379.00,0.00,1.00,0.00,0.00,0.00,0.00,0.00,0.00,3,2,1,0,0.00,0.00,0.00,0.00,0.00,0.00,0.00,0.00,0.00,0.00,0.00,0.00,0.00,0.00,0.00,0.00,0.00,0.00,0.00,0.00,0.00,0.00,0.00,0.00,0.00,0.00,0.00,0.00,0.00,0.00,0.00,0.00,0.00,0.00,0.00,0.00,0.00,0.00,0.00,0.00,0.00,0.00,0.00,0.00,0.00,0.00,0.00,0.00,0.00,0.00,0.00,0.00,0.00,57239.00,0.00,0.00,0.00,0.00,1995.37
0.50,0.00,0.00,0.00,0.00,0.00,9.00,0.00,0.00,90.50,0.00,345.00,0.00,0.00,0.00,0.00,0.00,0.00,27996.00,0.00,0.00,0.00,0.00,0.00,0.00,0.00,0.00,0.00,674500,1140080,1366220,66.95,47616,538508,3764896,184.49,848484,353980,188,616400,100928,7392,28792,0,0,0,0.00,0,0.00,0,0,0.00,26511,7616,36867,0,0,462,0.00,0.00,0.01,0,0.00,0.00,0.00,0.00,0.00,0.00,0.00,0.00,0.00,0.00,0.00,0.00,0.00,0.00,56383.00,2354.00,77132.32,133.33,0.00,0.00,0.00,0.00,0.00,0.00,0.00,1.00,0.00,0.00,0.00,0.00,0.00,0.00,0.00,0.00,0.00,0.00,0.00,0.00,0.00,0.00,0.00,0.00,0.00,0.00,0.00,0.00,0.00,0.00,720,3,5,0,0,0,56379.00,0.00,4701.00,2354.00,54027.00,2349.00,0.00,0.00,0.00,0.00,0.00,0.00,0.00,0.00,0.00,0.00,0.00,0.00,0.00,0.00,0.00,0.00,0.00,0.00,0.00,0.00,0.00,0.00,0.00,0.00,0.00,0.00,0.00,0.00,0.00,0.00,0.00,0.00,0.00,0.00,0.00,0.00,0.00,0.00,4702.00,2354.00,2353.00,0.00,5.00,0.00,0.00,0.00,0.00,0.00,0.00,3,2,1,0,0.00,0.00,0.00,0.00,0.00,0.00,0.00,0.00,0.00,0.00,0.00,0.00,0.00,0.00,0.00,0.00,0.00,0.00,0.00,0.00,0.00,0.00,0.00,0.00,0.00,0.00,0.00,0.00,0.00,0.00,0.00,0.00,0.00,0.00,0.00,0.00,0.00,0.00,0.00,0.00,0.00,0.00,0.00,0.00,0.00,0.00,0.00,0.00,0.00,0.00,0.00,0.00,0.00,56431.00,0.00,0.00,0.00,0.00,1995.37
0.00,0.00,0.49,2.45,0.49,0.00,10.78,0.00,0.00,85.78,0.00,381.00,0.00,0.00,0.00,208.00,0.00,0.00,27052.00,0.00,0.00,0.00,0.00,9.00,0.00,9.00,0.00,416.00,674404,1139992,1366316,66.95,47624,538520,3764896,184.49,848492,353980,0,616400,100928,7392,28792,0,0,0,0.00,0,0.00,0,0,0.00,26511,7616,36867,0,0,462,0.00,0.00,0.01,0,0.00,0.00,0.00,0.00,0.00,0.00,9.00,0.00,208.00,23.11,0.06,14.22,1.78,1.60,55300.00,2306.00,75654.22,130.61,0.00,0.00,0.00,0.00,0.00,0.00,0.00,1.00,0.00,0.00,0.00,0.00,0.00,0.00,0.00,0.00,0.00,0.00,0.00,0.00,0.00,0.00,0.00,0.00,0.00,0.00,0.00,0.00,0.00,0.00,720,3,5,0,0,0,55320.00,0.00,4610.00,2307.00,53015.00,2305.00,0.00,0.00,0.00,0.00,0.00,0.00,0.00,0.00,0.00,0.00,0.00,0.00,0.00,0.00,0.00,0.00,0.00,0.00,0.00,0.00,0.00,0.00,0.00,0.00,0.00,0.00,0.00,0.00,0.00,0.00,0.00,0.00,0.00,0.00,0.00,0.00,0.00,0.00,4609.00,2306.00,2305.00,0.00,2.00,0.00,0.00,0.00,0.00,0.00,0.00,3,2,1,0,0.00,0.00,0.00,0.00,0.00,0.00,0.00,0.00,0.00,0.00,0.00,0.00,0.00,0.00,0.00,0.00,0.00,0.00,0.00,0.00,0.00,0.00,0.00,0.00,0.00,0.00,0.00,0.00,0.00,0.00,0.00,0.00,0.00,0.00,0.00,0.00,0.00,0.00,0.00,0.00,0.00,0.00,0.00,0.00,0.00,0.00,0.00,0.00,0.00,0.00,0.00,0.00,0.00,55251.00,0.00,0.00,0.00,0.00,1995.37
0.00,0.00,0.00,0.00,0.00,0.00,9.50,0.00,0.00,90.50,0.00,374.00,0.00,0.00,0.00,0.00,0.00,0.00,26179.00,0.00,0.00,0.00,0.00,0.00,0.00,0.00,0.00,0.00,674500,1140144,1366220,66.95,47624,538536,3764896,184.49,848492,354036,20,616400,100928,7392,28792,0,0,0,0.00,0,0.00,0,0,0.00,26511,7616,36867,0,0,462,0.00,0.00,0.01,0,0.00,0.00,0.00,0.00,0.00,0.00,0.00,0.00,0.00,0.00,0.00,0.00,0.00,0.00,54774.00,2285.00,74932.11,129.42,0.00,0.00,0.00,0.00,0.00,0.00,0.00,2.00,0.00,0.00,0.00,0.00,0.00,0.00,0.00,0.00,0.00,0.00,0.00,0.00,0.00,0.00,0.00,0.00,0.00,0.00,0.00,0.00,0.00,0.00,720,3,5,0,0,0,54769.00,0.00,4564.00,2285.00,52486.00,2282.00,0.00,0.00,0.00,0.00,0.00,0.00,0.00,0.00,0.00,0.00,0.00,0.00,0.00,0.00,0.00,0.00,0.00,0.00,0.00,0.00,0.00,0.00,0.00,0.00,0.00,0.00,0.00,0.00,0.00,0.00,0.00,0.00,0.00,0.00,0.00,0.00,0.00,0.00,4563.00,2285.00,2282.00,0.00,3.00,0.00,0.00,0.00,0.00,0.00,0.00,3,2,1,0,0.00,0.00,0.00,0.00,0.00,0.00,0.00,0.00,0.00,0.00,0.00,0.00,0.00,0.00,0.00,0.00,0.00,0.00,0.00,0.00,0.00,0.00,0.00,0.00,0.00,0.00,0.00,0.00,0.00,0.00,0.00,0.00,0.00,0.00,0.00,0.00,0.00,0.00,0.00,0.00,0.00,0.00,0.00,0.00,0.00,0.00,0.00,0.00,0.00,0.00,0.00,0.00,0.00,54751.00,0.00,0.00,0.00,0.00,1995.37
0.50,0.00,0.00,0.00,0.00,0.00,8.54,0.00,0.00,90.95,0.00,351.00,0.00,0.00,0.00,0.00,0.00,0.00,26467.00,0.00,0.00,0.00,0.00,0.00,0.00,0.00,0.00,0.00,674532,1140180,1366188,66.95,47624,538552,3764896,184.49,848492,354036,36,616400,100932,7392,28792,0,0,0,0.00,0,0.00,0,0,0.00,26511,7616,36867,0,0,462,0.00,0.00,0.01,0,0.00,0.00,0.00,0.00,0.00,0.00,0.00,0.00,0.00,0.00,0.00,0.00,0.00,0.00,54367.00,2268.00,74373.80,128.46,0.00,0.00,0.00,0.00,0.00,0.00,0.00,1.00,0.00,0.00,0.00,0.00,0.00,0.00,0.00,0.00,0.00,0.00,0.00,0.00,0.00,0.00,0.00,0.00,0.00,0.00,0.00,0.00,0.00,0.00,720,3,5,0,0,0,54385.00,0.00,4533.00,2269.00,52118.00,2266.00,0.00,0.00,0.00,0.00,0.00,0.00,0.00,0.00,0.00,0.00,0.00,0.00,0.00,0.00,0.00,0.00,0.00,0.00,0.00,0.00,0.00,0.00,0.00,0.00,0.00,0.00,0.00,0.00,0.00,0.00,0.00,0.00,0.00,0.00,0.00,0.00,0.00,0.00,4533.00,2269.00,2266.00,0.00,3.00,0.00,0.00,0.00,0.00,0.00,0.00,3,2,1,0,0.00,0.00,0.00,0.00,0.00,0.00,0.00,0.00,0.00,0.00,0.00,0.00,0.00,0.00,0.00,0.00,0.00,0.00,0.00,0.00,0.00,0.00,0.00,0.00,0.00,0.00,0.00,0.00,0.00,0.00,0.00,0.00,0.00,0.00,0.00,0.00,0.00,0.00,0.00,0.00,0.00,0.00,0.00,0.00,0.00,0.00,0.00,0.00,0.00,0.00,0.00,0.00,0.00,54462.00,0.00,0.00,0.00,0.00,1995.37
0.00,0.00,0.00,0.00,0.00,0.00,9.95,0.00,0.00,90.05,0.00,368.00,0.00,0.00,0.00,0.00,0.00,0.00,25587.00,0.00,0.00,0.00,0.00,0.00,0.00,0.00,0.00,0.00,674468,1140116,1366252,66.95,47624,538568,3764896,184.49,848492,354036,52,616400,100932,7392,28792,0,0,0,0.00,0,0.00,0,0,0.00,26511,7616,36867,0,0,462,0.00,0.00,0.01,0,0.00,0.00,0.00,0.00,0.00,0.00,0.00,0.00,0.00,0.00,0.00,0.00,0.00,0.00,52664.00,2194.00,72042.52,124.27,0.00,0.00,0.00,0.00,0.00,0.00,0.00,0.00,0.00,0.00,0.00,0.00,0.00,0.00,0.00,0.00,0.00,0.00,0.00,0.00,0.00,0.00,0.00,0.00,0.00,0.00,0.00,0.00,0.00,0.00,720,3,5,0,0,0,52608.00,0.00,4384.00,2192.00,50416.00,2192.00,0.00,0.00,0.00,0.00,0.00,0.00,0.00,0.00,0.00,0.00,0.00,0.00,0.00,0.00,0.00,0.00,0.00,0.00,0.00,0.00,0.00,0.00,0.00,0.00,0.00,0.00,0.00,0.00,0.00,0.00,0.00,0.00,0.00,0.00,0.00,0.00,0.00,0.00,4386.00,2193.00,2193.00,0.00,0.00,0.00,0.00,0.00,0.00,0.00,0.00,3,2,1,0,0.00,0.00,0.00,0.00,0.00,0.00,0.00,0.00,0.00,0.00,0.00,0.00,0.00,0.00,0.00,0.00,0.00,0.00,0.00,0.00,0.00,0.00,0.00,0.00,0.00,0.00,0.00,0.00,0.00,0.00,0.00,0.00,0.00,0.00,0.00,0.00,0.00,0.00,0.00,0.00,0.00,0.00,0.00,0.00,0.00,0.00,0.00,0.00,0.00,0.00,0.00,0.00,0.00,52616.00,0.00,0.00,0.00,0.00,1995.37
0.00,0.00,0.49,0.00,0.00,0.00,9.85,0.00,0.00,89.66,0.00,356.00,0.00,0.00,0.00,0.00,0.00,0.00,25835.00,0.00,0.00,0.00,0.00,0.00,0.00,0.00,0.00,0.00,674596,1140244,1366124,66.94,47624,538584,3764896,184.49,848492,354036,68,616400,100932,7392,28792,0,0,0,0.00,0,0.00,0,0,0.00,26511,7616,36867,0,0,462,0.00,0.00,0.01,0,0.00,0.00,0.00,0.00,0.00,0.00,0.00,0.00,0.00,0.00,0.00,0.00,0.00,0.00,52350.00,2181.00,71615.65,123.53,0.00,0.00,0.00,0.00,0.00,0.00,0.00,1.00,0.00,0.00,0.00,0.00,0.00,0.00,0.00,0.00,0.00,0.00,0.00,0.00,0.00,0.00,0.00,0.00,0.00,0.00,0.00,0.00,0.00,0.00,720,3,5,0,0,0,52367.00,0.00,4362.00,2182.00,50186.00,2182.00,0.00,0.00,0.00,0.00,0.00,0.00,0.00,0.00,0.00,0.00,0.00,0.00,0.00,0.00,0.00,0.00,0.00,0.00,0.00,0.00,0.00,0.00,0.00,0.00,0.00,0.00,0.00,0.00,0.00,0.00,0.00,0.00,0.00,0.00,0.00,0.00,0.00,0.00,4361.00,2182.00,2179.00,0.00,0.00,0.00,0.00,0.00,0.00,0.00,0.00,3,2,1,0,0.00,0.00,0.00,0.00,0.00,0.00,0.00,0.00,0.00,0.00,0.00,0.00,0.00,0.00,0.00,0.00,0.00,0.00,0.00,0.00,0.00,0.00,0.00,0.00,0.00,0.00,0.00,0.00,0.00,0.00,0.00,0.00,0.00,0.00,0.00,0.00,0.00,0.00,0.00,0.00,0.00,0.00,0.00,0.00,0.00,0.00,0.00,0.00,0.00,0.00,0.00,0.00,0.00,52350.00,0.00,0.00,0.00,0.00,1995.37
0.00,0.00,0.50,3.00,0.50,0.00,8.00,0.00,0.00,88.00,0.00,362.00,0.00,0.00,0.00,20.00,0.00,0.00,26156.00,0.00,0.00,0.00,0.00,2.00,0.00,2.00,0.00,40.00,674436,1140140,1366284,66.95,47632,538600,3764896,184.49,848492,354092,92,616400,100932,7392,28792,0,0,0,0.00,0,0.00,0,0,0.00,26511,7616,36867,0,0,462,0.00,0.00,0.01,0,0.00,0.00,0.00,0.00,0.00,0.00,2.00,0.00,20.00,10.00,0.00,28.00,0.00,0.00,51748.00,2158.00,70794.52,122.23,0.00,0.00,0.00,0.00,0.00,0.00,0.00,0.00,0.00,0.00,0.00,0.00,0.00,0.00,0.00,0.00,0.00,0.00,0.00,0.00,0.00,0.00,0.00,0.00,0.00,0.00,0.00,0.00,0.00,0.00,720,3,5,0,0,0,51720.00,0.00,4310.00,2157.00,49565.00,2155.00,0.00,0.00,0.00,0.00,0.00,0.00,0.00,0.00,0.00,0.00,0.00,0.00,0.00,0.00,0.00,0.00,0.00,0.00,0.00,0.00,0.00,0.00,0.00,0.00,0.00,0.00,0.00,0.00,0.00,0.00,0.00,0.00,0.00,0.00,0.00,0.00,0.00,0.00,4311.00,2157.00,2156.00,0.00,2.00,0.00,0.00,0.00,0.00,0.00,0.00,3,2,1,0,0.00,0.00,0.00,0.00,0.00,0.00,0.00,0.00,0.00,0.00,0.00,0.00,0.00,0.00,0.00,0.00,0.00,0.00,0.00,0.00,0.00,0.00,0.00,0.00,0.00,0.00,0.00,0.00,0.00,0.00,0.00,0.00,0.00,0.00,0.00,0.00,0.00,0.00,0.00,0.00,0.00,0.00,0.00,0.00,0.00,0.00,0.00,0.00,0.00,0.00,0.00,0.00,0.00,51724.00,0.00,0.00,0.00,0.00,1995.37
0.00,0.00,0.00,0.00,0.00,0.00,7.65,0.00,0.00,92.35,0.00,359.00,0.00,0.00,0.00,0.00,0.00,0.00,25589.00,0.00,0.00,0.00,0.00,0.00,0.00,0.00,0.00,0.00,674404,1140108,1366316,66.95,47632,538616,3764896,184.49,848492,354092,108,616400,100932,7392,28792,0,0,0,0.00,0,0.00,0,0,0.00,26511,7616,36867,0,0,462,0.00,0.00,0.01,0,0.00,0.00,0.00,0.00,0.00,0.00,0.00,0.00,0.00,0.00,0.00,0.00,0.00,0.00,50809.00,2120.00,69513.74,120.08,0.00,0.00,0.00,0.00,0.00,0.00,0.00,1.00,0.00,0.00,0.00,0.00,0.00,0.00,0.00,0.00,0.00,0.00,0.00,0.00,0.00,0.00,0.00,0.00,0.00,0.00,0.00,0.00,0.00,0.00,720,3,5,0,0,0,50831.00,0.00,4235.00,2121.00,48714.00,2118.00,0.00,0.00,0.00,0.00,0.00,0.00,0.00,0.00,0.00,0.00,0.00,0.00,0.00,0.00,0.00,0.00,0.00,0.00,0.00,0.00,0.00,0.00,0.00,0.00,0.00,0.00,0.00,0.00,0.00,0.00,0.00,0.00,0.00,0.00,0.00,0.00,0.00,0.00,4235.00,2120.00,2118.00,0.00,3.00,0.00,0.00,0.00,0.00,0.00,0.00,3,2,1,0,0.00,0.00,0.00,0.00,0.00,0.00,0.00,0.00,0.00,0.00,0.00,0.00,0.00,0.00,0.00,0.00,0.00,0.00,0.00,0.00,0.00,0.00,0.00,0.00,0.00,0.00,0.00,0.00,0.00,0.00,0.00,0.00,0.00,0.00,0.00,0.00,0.00,0.00,0.00,0.00,0.00,0.00,0.00,0.00,0.00,0.00,0.00,0.00,0.00,0.00,0.00,0.00,0.00,50811.00,0.00,0.00,0.00,0.00,1995.37
0.50,0.00,0.00,0.00,0.00,0.00,8.96,0.00,0.00,90.55,0.00,355.00,0.00,0.00,0.00,0.00,1.00,0.00,24892.00,0.00,0.00,0.00,0.00,0.00,0.00,0.00,0.00,0.00,674468,1140180,1366252,66.95,47632,538632,3764896,184.49,848500,354092,124,616404,100932,7392,28792,0,0,0,0.00,0,0.00,0,0,0.00,26511,7616,36867,0,0,462,0.00,0.00,0.01,0,0.00,0.00,0.00,0.00,0.00,0.00,0.00,0.00,0.00,0.00,0.00,0.00,0.00,0.00,49564.00,2066.00,67806.56,117.02,0.00,0.00,0.00,0.00,0.00,0.00,0.00,0.00,0.00,0.00,0.00,0.00,0.00,0.00,0.00,0.00,0.00,0.00,0.00,0.00,0.00,0.00,0.00,0.00,0.00,0.00,0.00,0.00,0.00,0.00,720,3,5,0,0,0,49537.00,0.00,4128.00,2065.00,47472.00,2064.00,0.00,0.00,0.00,0.00,0.00,0.00,0.00,0.00,0.00,0.00,0.00,0.00,0.00,0.00,0.00,0.00,0.00,0.00,0.00,0.00,0.00,0.00,0.00,0.00,0.00,0.00,0.00,0.00,0.00,0.00,0.00,0.00,0.00,0.00,0.00,0.00,0.00,0.00,4128.00,2066.00,2063.00,0.00,1.00,0.00,0.00,0.00,0.00,0.00,0.00,3,2,1,0,0.00,0.00,0.00,0.00,0.00,0.00,0.00,0.00,0.00,0.00,0.00,0.00,0.00,0.00,0.00,0.00,0.00,0.00,0.00,0.00,0.00,0.00,0.00,0.00,0.00,0.00,0.00,0.00,0.00,0.00,0.00,0.00,0.00,0.00,0.00,0.00,0.00,0.00,0.00,0.00,0.00,0.00,0.00,0.00,0.00,0.00,0.00,0.00,0.00,0.00,0.00,0.00,0.00,49540.00,0.00,0.00,0.00,0.00,1995.37
0.51,0.00,0.00,0.00,0.00,0.00,7.58,0.00,0.00,91.92,0.00,337.00,0.00,0.00,0.00,0.00,0.00,0.00,23972.00,0.00,0.00,0.00,0.00,0.00,0.00,0.00,0.00,0.00,674500,1140268,1366220,66.95,47632,538648,3764896,184.49,848500,354148,140,616404,100932,7392,28792,0,0,0,0.00,0,0.00,0,0,0.00,26511,7616,36867,0,0,462,0.00,0.00,0.01,0,0.00,0.00,0.00,0.00,0.00,0.00,0.00,0.00,0.00,0.00,0.00,0.00,0.00,0.00,47447.00,1978.00,64916.60,112.04,0.00,0.00,0.00,0.00,0.00,0.00,0.00,1.00,0.00,0.00,0.00,0.00,0.00,0.00,0.00,0.00,0.00,0.00,0.00,0.00,0.00,0.00,0.00,0.00,0.00,0.00,0.00,0.00,0.00,0.00,720,3,5,0,0,0,47447.00,0.00,3953.00,1978.00,45471.00,1977.00,0.00,0.00,0.00,0.00,0.00,0.00,0.00,0.00,0.00,0.00,0.00,0.00,0.00,0.00,0.00,0.00,0.00,0.00,0.00,0.00,0.00,0.00,0.00,0.00,0.00,0.00,0.00,0.00,0.00,0.00,0.00,0.00,0.00,0.00,0.00,0.00,0.00,0.00,3953.00,1978.00,1976.00,0.00,1.00,0.00,0.00,0.00,0.00,0.00,0.00,3,2,1,0,0.00,0.00,0.00,0.00,0.00,0.00,0.00,0.00,0.00,0.00,0.00,0.00,0.00,0.00,0.00,0.00,0.00,0.00,0.00,0.00,0.00,0.00,0.00,0.00,0.00,0.00,0.00,0.00,0.00,0.00,0.00,0.00,0.00,0.00,0.00,0.00,0.00,0.00,0.00,0.00,0.00,0.00,0.00,0.00,0.00,0.00,0.00,0.00,0.00,0.00,0.00,0.00,0.00,47447.00,0.00,0.00,0.00,0.00,1995.37
0.00,0.00,0.50,0.00,0.50,0.00,8.96,0.00,0.00,90.05,0.00,350.00,0.00,0.00,0.00,0.00,0.00,0.00,23028.00,0.00,0.00,0.00,0.00,0.00,0.00,0.00,0.00,0.00,674596,1140364,1366124,66.94,47632,538660,3764896,184.49,848500,354148,152,616404,100932,7392,28792,0,0,0,0.00,0,0.00,0,0,0.00,26511,7616,36867,0,0,462,0.00,0.00,0.01,0,0.00,0.00,0.00,0.00,0.00,0.00,0.00,0.00,0.00,0.00,0.00,0.00,0.00,0.00,47786.00,1994.00,65376.46,112.94,0.00,0.00,0.00,0.00,0.00,0.00,0.00,0.00,0.00,0.00,0.00,0.00,0.00,0.00,0.00,0.00,0.00,0.00,0.00,0.00,0.00,0.00,0.00,0.00,0.00,0.00,0.00,0.00,0.00,0.00,720,3,5,0,0,0,47785.00,0.00,3983.00,1994.00,45793.00,1991.00,0.00,0.00,0.00,0.00,0.00,0.00,0.00,0.00,0.00,0.00,0.00,0.00,0.00,0.00,0.00,0.00,0.00,0.00,0.00,0.00,0.00,0.00,0.00,0.00,0.00,0.00,0.00,0.00,0.00,0.00,0.00,0.00,0.00,0.00,0.00,0.00,0.00,0.00,3982.00,1994.00,1992.00,0.00,3.00,0.00,0.00,0.00,0.00,0.00,0.00,3,2,1,0,0.00,0.00,0.00,0.00,0.00,0.00,0.00,0.00,0.00,0.00,0.00,0.00,0.00,0.00,0.00,0.00,0.00,0.00,0.00,0.00,0.00,0.00,0.00,0.00,0.00,0.00,0.00,0.00,0.00,0.00,0.00,0.00,0.00,0.00,0.00,0.00,0.00,0.00,0.00,0.00,0.00,0.00,0.00,0.00,0.00,0.00,0.00,0.00,0.00,0.00,0.00,0.00,0.00,47784.00,0.00,0.00,0.00,0.00,1995.37
0.00,0.00,0.00,5.58,0.00,0.00,7.61,0.00,0.00,86.80,0.00,357.00,0.00,0.00,0.00,12.00,0.00,0.00,23204.00,0.00,0.00,0.00,0.00,2.00,0.00,2.00,0.00,24.00,674500,1140268,1366220,66.95,47640,538676,3764896,184.49,848500,354148,168,616404,100932,7392,28792,0,0,0,0.00,0,0.00,0,0,0.00,26511,7616,36867,0,0,462,0.00,0.00,0.01,0,0.00,0.00,0.00,0.00,0.00,0.00,2.00,0.00,12.00,6.00,0.00,58.00,0.00,0.00,47187.00,1968.00,64555.75,111.47,0.00,0.00,0.00,0.00,0.00,0.00,0.00,1.00,0.00,0.00,0.00,0.00,0.00,0.00,0.00,0.00,0.00,0.00,0.00,0.00,0.00,0.00,0.00,0.00,0.00,0.00,0.00,0.00,0.00,0.00,720,3,5,0,0,0,47184.00,0.00,3931.00,1968.00,45218.00,1966.00,0.00,0.00,0.00,0.00,0.00,0.00,0.00,0.00,0.00,0.00,0.00,0.00,0.00,0.00,0.00,0.00,0.00,0.00,0.00,0.00,0.00,0.00,0.00,0.00,0.00,0.00,0.00,0.00,0.00,0.00,0.00,0.00,0.00,0.00,0.00,0.00,0.00,0.00,3931.00,1967.00,1965.00,0.00,2.00,0.00,0.00,0.00,0.00,0.00,0.00,3,2,1,0,0.00,0.00,0.00,0.00,0.00,0.00,0.00,0.00,0.00,0.00,0.00,0.00,0.00,0.00,0.00,0.00,0.00,0.00,0.00,0.00,0.00,0.00,0.00,0.00,0.00,0.00,0.00,0.00,0.00,0.00,0.00,0.00,0.00,0.00,0.00,0.00,0.00,0.00,0.00,0.00,0.00,0.00,0.00,0.00,0.00,0.00,0.00,0.00,0.00,0.00,0.00,0.00,0.00,47188.00,0.00,0.00,0.00,0.00,1995.37
0.00,0.00,0.50,0.00,0.00,0.00,7.54,0.00,0.00,91.96,0.00,346.00,0.00,0.00,0.00,0.00,0.00,0.00,22836.00,0.00,0.00,0.00,0.00,0.00,0.00,0.00,0.00,0.00,674376,1140144,1366344,66.95,47640,538692,3764896,184.49,848500,354148,184,616404,100932,7392,28792,0,0,0,0.00,0,0.00,0,0,0.00,26511,7616,36867,0,0,462,0.00,0.00,0.01,0,0.00,0.00,0.00,0.00,0.00,0.00,0.00,0.00,0.00,0.00,0.00,0.00,0.00,0.00,45223.00,1886.00,61863.34,106.82,0.00,0.00,0.00,0.00,0.00,0.00,0.00,0.00,0.00,0.00,0.00,0.00,0.00,0.00,0.00,0.00,0.00,0.00,0.00,0.00,0.00,0.00,0.00,0.00,0.00,0.00,0.00,0.00,0.00,0.00,720,3,5,0,0,0,45236.00,0.00,3766.00,1887.00,43355.00,1885.00,0.00,0.00,0.00,0.00,0.00,0.00,0.00,0.00,0.00,0.00,0.00,0.00,0.00,0.00,0.00,0.00,0.00,0.00,0.00,0.00,0.00,0.00,0.00,0.00,0.00,0.00,0.00,0.00,0.00,0.00,0.00,0.00,0.00,0.00,0.00,0.00,0.00,0.00,3765.00,1887.00,1881.00,0.00,2.00,0.00,0.00,0.00,0.00,0.00,0.00,3,2,1,0,0.00,0.00,0.00,0.00,0.00,0.00,0.00,0.00,0.00,0.00,0.00,0.00,0.00,0.00,0.00,0.00,0.00,0.00,0.00,0.00,0.00,0.00,0.00,0.00,0.00,0.00,0.00,0.00,0.00,0.00,0.00,0.00,0.00,0.00,0.00,0.00,0.00,0.00,0.00,0.00,0.00,0.00,0.00,0.00,0.00,0.00,0.00,0.00,0.00,0.00,0.00,0.00,0.00,45248.00,0.00,0.00,0.00,0.00,1995.37
0.50,0.00,0.00,0.00,0.00,0.00,9.41,0.00,0.00,90.10,0.00,355.00,0.00,0.00,0.00,0.00,0.00,0.00,21900.00,0.00,0.00,0.00,0.00,0.00,0.00,0.00,0.00,0.00,674376,1140200,1366344,66.95,47640,538708,3764896,184.49,848500,354204,200,616404,100936,7392,28792,0,0,0,0.00,0,0.00,0,0,0.00,26511,7616,36867,0,0,462,0.00,0.00,0.01,0,0.00,0.00,0.00,0.00,0.00,0.00,0.00,0.00,0.00,0.00,0.00,0.00,0.00,0.00,44598.00,1861.00,61009.52,105.40,0.00,0.00,0.00,0.00,0.00,0.00,0.00,1.00,0.00,0.00,0.00,0.00,0.00,0.00,0.00,0.00,0.00,0.00,0.00,0.00,0.00,0.00,0.00,0.00,0.00,0.00,0.00,0.00,0.00,0.00,720,3,5,0,0,0,44570.00,0.00,3716.00,1860.00,42711.00,1857.00,0.00,0.00,0.00,0.00,0.00,0.00,0.00,0.00,0.00,0.00,0.00,0.00,0.00,0.00,0.00,0.00,0.00,0.00,0.00,0.00,0.00,0.00,0.00,0.00,0.00,0.00,0.00,0.00,0.00,0.00,0.00,0.00,0.00,0.00,0.00,0.00,0.00,0.00,3717.00,1861.00,1858.00,0.00,3.00,0.00,0.00,0.00,0.00,0.00,0.00,3,2,1,0,0.00,0.00,0.00,0.00,0.00,0.00,0.00,0.00,0.00,0.00,0.00,0.00,0.00,0.00,0.00,0.00,0.00,0.00,0.00,0.00,0.00,0.00,0.00,0.00,0.00,0.00,0.00,0.00,0.00,0.00,0.00,0.00,0.00,0.00,0.00,0.00,0.00,0.00,0.00,0.00,0.00,0.00,0.00,0.00,0.00,0.00,0.00,0.00,0.00,0.00,0.00,0.00,0.00,44573.00,0.00,0.00,0.00,0.00,1995.37
0.00,0.00,0.00,0.00,0.50,0.00,7.04,0.00,0.00,92.46,0.00,339.00,0.00,0.00,0.00,0.00,0.00,0.00,21076.00,0.00,0.00,0.00,0.00,0.00,0.00,0.00,0.00,0.00,674376,1140200,1366344,66.95,47640,538724,3764896,184.49,848500,354204,216,616404,100936,7392,28792,0,0,0,0.00,0,0.00,0,0,0.00,26511,7616,36867,0,0,462,0.00,0.00,0.01,0,0.00,0.00,0.00,0.00,0.00,0.00,0.00,0.00,0.00,0.00,0.00,0.00,0.00,0.00,43181.00,1801.00,59072.28,102.01,0.00,0.00,0.00,0.00,0.00,0.00,0.00,0.00,0.00,0.00,0.00,0.00,0.00,0.00,0.00,0.00,0.00,0.00,0.00,0.00,0.00,0.00,0.00,0.00,0.00,0.00,0.00,0.00,0.00,0.00,720,3,5,0,0,0,43197.00,0.00,3596.00,1802.00,41400.00,1800.00,0.00,0.00,0.00,0.00,0.00,0.00,0.00,0.00,0.00,0.00,0.00,0.00,0.00,0.00,0.00,0.00,0.00,0.00,0.00,0.00,0.00,0.00,0.00,0.00,0.00,0.00,0.00,0.00,0.00,0.00,0.00,0.00,0.00,0.00,0.00,0.00,0.00,0.00,3596.00,1801.00,1797.00,0.00,2.00,0.00,0.00,0.00,0.00,0.00,0.00,3,2,1,0,0.00,0.00,0.00,0.00,0.00,0.00,0.00,0.00,0.00,0.00,0.00,0.00,0.00,0.00,0.00,0.00,0.00,0.00,0.00,0.00,0.00,0.00,0.00,0.00,0.00,0.00,0.00,0.00,0.00,0.00,0.00,0.00,0.00,0.00,0.00,0.00,0.00,0.00,0.00,0.00,0.00,0.00,0.00,0.00,0.00,0.00,0.00,0.00,0.00,0.00,0.00,0.00,0.00,43231.00,0.00,0.00,0.00,0.00,1995.37
0.49,0.00,0.00,0.00,0.00,0.00,9.80,0.00,0.00,89.71,0.00,351.00,0.00,0.00,0.00,0.00,0.00,0.00,20764.00,0.00,0.00,0.00,0.00,0.00,0.00,0.00,0.00,0.00,674312,1140136,1366408,66.96,47640,538740,3764896,184.49,848500,354204,232,616404,100936,7392,28792,0,0,0,0.00,0,0.00,0,0,0.00,26511,7616,36867,0,0,462,0.00,0.00,0.01,0,0.00,0.00,0.00,0.00,0.00,0.00,0.00,0.00,0.00,0.00,0.00,0.00,0.00,0.00,42030.00,1756.00,57496.07,99.46,0.00,0.00,0.00,0.00,0.00,0.00,0.00,1.00,0.00,0.00,0.00,0.00,0.00,0.00,0.00,0.00,0.00,0.00,0.00,0.00,0.00,0.00,0.00,0.00,0.00,0.00,0.00,0.00,0.00,0.00,720,3,5,0,0,0,42025.00,0.00,3503.00,1756.00,40273.00,1751.00,0.00,0.00,0.00,0.00,0.00,0.00,0.00,0.00,0.00,0.00,0.00,0.00,0.00,0.00,0.00,0.00,0.00,0.00,0.00,0.00,0.00,0.00,0.00,0.00,0.00,0.00,0.00,0.00,0.00,0.00,0.00,0.00,0.00,0.00,0.00,0.00,0.00,0.00,3506.00,1758.00,1753.00,0.00,5.00,0.00,0.00,0.00,0.00,0.00,0.00,3,2,1,0,0.00,0.00,0.00,0.00,0.00,0.00,0.00,0.00,0.00,0.00,0.00,0.00,0.00,0.00,0.00,0.00,0.00,0.00,0.00,0.00,0.00,0.00,0.00,0.00,0.00,0.00,0.00,0.00,0.00,0.00,0.00,0.00,0.00,0.00,0.00,0.00,0.00,0.00,0.00,0.00,0.00,0.00,0.00,0.00,0.00,0.00,0.00,0.00,0.00,0.00,0.00,0.00,0.00,42075.00,0.00,0.00,0.00,0.00,1995.37
0.00,0.00,0.50,0.50,0.00,0.00,8.46,0.00,0.00,90.55,0.00,369.00,0.00,0.00,0.00,12.00,0.00,0.00,20085.00,0.00,0.00,0.00,0.00,2.00,0.00,2.00,0.00,24.00,674408,1140288,1366312,66.95,47648,538756,3764896,184.49,848500,354260,248,616404,100936,7392,28792,0,0,0,0.00,0,0.00,0,0,0.00,26511,7616,36867,0,0,462,0.00,0.00,0.01,0,0.00,0.00,0.00,0.00,0.00,0.00,2.00,0.00,12.00,6.00,0.00,8.00,0.00,0.00,39658.00,1654.00,54245.54,93.68,0.00,0.00,0.00,0.00,0.00,0.00,0.00,0.00,0.00,0.00,0.00,0.00,0.00,0.00,0.00,0.00,0.00,0.00,0.00,0.00,0.00,0.00,0.00,0.00,0.00,0.00,0.00,0.00,0.00,0.00,720,3,5,0,0,0,39626.00,0.00,3304.00,1653.00,37973.00,1651.00,0.00,0.00,0.00,0.00,0.00,0.00,0.00,0.00,0.00,0.00,0.00,0.00,0.00,0.00,0.00,0.00,0.00,0.00,0.00,0.00,0.00,0.00,0.00,0.00,0.00,0.00,0.00,0.00,0.00,0.00,0.00,0.00,0.00,0.00,0.00,0.00,0.00,0.00,3300.00,1651.00,1652.00,0.00,2.00,0.00,0.00,0.00,0.00,0.00,0.00,3,2,1,0,0.00,0.00,0.00,0.00,0.00,0.00,0.00,0.00,0.00,0.00,0.00,0.00,0.00,0.00,0.00,0.00,0.00,0.00,0.00,0.00,0.00,0.00,0.00,0.00,0.00,0.00,0.00,0.00,0.00,0.00,0.00,0.00,0.00,0.00,0.00,0.00,0.00,0.00,0.00,0.00,0.00,0.00,0.00,0.00,0.00,0.00,0.00,0.00,0.00,0.00,0.00,0.00,0.00,39540.00,0.00,0.00,0.00,0.00,1995.37
0.00,0.00,0.00,0.00,0.00,0.00,8.00,0.00,0.00,92.00,0.00,348.00,0.00,0.00,0.00,0.00,0.00,0.00,20373.00,0.00,0.00,0.00,0.00,0.00,0.00,0.00,0.00,0.00,674376,1140256,1366344,66.95,47648,538772,3764896,184.49,848500,354260,264,616404,100936,7392,28792,0,0,0,0.00,0,0.00,0,0,0.00,26511,7616,36867,0,0,462,0.00,0.00,0.01,0,0.00,0.00,0.00,0.00,0.00,0.00,0.00,0.00,0.00,0.00,0.00,0.00,0.00,0.00,40900.00,1707.00,55952.80,96.67,0.00,0.00,0.00,0.00,0.00,0.00,0.00,1.00,0.00,0.00,0.00,0.00,0.00,0.00,0.00,0.00,0.00,0.00,0.00,0.00,0.00,0.00,0.00,0.00,0.00,0.00,0.00,0.00,0.00,0.00,720,3,5,0,0,0,40896.00,0.00,3407.00,1706.00,39192.00,1704.00,0.00,0.00,0.00,0.00,0.00,0.00,0.00,0.00,0.00,0.00,0.00,0.00,0.00,0.00,0.00,0.00,0.00,0.00,0.00,0.00,0.00,0.00,0.00,0.00,0.00,0.00,0.00,0.00,0.00,0.00,0.00,0.00,0.00,0.00,0.00,0.00,0.00,0.00,3409.00,1707.00,1703.00,0.00,2.00,0.00,0.00,0.00,0.00,0.00,0.00,3,2,1,0,0.00,0.00,0.00,0.00,0.00,0.00,0.00,0.00,0.00,0.00,0.00,0.00,0.00,0.00,0.00,0.00,0.00,0.00,0.00,0.00,0.00,0.00,0.00,0.00,0.00,0.00,0.00,0.00,0.00,0.00,0.00,0.00,0.00,0.00,0.00,0.00,0.00,0.00,0.00,0.00,0.00,0.00,0.00,0.00,0.00,0.00,0.00,0.00,0.00,0.00,0.00,0.00,0.00,40924.00,0.00,0.00,0.00,0.00,1995.37
0.50,0.00,0.50,0.00,0.50,0.00,7.00,0.00,0.00,91.50,0.00,347.00,0.00,0.00,0.00,0.00,0.00,0.00,19709.00,0.00,0.00,0.00,0.00,0.00,0.00,0.00,0.00,0.00,674440,1140320,1366280,66.95,47648,538784,3764896,184.49,848500,354260,276,616404,100936,7392,28792,0,0,0,0.00,0,0.00,0,0,0.00,26511,7616,36867,0,0,462,0.00,0.00,0.01,0,0.00,0.00,0.00,0.00,0.00,0.00,0.00,0.00,0.00,0.00,0.00,0.00,0.00,0.00,40710.00,1698.00,55690.62,96.18,0.00,0.00,0.00,0.00,0.00,0.00,0.00,0.00,0.00,0.00,0.00,0.00,0.00,0.00,0.00,0.00,0.00,0.00,0.00,0.00,0.00,0.00,0.00,0.00,0.00,0.00,0.00,0.00,0.00,0.00,720,3,5,0,0,0,40708.00,0.00,3392.00,1698.00,39008.00,1696.00,0.00,0.00,0.00,0.00,0.00,0.00,0.00,0.00,0.00,0.00,0.00,0.00,0.00,0.00,0.00,0.00,0.00,0.00,0.00,0.00,0.00,0.00,0.00,0.00,0.00,0.00,0.00,0.00,0.00,0.00,0.00,0.00,0.00,0.00,0.00,0.00,0.00,0.00,3388.00,1698.00,1692.00,0.00,2.00,0.00,0.00,0.00,0.00,0.00,0.00,3,2,1,0,0.00,0.00,0.00,0.00,0.00,0.00,0.00,0.00,0.00,0.00,0.00,0.00,0.00,0.00,0.00,0.00,0.00,0.00,0.00,0.00,0.00,0.00,0.00,0.00,0.00,0.00,0.00,0.00,0.00,0.00,0.00,0.00,0.00,0.00,0.00,0.00,0.00,0.00,0.00,0.00,0.00,0.00,0.00,0.00,0.00,0.00,0.00,0.00,0.00,0.00,0.00,0.00,0.00,40711.00,0.00,0.00,0.00,0.00,1995.37
0.50,0.00,0.00,0.00,0.00,0.00,7.50,0.00,0.00,92.00,0.00,347.00,0.00,0.00,0.00,0.00,0.00,0.00,19260.00,0.00,0.00,0.00,0.00,0.00,0.00,0.00,0.00,0.00,674440,1140320,1366280,66.95,47648,538800,3764896,184.49,848500,354260,292,616404,100936,7392,28792,0,0,0,0.00,0,0.00,0,0,0.00,26511,7616,36867,0,0,462,0.00,0.00,0.01,0,0.00,0.00,0.00,0.00,0.00,0.00,0.00,0.00,0.00,0.00,0.00,0.00,0.00,0.00,39219.00,1638.00,53654.09,92.78,0.00,0.00,0.00,0.00,0.00,0.00,0.00,1.00,0.00,0.00,0.00,0.00,0.00,0.00,0.00,0.00,0.00,0.00,0.00,0.00,0.00,0.00,0.00,0.00,0.00,0.00,0.00,0.00,0.00,0.00,720,3,5,0,0,0,39217.00,0.00,3269.00,1638.00,37582.00,1634.00,0.00,0.00,0.00,0.00,0.00,0.00,0.00,0.00,0.00,0.00,0.00,0.00,0.00,0.00,0.00,0.00,0.00,0.00,0.00,0.00,0.00,0.00,0.00,0.00,0.00,0.00,0.00,0.00,0.00,0.00,0.00,0.00,0.00,0.00,0.00,0.00,0.00,0.00,3270.00,1638.00,1636.00,0.00,4.00,0.00,0.00,0.00,0.00,0.00,0.00,3,2,1,0,0.00,0.00,0.00,0.00,0.00,0.00,0.00,0.00,0.00,0.00,0.00,0.00,0.00,0.00,0.00,0.00,0.00,0.00,0.00,0.00,0.00,0.00,0.00,0.00,0.00,0.00,0.00,0.00,0.00,0.00,0.00,0.00,0.00,0.00,0.00,0.00,0.00,0.00,0.00,0.00,0.00,0.00,0.00,0.00,0.00,0.00,0.00,0.00,0.00,0.00,0.00,0.00,0.00,39218.00,0.00,0.00,0.00,0.00,1995.37
0.00,0.00,0.00,0.00,0.00,0.00,9.36,0.00,0.00,90.64,0.00,354.00,0.00,0.00,0.00,0.00,0.00,0.00,19604.00,0.00,0.00,0.00,0.00,0.00,0.00,0.00,0.00,0.00,674316,1140252,1366404,66.96,47648,538816,3764896,184.49,848500,354316,308,616404,100936,7392,28792,0,0,0,0.00,0,0.00,0,0,0.00,26511,7616,36867,0,0,462,0.00,0.00,0.01,0,0.00,0.00,0.00,0.00,0.00,0.00,0.00,0.00,0.00,0.00,0.00,0.00,0.00,0.00,38739.00,1616.00,52997.50,91.53,0.00,0.00,0.00,0.00,0.00,0.00,0.00,0.00,0.00,0.00,0.00,0.00,0.00,0.00,0.00,0.00,0.00,0.00,0.00,0.00,0.00,0.00,0.00,0.00,0.00,0.00,0.00,0.00,0.00,0.00,720,3,5,0,0,0,38761.00,0.00,3230.00,1617.00,37145.00,1615.00,0.00,0.00,0.00,0.00,0.00,0.00,0.00,0.00,0.00,0.00,0.00,0.00,0.00,0.00,0.00,0.00,0.00,0.00,0.00,0.00,0.00,0.00,0.00,0.00,0.00,0.00,0.00,0.00,0.00,0.00,0.00,0.00,0.00,0.00,0.00,0.00,0.00,0.00,3227.00,1616.00,1613.00,0.00,2.00,0.00,0.00,0.00,0.00,0.00,0.00,3,2,1,0,0.00,0.00,0.00,0.00,0.00,0.00,0.00,0.00,0.00,0.00,0.00,0.00,0.00,0.00,0.00,0.00,0.00,0.00,0.00,0.00,0.00,0.00,0.00,0.00,0.00,0.00,0.00,0.00,0.00,0.00,0.00,0.00,0.00,0.00,0.00,0.00,0.00,0.00,0.00,0.00,0.00,0.00,0.00,0.00,0.00,0.00,0.00,0.00,0.00,0.00,0.00,0.00,0.00,38739.00,0.00,0.00,0.00,0.00,1995.37
0.49,0.00,0.49,2.91,0.00,0.00,9.22,0.00,0.00,86.89,0.00,379.00,0.00,0.00,0.00,12.00,0.00,0.00,19085.00,0.00,0.00,0.00,0.00,2.00,0.00,2.00,0.00,24.00,674284,1140220,1366436,66.96,47656,538832,3764896,184.49,848500,354316,324,616404,100936,7392,28792,0,0,0,0.00,0,0.00,0,0,0.00,26511,7616,36867,0,0,462,0.00,0.00,0.01,0,0.00,0.00,0.00,0.00,0.00,0.00,2.00,0.00,12.00,6.00,0.00,28.00,0.00,0.00,37922.00,1585.00,51880.89,89.78,0.00,0.00,0.00,0.00,0.00,0.00,0.00,1.00,0.00,0.00,0.00,0.00,0.00,0.00,0.00,0.00,0.00,0.00,0.00,0.00,0.00,0.00,0.00,0.00,0.00,0.00,0.00,0.00,0.00,0.00,720,3,5,0,0,0,37920.00,0.00,3160.00,1585.00,36340.00,1580.00,0.00,0.00,0.00,0.00,0.00,0.00,0.00,0.00,0.00,0.00,0.00,0.00,0.00,0.00,0.00,0.00,0.00,0.00,0.00,0.00,0.00,0.00,0.00,0.00,0.00,0.00,0.00,0.00,0.00,0.00,0.00,0.00,0.00,0.00,0.00,0.00,0.00,0.00,3163.00,1586.00,1582.00,0.00,5.00,0.00,0.00,0.00,0.00,0.00,0.00,3,2,1,0,0.00,0.00,0.00,0.00,0.00,0.00,0.00,0.00,0.00,0.00,0.00,0.00,0.00,0.00,0.00,0.00,0.00,0.00,0.00,0.00,0.00,0.00,0.00,0.00,0.00,0.00,0.00,0.00,0.00,0.00,0.00,0.00,0.00,0.00,0.00,0.00,0.00,0.00,0.00,0.00,0.00,0.00,0.00,0.00,0.00,0.00,0.00,0.00,0.00,0.00,0.00,0.00,0.00,38017.00,0.00,0.00,0.00,0.00,1995.37
0.00,0.00,0.00,0.00,0.51,0.00,6.57,0.00,0.00,92.93,0.00,335.00,0.00,0.00,0.00,0.00,0.00,0.00,18123.00,0.00,0.00,0.00,0.00,0.00,0.00,0.00,0.00,0.00,674284,1140220,1366436,66.96,47656,538848,3764896,184.49,848500,354316,340,616404,100936,7392,28792,0,0,0,0.00,0,0.00,0,0,0.00,26511,7616,36867,0,0,462,0.00,0.00,0.01,0,0.00,0.00,0.00,0.00,0.00,0.00,0.00,0.00,0.00,0.00,0.00,0.00,0.00,0.00,36270.00,1513.00,49615.45,85.68,0.00,0.00,0.00,0.00,0.00,0.00,0.00,0.00,0.00,0.00,0.00,0.00,0.00,0.00,0.00,0.00,0.00,0.00,0.00,0.00,0.00,0.00,0.00,0.00,0.00,0.00,0.00,0.00,0.00,0.00,720,3,5,0,0,0,36242.00,0.00,3022.00,1511.00,34730.00,1510.00,0.00,0.00,0.00,0.00,0.00,0.00,0.00,0.00,0.00,0.00,0.00,0.00,0.00,0.00,0.00,0.00,0.00,0.00,0.00,0.00,0.00,0.00,0.00,0.00,0.00,0.00,0.00,0.00,0.00,0.00,0.00,0.00,0.00,0.00,0.00,0.00,0.00,0.00,3019.00,1510.00,1510.00,0.00,1.00,0.00,0.00,0.00,0.00,0.00,0.00,3,2,1,0,0.00,0.00,0.00,0.00,0.00,0.00,0.00,0.00,0.00,0.00,0.00,0.00,0.00,0.00,0.00,0.00,0.00,0.00,0.00,0.00,0.00,0.00,0.00,0.00,0.00,0.00,0.00,0.00,0.00,0.00,0.00,0.00,0.00,0.00,0.00,0.00,0.00,0.00,0.00,0.00,0.00,0.00,0.00,0.00,0.00,0.00,0.00,0.00,0.00,0.00,0.00,0.00,0.00,36151.00,0.00,0.00,0.00,0.00,1995.37
0.49,0.00,0.00,0.00,0.00,0.00,8.37,0.00,0.00,91.13,0.00,367.00,0.00,0.00,0.00,0.00,0.00,0.00,17899.00,0.00,0.00,0.00,0.00,0.00,0.00,0.00,0.00,0.00,674376,1140316,1366344,66.95,47656,538864,3764896,184.49,848500,354316,356,616404,100940,7392,28792,0,0,0,0.00,0,0.00,0,0,0.00,26511,7616,36867,0,0,462,0.00,0.00,0.01,0,0.00,0.00,0.00,0.00,0.00,0.00,0.00,0.00,0.00,0.00,0.00,0.00,0.00,0.00,35528.00,1480.00,48597.77,83.83,0.00,0.00,0.00,0.00,0.00,0.00,0.00,1.00,0.00,0.00,0.00,0.00,0.00,0.00,0.00,0.00,0.00,0.00,0.00,0.00,0.00,0.00,0.00,0.00,0.00,0.00,0.00,0.00,0.00,0.00,720,3,5,0,0,0,35521.00,0.00,2960.00,1480.00,34040.00,1480.00,0.00,0.00,0.00,0.00,0.00,0.00,0.00,0.00,0.00,0.00,0.00,0.00,0.00,0.00,0.00,0.00,0.00,0.00,0.00,0.00,0.00,0.00,0.00,0.00,0.00,0.00,0.00,0.00,0.00,0.00,0.00,0.00,0.00,0.00,0.00,0.00,0.00,0.00,2961.00,1481.00,1480.00,0.00,0.00,0.00,0.00,0.00,0.00,0.00,0.00,3,2,1,0,0.00,0.00,0.00,0.00,0.00,0.00,0.00,0.00,0.00,0.00,0.00,0.00,0.00,0.00,0.00,0.00,0.00,0.00,0.00,0.00,0.00,0.00,0.00,0.00,0.00,0.00,0.00,0.00,0.00,0.00,0.00,0.00,0.00,0.00,0.00,0.00,0.00,0.00,0.00,0.00,0.00,0.00,0.00,0.00,0.00,0.00,0.00,0.00,0.00,0.00,0.00,0.00,0.00,35549.00,0.00,0.00,0.00,0.00,1995.37
0.49,0.00,0.00,0.00,0.00,0.00,8.37,0.00,0.00,91.13,0.00,350.00,0.00,0.00,0.00,0.00,0.00,0.00,17100.00,0.00,0.00,0.00,0.00,0.00,0.00,0.00,0.00,0.00,674312,1140308,1366408,66.96,47656,538880,3764896,184.49,848500,354372,372,616404,100940,7392,28792,0,0,0,0.00,0,0.00,0,0,0.00,26511,7616,36867,0,0,462,0.00,0.00,0.01,0,0.00,0.00,0.00,0.00,0.00,0.00,0.00,0.00,0.00,0.00,0.00,0.00,0.00,0.00,34372.00,1434.00,47021.31,81.22,0.00,0.00,0.00,0.00,0.00,0.00,0.00,0.00,0.00,0.00,0.00,0.00,0.00,0.00,0.00,0.00,0.00,0.00,0.00,0.00,0.00,0.00,0.00,0.00,0.00,0.00,0.00,0.00,0.00,0.00,720,3,5,0,0,0,34365.00,0.00,2861.00,1434.00,32936.00,1432.00,0.00,0.00,0.00,0.00,0.00,0.00,0.00,0.00,0.00,0.00,0.00,0.00,0.00,0.00,0.00,0.00,0.00,0.00,0.00,0.00,0.00,0.00,0.00,0.00,0.00,0.00,0.00,0.00,0.00,0.00,0.00,0.00,0.00,0.00,0.00,0.00,0.00,0.00,2860.00,1433.00,1429.00,0.00,2.00,0.00,0.00,0.00,0.00,0.00,0.00,3,2,1,0,0.00,0.00,0.00,0.00,0.00,0.00,0.00,0.00,0.00,0.00,0.00,0.00,0.00,0.00,0.00,0.00,0.00,0.00,0.00,0.00,0.00,0.00,0.00,0.00,0.00,0.00,0.00,0.00,0.00,0.00,0.00,0.00,0.00,0.00,0.00,0.00,0.00,0.00,0.00,0.00,0.00,0.00,0.00,0.00,0.00,0.00,0.00,0.00,0.00,0.00,0.00,0.00,0.00,34351.00,0.00,0.00,0.00,0.00,1995.37
0.00,0.00,0.49,0.00,0.00,0.00,8.82,0.00,0.00,90.69,0.00,353.00,0.00,0.00,0.00,0.00,0.00,0.00,15924.00,0.00,0.00,0.00,0.00,0.00,0.00,0.00,0.00,0.00,674344,1140340,1366376,66.96,47656,538896,3764896,184.49,848500,354372,388,616404,100940,7392,28792,0,0,0,0.00,0,0.00,0,0,0.00,26511,7616,36867,0,0,462,0.00,0.00,0.01,0,0.00,0.00,0.00,0.00,0.00,0.00,0.00,0.00,0.00,0.00,0.00,0.00,0.00,0.00,32141.00,1342.00,43967.61,76.01,0.00,0.00,0.00,0.00,0.00,0.00,0.00,1.00,0.00,0.00,0.00,0.00,0.00,0.00,0.00,0.00,0.00,0.00,0.00,0.00,0.00,0.00,0.00,0.00,0.00,0.00,0.00,0.00,0.00,0.00,720,3,5,0,0,0,32136.00,0.00,2678.00,1342.00,30797.00,1339.00,0.00,0.00,0.00,0.00,0.00,0.00,0.00,0.00,0.00,0.00,0.00,0.00,0.00,0.00,0.00,0.00,0.00,0.00,0.00,0.00,0.00,0.00,0.00,0.00,0.00,0.00,0.00,0.00,0.00,0.00,0.00,0.00,0.00,0.00,0.00,0.00,0.00,0.00,2678.00,1342.00,1339.00,0.00,3.00,0.00,0.00,0.00,0.00,0.00,0.00,3,2,1,0,0.00,0.00,0.00,0.00,0.00,0.00,0.00,0.00,0.00,0.00,0.00,0.00,0.00,0.00,0.00,0.00,0.00,0.00,0.00,0.00,0.00,0.00,0.00,0.00,0.00,0.00,0.00,0.00,0.00,0.00,0.00,0.00,0.00,0.00,0.00,0.00,0.00,0.00,0.00,0.00,0.00,0.00,0.00,0.00,0.00,0.00,0.00,0.00,0.00,0.00,0.00,0.00,0.00,32141.00,0.00,0.00,0.00,0.00,1995.37
0.00,0.00,0.00,5.00,0.50,0.00,7.00,0.00,0.00,87.50,0.00,354.00,0.00,0.00,0.00,12.00,0.00,0.00,16165.00,0.00,0.00,0.00,0.00,2.00,0.00,2.00,0.00,24.00,674312,1140308,1366408,66.96,47664,538912,3764896,184.49,848500,354372,404,616404,100940,7392,28792,0,0,0,0.00,0,0.00,0,0,0.00,26511,7616,36867,0,0,462,0.00,0.00,0.01,0,0.00,0.00,0.00,0.00,0.00,0.00,2.00,0.00,12.00,6.00,0.00,54.00,0.00,0.00,32260.00,1346.00,44131.86,76.23,0.00,0.00,0.00,0.00,0.00,0.00,0.00,0.00,0.00,0.00,0.00,0.00,0.00,0.00,0.00,0.00,0.00,0.00,0.00,0.00,0.00,0.00,0.00,0.00,0.00,0.00,0.00,0.00,0.00,0.00,720,3,5,0,0,0,32256.00,0.00,2687.00,1346.00,30912.00,1344.00,0.00,0.00,0.00,0.00,0.00,0.00,0.00,0.00,0.00,0.00,0.00,0.00,0.00,0.00,0.00,0.00,0.00,0.00,0.00,0.00,0.00,0.00,0.00,0.00,0.00,0.00,0.00,0.00,0.00,0.00,0.00,0.00,0.00,0.00,0.00,0.00,0.00,0.00,2687.00,1346.00,1343.00,0.00,2.00,0.00,0.00,0.00,0.00,0.00,0.00,3,2,1,0,0.00,0.00,0.00,0.00,0.00,0.00,0.00,0.00,0.00,0.00,0.00,0.00,0.00,0.00,0.00,0.00,0.00,0.00,0.00,0.00,0.00,0.00,0.00,0.00,0.00,0.00,0.00,0.00,0.00,0.00,0.00,0.00,0.00,0.00,0.00,0.00,0.00,0.00,0.00,0.00,0.00,0.00,0.00,0.00,0.00,0.00,0.00,0.00,0.00,0.00,0.00,0.00,0.00,32283.00,0.00,0.00,0.00,0.00,1995.37
0.49,0.00,0.00,0.00,0.00,0.00,7.88,0.00,0.00,91.63,0.00,348.00,0.00,0.00,0.00,0.00,0.00,0.00,15605.00,0.00,0.00,0.00,0.00,0.00,0.00,0.00,0.00,0.00,674376,1140428,1366344,66.95,47664,538924,3764896,184.49,848500,354428,416,616404,100940,7392,28792,0,0,0,0.00,0,0.00,0,0,0.00,26511,7616,36867,0,0,462,0.00,0.00,0.00,0,0.00,0.00,0.00,0.00,0.00,0.00,0.00,0.00,0.00,0.00,0.00,0.00,0.00,0.00,30794.00,1286.00,42128.62,72.84,0.00,0.00,0.00,0.00,0.00,0.00,0.00,1.00,0.00,0.00,0.00,0.00,0.00,0.00,0.00,0.00,0.00,0.00,0.00,0.00,0.00,0.00,0.00,0.00,0.00,0.00,0.00,0.00,0.00,0.00,720,3,5,0,0,0,30815.00,0.00,2567.00,1287.00,29532.00,1284.00,0.00,0.00,0.00,0.00,0.00,0.00,0.00,0.00,0.00,0.00,0.00,0.00,0.00,0.00,0.00,0.00,0.00,0.00,0.00,0.00,0.00,0.00,0.00,0.00,0.00,0.00,0.00,0.00,0.00,0.00,0.00,0.00,0.00,0.00,0.00,0.00,0.00,0.00,2570.00,1288.00,1285.00,0.00,3.00,0.00,0.00,0.00,0.00,0.00,0.00,3,2,1,0,0.00,0.00,0.00,0.00,0.00,0.00,0.00,0.00,0.00,0.00,0.00,0.00,0.00,0.00,0.00,0.00,0.00,0.00,0.00,0.00,0.00,0.00,0.00,0.00,0.00,0.00,0.00,0.00,0.00,0.00,0.00,0.00,0.00,0.00,0.00,0.00,0.00,0.00,0.00,0.00,0.00,0.00,0.00,0.00,0.00,0.00,0.00,0.00,0.00,0.00,0.00,0.00,0.00,30817.00,0.00,0.00,0.00,0.00,1995.37
0.51,0.00,0.00,0.00,0.00,0.00,5.58,0.00,0.00,93.91,0.00,324.00,0.00,0.00,0.00,0.00,0.00,0.00,15053.00,0.00,0.00,0.00,0.00,0.00,0.00,0.00,0.00,0.00,674252,1140304,1366468,66.96,47664,538940,3764896,184.49,848500,354428,432,616404,100940,7392,28792,0,0,0,0.00,0,0.00,0,0,0.00,26511,7616,36867,0,0,462,0.00,0.00,0.00,0,0.00,0.00,0.00,0.00,0.00,0.00,0.00,0.00,0.00,0.00,0.00,0.00,0.00,0.00,29981.00,1250.00,41012.38,70.80,0.00,0.00,0.00,0.00,0.00,0.00,0.00,0.00,0.00,0.00,0.00,0.00,0.00,0.00,0.00,0.00,0.00,0.00,0.00,0.00,0.00,0.00,0.00,0.00,0.00,0.00,0.00,0.00,0.00,0.00,720,3,5,0,0,0,29952.00,0.00,2496.00,1249.00,28704.00,1248.00,0.00,0.00,0.00,0.00,0.00,0.00,0.00,0.00,0.00,0.00,0.00,0.00,0.00,0.00,0.00,0.00,0.00,0.00,0.00,0.00,0.00,0.00,0.00,0.00,0.00,0.00,0.00,0.00,0.00,0.00,0.00,0.00,0.00,0.00,0.00,0.00,0.00,0.00,2494.00,1248.00,1247.00,0.00,1.00,0.00,0.00,0.00,0.00,0.00,0.00,3,2,1,0,0.00,0.00,0.00,0.00,0.00,0.00,0.00,0.00,0.00,0.00,0.00,0.00,0.00,0.00,0.00,0.00,0.00,0.00,0.00,0.00,0.00,0.00,0.00,0.00,0.00,0.00,0.00,0.00,0.00,0.00,0.00,0.00,0.00,0.00,0.00,0.00,0.00,0.00,0.00,0.00,0.00,0.00,0.00,0.00,0.00,0.00,0.00,0.00,0.00,0.00,0.00,0.00,0.00,29959.00,0.00,0.00,0.00,0.00,1995.37
0.50,0.00,0.50,0.00,0.50,0.00,6.44,0.00,0.00,92.08,0.00,327.00,0.00,0.00,0.00,0.00,0.00,0.00,14612.00,0.00,0.00,0.00,0.00,0.00,0.00,0.00,0.00,0.00,674220,1140272,1366500,66.96,47664,538956,3764896,184.49,848500,354428,448,616404,100940,7392,28792,0,0,0,0.00,0,0.00,0,0,0.00,26511,7616,36867,0,0,462,0.00,0.00,0.00,0,0.00,0.00,0.00,0.00,0.00,0.00,0.00,0.00,0.00,0.00,0.00,0.00,0.00,0.00,29260.00,1220.00,40027.36,69.10,0.00,0.00,0.00,0.00,0.00,0.00,0.00,1.00,0.00,0.00,0.00,0.00,0.00,0.00,0.00,0.00,0.00,0.00,0.00,0.00,0.00,0.00,0.00,0.00,0.00,0.00,0.00,0.00,0.00,0.00,720,3,5,0,0,0,29256.00,0.00,2437.00,1220.00,28037.00,1219.00,0.00,0.00,0.00,0.00,0.00,0.00,0.00,0.00,0.00,0.00,0.00,0.00,0.00,0.00,0.00,0.00,0.00,0.00,0.00,0.00,0.00,0.00,0.00,0.00,0.00,0.00,0.00,0.00,0.00,0.00,0.00,0.00,0.00,0.00,0.00,0.00,0.00,0.00,2437.00,1220.00,1219.00,0.00,1.00,0.00,0.00,0.00,0.00,0.00,0.00,3,2,1,0,0.00,0.00,0.00,0.00,0.00,0.00,0.00,0.00,0.00,0.00,0.00,0.00,0.00,0.00,0.00,0.00,0.00,0.00,0.00,0.00,0.00,0.00,0.00,0.00,0.00,0.00,0.00,0.00,0.00,0.00,0.00,0.00,0.00,0.00,0.00,0.00,0.00,0.00,0.00,0.00,0.00,0.00,0.00,0.00,0.00,0.00,0.00,0.00,0.00,0.00,0.00,0.00,0.00,29237.00,0.00,0.00,0.00,0.00,1995.37
0.00,0.00,0.50,0.00,0.00,0.00,7.43,0.00,0.00,92.08,0.00,334.65,0.00,0.00,0.00,0.00,0.00,0.00,14150.50,0.00,0.00,0.00,0.00,0.00,0.00,0.00,0.00,0.00,674284,1140336,1366436,66.96,47664,538972,3764896,184.49,848500,354428,464,616404,100940,7392,28792,0,0,0,0.00,0,0.00,0,0,0.00,26511,7616,36867,0,0,462,0.00,0.00,0.00,0,0.00,0.00,0.00,0.00,0.00,0.00,0.00,0.00,0.00,0.00,0.00,0.00,0.00,0.00,28498.02,1188.12,38980.86,67.30,0.00,0.00,0.00,0.00,0.00,0.00,0.00,0.00,0.00,0.00,0.00,0.00,0.00,0.00,0.00,0.00,0.00,0.00,0.00,0.00,0.00,0.00,0.00,0.00,0.00,0.00,0.00,0.00,0.00,0.00,720,3,5,0,0,0,28518.81,0.00,2380.20,1189.11,27326.73,1188.12,0.00,0.00,0.00,0.00,0.00,0.00,0.00,0.00,0.00,0.00,0.00,0.00,0.00,0.00,0.00,0.00,0.00,0.00,0.00,0.00,0.00,0.00,0.00,0.00,0.00,0.00,0.00,0.00,0.00,0.00,0.00,0.00,0.00,0.00,0.00,0.00,0.00,0.00,2379.21,1189.11,1190.10,0.00,0.99,0.00,0.00,0.00,0.00,0.00,0.00,3,2,1,0,0.00,0.00,0.00,0.00,0.00,0.00,0.00,0.00,0.00,0.00,0.00,0.00,0.00,0.00,0.00,0.00,0.00,0.00,0.00,0.00,0.00,0.00,0.00,0.00,0.00,0.00,0.00,0.00,0.00,0.00,0.00,0.00,0.00,0.00,0.00,0.00,0.00,0.00,0.00,0.00,0.00,0.00,0.00,0.00,0.00,0.00,0.00,0.00,0.00,0.00,0.00,0.00,0.00,28517.82,0.00,0.00,0.00,0.00,1995.37
0.00,0.00,0.00,1.52,0.00,0.00,5.56,0.00,0.00,92.93,0.00,343.00,0.00,0.00,0.00,12.00,0.00,0.00,14333.00,0.00,0.00,0.00,0.00,2.00,0.00,2.00,0.00,24.00,674188,1140296,1366532,66.96,47672,538988,3764896,184.49,848500,354484,480,616404,100940,7392,28792,0,0,0,0.00,0,0.00,0,0,0.00,26511,7616,36867,0,0,462,0.00,0.00,0.00,0,0.00,0.00,0.00,0.00,0.00,0.00,2.00,0.00,12.00,6.00,0.00,16.00,0.00,0.00,28346.00,1184.00,38780.58,67.06,0.00,0.00,0.00,0.00,0.00,0.00,0.00,1.00,0.00,0.00,0.00,0.00,0.00,0.00,0.00,0.00,0.00,0.00,0.00,0.00,0.00,0.00,0.00,0.00,0.00,0.00,0.00,0.00,0.00,0.00,720,3,5,0,0,0,28321.00,0.00,2361.00,1183.00,27140.00,1180.00,0.00,0.00,0.00,0.00,0.00,0.00,0.00,0.00,0.00,0.00,0.00,0.00,0.00,0.00,0.00,0.00,0.00,0.00,0.00,0.00,0.00,0.00,0.00,0.00,0.00,0.00,0.00,0.00,0.00,0.00,0.00,0.00,0.00,0.00,0.00,0.00,0.00,0.00,2360.00,1183.00,1180.00,0.00,3.00,0.00,0.00,0.00,0.00,0.00,0.00,3,2,1,0,0.00,0.00,0.00,0.00,0.00,0.00,0.00,0.00,0.00,0.00,0.00,0.00,0.00,0.00,0.00,0.00,0.00,0.00,0.00,0.00,0.00,0.00,0.00,0.00,0.00,0.00,0.00,0.00,0.00,0.00,0.00,0.00,0.00,0.00,0.00,0.00,0.00,0.00,0.00,0.00,0.00,0.00,0.00,0.00,0.00,0.00,0.00,0.00,0.00,0.00,0.00,0.00,0.00,28324.00,0.00,0.00,0.00,0.00,1995.37
0.49,0.00,0.00,0.00,0.49,0.00,6.90,0.00,0.00,92.12,0.00,339.00,0.00,0.00,0.00,488.00,0.00,0.00,13075.00,0.00,0.00,0.00,0.00,2.00,0.00,2.00,0.00,976.00,674156,1140304,1366564,66.96,47672,539004,3764896,184.49,848544,354484,8,616404,100940,7392,28792,0,0,0,0.00,0,0.00,0,0,0.00,26511,7616,36867,0,0,462,0.00,0.00,0.00,0,0.00,0.00,0.00,0.00,0.00,0.00,2.00,0.00,488.00,244.00,0.00,0.00,0.00,0.00,26481.00,1104.00,36218.71,62.53,0.00,0.00,0.00,0.00,0.00,0.00,0.00,2.00,0.00,0.00,0.00,0.00,0.00,0.00,0.00,0.00,0.00,0.00,0.00,0.00,0.00,0.00,0.00,0.00,0.00,0.00,0.00,0.00,0.00,0.00,720,3,5,0,0,0,26472.00,0.00,2205.00,1104.00,25369.00,1103.00,0.00,0.00,0.00,0.00,0.00,0.00,0.00,0.00,0.00,0.00,0.00,0.00,0.00,0.00,0.00,0.00,0.00,0.00,0.00,0.00,0.00,0.00,0.00,0.00,0.00,0.00,0.00,0.00,0.00,0.00,0.00,0.00,0.00,0.00,0.00,0.00,0.00,0.00,2205.00,1104.00,1102.00,0.00,1.00,0.00,0.00,0.00,0.00,0.00,0.00,3,2,1,0,0.00,0.00,0.00,0.00,0.00,0.00,0.00,0.00,0.00,0.00,0.00,0.00,0.00,0.00,0.00,0.00,0.00,0.00,0.00,0.00,0.00,0.00,0.00,0.00,0.00,0.00,0.00,0.00,0.00,0.00,0.00,0.00,0.00,0.00,0.00,0.00,0.00,0.00,0.00,0.00,0.00,0.00,0.00,0.00,0.00,0.00,0.00,0.00,0.00,0.00,0.00,0.00,0.00,26481.00,0.00,0.00,0.00,0.00,1995.37
0.00,0.00,0.00,0.00,0.00,0.00,5.08,0.00,0.00,94.92,0.00,319.00,0.00,0.00,0.00,0.00,0.00,0.00,12835.00,0.00,0.00,0.00,0.00,0.00,0.00,0.00,0.00,0.00,674316,1140464,1366404,66.96,47672,539020,3764896,184.49,848544,354484,28,616404,100944,7392,28792,0,0,0,0.00,0,0.00,0,0,0.00,26511,7616,36867,0,0,462,0.00,0.00,0.00,0,0.00,0.00,0.00,0.00,0.00,0.00,0.00,0.00,0.00,0.00,0.00,0.00,0.00,0.00,25999.00,1086.00,35561.71,61.51,0.00,0.00,0.00,0.00,0.00,0.00,0.00,1.00,0.00,0.00,0.00,0.00,0.00,0.00,0.00,0.00,0.00,0.00,0.00,0.00,0.00,0.00,0.00,0.00,0.00,0.00,0.00,0.00,0.00,0.00,720,3,5,0,0,0,26018.00,0.00,2170.00,1087.00,24932.00,1084.00,0.00,0.00,0.00,0.00,0.00,0.00,0.00,0.00,0.00,0.00,0.00,0.00,0.00,0.00,0.00,0.00,0.00,0.00,0.00,0.00,0.00,0.00,0.00,0.00,0.00,0.00,0.00,0.00,0.00,0.00,0.00,0.00,0.00,0.00,0.00,0.00,0.00,0.00,2171.00,1088.00,1086.00,0.00,3.00,0.00,0.00,0.00,0.00,0.00,0.00,3,2,1,0,0.00,0.00,0.00,0.00,0.00,0.00,0.00,0.00,0.00,0.00,0.00,0.00,0.00,0.00,0.00,0.00,0.00,0.00,0.00,0.00,0.00,0.00,0.00,0.00,0.00,0.00,0.00,0.00,0.00,0.00,0.00,0.00,0.00,0.00,0.00,0.00,0.00,0.00,0.00,0.00,0.00,0.00,0.00,0.00,0.00,0.00,0.00,0.00,0.00,0.00,0.00,0.00,0.00,26044.00,0.00,0.00,0.00,0.00,1995.37
0.51,0.00,0.00,0.00,0.51,0.00,5.05,0.00,0.00,93.94,0.00,319.00,0.00,0.00,0.00,0.00,0.00,0.00,12060.00,0.00,0.00,0.00,0.00,0.00,0.00,0.00,0.00,0.00,674224,1140428,1366496,66.96,47672,539036,3764896,184.49,848544,354540,44,616404,100944,7392,28792,0,0,0,0.00,0,0.00,0,0,0.00,26511,7616,36867,0,0,462,0.00,0.00,0.00,0,0.00,0.00,0.00,0.00,0.00,0.00,0.00,0.00,0.00,0.00,0.00,0.00,0.00,0.00,25253.00,1054.00,34543.70,59.70,0.00,0.00,0.00,0.00,0.00,0.00,0.00,0.00,0.00,0.00,0.00,0.00,0.00,0.00,0.00,0.00,0.00,0.00,0.00,0.00,0.00,0.00,0.00,0.00,0.00,0.00,0.00,0.00,0.00,0.00,720,3,5,0,0,0,25225.00,0.00,2103.00,1053.00,24173.00,1051.00,0.00,0.00,0.00,0.00,0.00,0.00,0.00,0.00,0.00,0.00,0.00,0.00,0.00,0.00,0.00,0.00,0.00,0.00,0.00,0.00,0.00,0.00,0.00,0.00,0.00,0.00,0.00,0.00,0.00,0.00,0.00,0.00,0.00,0.00,0.00,0.00,0.00,0.00,2102.00,1052.00,1052.00,0.00,2.00,0.00,0.00,0.00,0.00,0.00,0.00,3,2,1,0,0.00,0.00,0.00,0.00,0.00,0.00,0.00,0.00,0.00,0.00,0.00,0.00,0.00,0.00,0.00,0.00,0.00,0.00,0.00,0.00,0.00,0.00,0.00,0.00,0.00,0.00,0.00,0.00,0.00,0.00,0.00,0.00,0.00,0.00,0.00,0.00,0.00,0.00,0.00,0.00,0.00,0.00,0.00,0.00,0.00,0.00,0.00,0.00,0.00,0.00,0.00,0.00,0.00,25230.00,0.00,0.00,0.00,0.00,1995.37
0.00,0.00,0.00,0.00,0.00,0.00,6.93,0.00,0.00,93.07,0.00,342.00,0.00,0.00,0.00,0.00,0.00,0.00,11876.00,0.00,0.00,0.00,0.00,0.00,0.00,0.00,0.00,0.00,674064,1140268,1366656,66.97,47672,539048,3764896,184.49,848544,354540,56,616404,100944,7392,28792,0,0,0,0.00,0,0.00,0,0,0.00,26511,7616,36867,0,0,462,0.00,0.00,0.00,0,0.00,0.00,0.00,0.00,0.00,0.00,0.00,0.00,0.00,0.00,0.00,0.00,0.00,0.00,24535.00,1022.00,33558.85,57.89,0.00,0.00,0.00,0.00,0.00,0.00,0.00,1.00,0.00,0.00,0.00,0.00,0.00,0.00,0.00,0.00,0.00,0.00,0.00,0.00,0.00,0.00,0.00,0.00,0.00,0.00,0.00,0.00,0.00,0.00,720,3,5,0,0,0,24529.00,0.00,2044.00,1022.00,23506.00,1022.00,0.00,0.00,0.00,0.00,0.00,0.00,0.00,0.00,0.00,0.00,0.00,0.00,0.00,0.00,0.00,0.00,0.00,0.00,0.00,0.00,0.00,0.00,0.00,0.00,0.00,0.00,0.00,0.00,0.00,0.00,0.00,0.00,0.00,0.00,0.00,0.00,0.00,0.00,2045.00,1023.00,1022.00,0.00,0.00,0.00,0.00,0.00,0.00,0.00,0.00,3,2,1,0,0.00,0.00,0.00,0.00,0.00,0.00,0.00,0.00,0.00,0.00,0.00,0.00,0.00,0.00,0.00,0.00,0.00,0.00,0.00,0.00,0.00,0.00,0.00,0.00,0.00,0.00,0.00,0.00,0.00,0.00,0.00,0.00,0.00,0.00,0.00,0.00,0.00,0.00,0.00,0.00,0.00,0.00,0.00,0.00,0.00,0.00,0.00,0.00,0.00,0.00,0.00,0.00,0.00,24512.00,0.00,0.00,0.00,0.00,1995.37
0.51,0.00,0.00,1.52,0.00,0.00,5.05,0.00,0.00,92.93,0.00,333.00,0.00,0.00,0.00,24.00,0.00,0.00,11275.00,0.00,0.00,0.00,0.00,2.00,0.00,2.00,0.00,48.00,674256,1140460,1366464,66.96,47680,539064,3764896,184.49,848544,354540,76,616404,100944,7392,28792,0,0,0,0.00,0,0.00,0,0,0.00,26511,7616,36867,0,0,462,0.00,0.00,0.00,0,0.00,0.00,0.00,0.00,0.00,0.00,2.00,0.00,24.00,12.00,0.00,20.00,0.00,0.00,23214.00,969.00,31752.71,54.88,0.00,0.00,0.00,0.00,0.00,0.00,0.00,0.00,0.00,0.00,0.00,0.00,0.00,0.00,0.00,0.00,0.00,0.00,0.00,0.00,0.00,0.00,0.00,0.00,0.00,0.00,0.00,0.00,0.00,0.00,720,3,5,0,0,0,23206.00,0.00,1932.00,969.00,22241.00,967.00,0.00,0.00,0.00,0.00,0.00,0.00,0.00,0.00,0.00,0.00,0.00,0.00,0.00,0.00,0.00,0.00,0.00,0.00,0.00,0.00,0.00,0.00,0.00,0.00,0.00,0.00,0.00,0.00,0.00,0.00,0.00,0.00,0.00,0.00,0.00,0.00,0.00,0.00,1931.00,968.00,965.00,0.00,2.00,0.00,0.00,0.00,0.00,0.00,0.00,3,2,1,0,0.00,0.00,0.00,0.00,0.00,0.00,0.00,0.00,0.00,0.00,0.00,0.00,0.00,0.00,0.00,0.00,0.00,0.00,0.00,0.00,0.00,0.00,0.00,0.00,0.00,0.00,0.00,0.00,0.00,0.00,0.00,0.00,0.00,0.00,0.00,0.00,0.00,0.00,0.00,0.00,0.00,0.00,0.00,0.00,0.00,0.00,0.00,0.00,0.00,0.00,0.00,0.00,0.00,23193.00,0.00,0.00,0.00,0.00,1995.37
0.00,0.00,0.50,0.00,0.50,0.00,5.94,0.00,0.00,93.07,0.00,323.00,0.00,0.00,0.00,12.00,0.00,0.00,10924.00,0.00,0.00,0.00,0.00,3.00,0.00,3.00,0.00,24.00,674096,1140300,1366624,66.97,47680,539080,3764896,184.49,848544,354540,92,616404,100944,7392,28792,0,0,0,0.00,0,0.00,0,0,0.00,26511,7616,36867,0,0,462,0.00,0.00,0.00,0,0.00,0.00,0.00,0.00,0.00,0.00,3.00,0.00,12.00,4.00,0.00,0.00,0.00,0.00,22399.00,933.00,30636.33,52.84,0.00,0.00,0.00,0.00,0.00,0.00,0.00,1.00,0.00,0.00,0.00,0.00,0.00,0.00,0.00,0.00,0.00,0.00,0.00,0.00,0.00,0.00,0.00,0.00,0.00,0.00,0.00,0.00,0.00,0.00,720,3,5,0,0,0,22393.00,0.00,1867.00,933.00,21459.00,933.00,0.00,0.00,0.00,0.00,0.00,0.00,0.00,0.00,0.00,0.00,0.00,0.00,0.00,0.00,0.00,0.00,0.00,0.00,0.00,0.00,0.00,0.00,0.00,0.00,0.00,0.00,0.00,0.00,0.00,0.00,0.00,0.00,0.00,0.00,0.00,0.00,0.00,0.00,1867.00,933.00,934.00,0.00,0.00,0.00,0.00,0.00,0.00,0.00,0.00,3,2,1,0,0.00,0.00,0.00,0.00,0.00,0.00,0.00,0.00,0.00,0.00,0.00,0.00,0.00,0.00,0.00,0.00,0.00,0.00,0.00,0.00,0.00,0.00,0.00,0.00,0.00,0.00,0.00,0.00,0.00,0.00,0.00,0.00,0.00,0.00,0.00,0.00,0.00,0.00,0.00,0.00,0.00,0.00,0.00,0.00,0.00,0.00,0.00,0.00,0.00,0.00,0.00,0.00,0.00,22398.00,0.00,0.00,0.00,0.00,1995.37
0.00,0.00,0.00,0.00,0.00,0.00,6.47,0.00,0.00,93.53,0.00,339.00,0.00,0.00,0.00,0.00,0.00,0.00,10246.00,0.00,0.00,0.00,0.00,0.00,0.00,0.00,0.00,0.00,674096,1140356,1366624,66.97,47680,539096,3764896,184.49,848552,354588,96,616404,100944,7392,28792,0,0,0,0.00,0,0.00,0,0,0.00,26511,7616,36867,0,0,462,0.00,0.00,0.00,0,0.00,0.00,0.00,0.00,0.00,0.00,0.00,0.00,0.00,0.00,0.00,0.00,0.00,0.00,20938.00,874.00,28633.63,49.49,0.00,0.00,0.00,0.00,0.00,0.00,0.00,0.00,0.00,0.00,0.00,0.00,0.00,0.00,0.00,0.00,0.00,0.00,0.00,0.00,0.00,0.00,0.00,0.00,0.00,0.00,0.00,0.00,0.00,0.00,720,3,5,0,0,0,20931.00,0.00,1746.00,873.00,20056.00,872.00,0.00,0.00,0.00,0.00,0.00,0.00,0.00,0.00,0.00,0.00,0.00,0.00,0.00,0.00,0.00,0.00,0.00,0.00,0.00,0.00,0.00,0.00,0.00,0.00,0.00,0.00,0.00,0.00,0.00,0.00,0.00,0.00,0.00,0.00,0.00,0.00,0.00,0.00,1747.00,874.00,874.00,0.00,1.00,0.00,0.00,0.00,0.00,0.00,0.00,3,2,1,0,0.00,0.00,0.00,0.00,0.00,0.00,0.00,0.00,0.00,0.00,0.00,0.00,0.00,0.00,0.00,0.00,0.00,0.00,0.00,0.00,0.00,0.00,0.00,0.00,0.00,0.00,0.00,0.00,0.00,0.00,0.00,0.00,0.00,0.00,0.00,0.00,0.00,0.00,0.00,0.00,0.00,0.00,0.00,0.00,0.00,0.00,0.00,0.00,0.00,0.00,0.00,0.00,0.00,20983.00,0.00,0.00,0.00,0.00,1995.37
0.51,0.00,0.00,0.00,0.00,0.00,3.57,0.00,0.00,95.92,0.00,313.00,0.00,0.00,0.00,0.00,0.00,0.00,11324.00,0.00,0.00,0.00,0.00,0.00,0.00,0.00,0.00,0.00,674096,1140356,1366624,66.97,47680,539112,3764896,184.49,848552,354588,112,616404,100944,7392,28792,0,0,0,0.00,0,0.00,0,0,0.00,26511,7616,36867,0,0,462,0.00,0.00,0.00,0,0.00,0.00,0.00,0.00,0.00,0.00,0.00,0.00,0.00,0.00,0.00,0.00,0.00,0.00,23305.00,971.00,31883.77,55.00,0.00,0.00,0.00,0.00,0.00,0.00,0.00,1.00,0.00,0.00,0.00,0.00,0.00,0.00,0.00,0.00,0.00,0.00,0.00,0.00,0.00,0.00,0.00,0.00,0.00,0.00,0.00,0.00,0.00,0.00,720,3,5,0,0,0,23325.00,0.00,1941.00,972.00,22356.00,972.00,0.00,0.00,0.00,0.00,0.00,0.00,0.00,0.00,0.00,0.00,0.00,0.00,0.00,0.00,0.00,0.00,0.00,0.00,0.00,0.00,0.00,0.00,0.00,0.00,0.00,0.00,0.00,0.00,0.00,0.00,0.00,0.00,0.00,0.00,0.00,0.00,0.00,0.00,1940.00,971.00,969.00,0.00,0.00,0.00,0.00,0.00,0.00,0.00,0.00,3,2,1,0,0.00,0.00,0.00,0.00,0.00,0.00,0.00,0.00,0.00,0.00,0.00,0.00,0.00,0.00,0.00,0.00,0.00,0.00,0.00,0.00,0.00,0.00,0.00,0.00,0.00,0.00,0.00,0.00,0.00,0.00,0.00,0.00,0.00,0.00,0.00,0.00,0.00,0.00,0.00,0.00,0.00,0.00,0.00,0.00,0.00,0.00,0.00,0.00,0.00,0.00,0.00,0.00,0.00,23282.00,0.00,0.00,0.00,0.00,1995.37
0.50,0.00,0.00,0.00,0.50,0.00,5.47,0.00,0.00,93.53,0.00,319.00,0.00,0.00,0.00,0.00,0.00,0.00,10532.00,0.00,0.00,0.00,0.00,0.00,0.00,0.00,0.00,0.00,674224,1140484,1366496,66.96,47680,539128,3764896,184.49,848552,354588,128,616404,100944,7392,28792,0,0,0,0.00,0,0.00,0,0,0.00,26511,7616,36867,0,0,462,0.00,0.00,0.00,0,0.00,0.00,0.00,0.00,0.00,0.00,0.00,0.00,0.00,0.00,0.00,0.00,0.00,0.00,21389.00,894.00,29257.11,50.64,0.00,0.00,0.00,0.00,0.00,0.00,0.00,0.00,0.00,0.00,0.00,0.00,0.00,0.00,0.00,0.00,0.00,0.00,0.00,0.00,0.00,0.00,0.00,0.00,0.00,0.00,0.00,0.00,0.00,0.00,720,3,5,0,0,0,21362.00,0.00,1782.00,893.00,20470.00,890.00,0.00,0.00,0.00,0.00,0.00,0.00,0.00,0.00,0.00,0.00,0.00,0.00,0.00,0.00,0.00,0.00,0.00,0.00,0.00,0.00,0.00,0.00,0.00,0.00,0.00,0.00,0.00,0.00,0.00,0.00,0.00,0.00,0.00,0.00,0.00,0.00,0.00,0.00,1782.00,893.00,892.00,0.00,3.00,0.00,0.00,0.00,0.00,0.00,0.00,3,2,1,0,0.00,0.00,0.00,0.00,0.00,0.00,0.00,0.00,0.00,0.00,0.00,0.00,0.00,0.00,0.00,0.00,0.00,0.00,0.00,0.00,0.00,0.00,0.00,0.00,0.00,0.00,0.00,0.00,0.00,0.00,0.00,0.00,0.00,0.00,0.00,0.00,0.00,0.00,0.00,0.00,0.00,0.00,0.00,0.00,0.00,0.00,0.00,0.00,0.00,0.00,0.00,0.00,0.00,21412.00,0.00,0.00,0.00,0.00,1995.37
0.00,0.00,0.49,0.98,0.00,0.00,6.34,0.00,0.00,92.20,0.00,344.00,0.00,0.00,0.00,12.00,2.00,0.00,9128.00,0.00,0.00,0.00,0.00,2.00,0.00,2.00,0.00,24.00,674128,1140444,1366592,66.97,47688,539144,3764896,184.49,848544,354636,144,616388,100944,7392,28792,0,0,0,0.00,0,0.00,0,0,0.00,26511,7616,36867,0,0,462,0.00,0.00,0.00,0,0.00,0.00,0.00,0.00,0.00,0.00,2.00,0.00,12.00,6.00,0.00,10.00,0.00,0.00,18456.00,771.00,25251.01,43.73,0.00,0.00,0.00,0.00,0.00,0.00,0.00,1.00,0.00,0.00,0.00,0.00,0.00,0.00,0.00,0.00,0.00,0.00,0.00,0.00,0.00,0.00,0.00,0.00,0.00,0.00,0.00,0.00,0.00,0.00,720,3,5,0,0,0,18455.00,0.00,1536.00,771.00,17687.00,769.00,0.00,0.00,0.00,0.00,0.00,0.00,0.00,0.00,0.00,0.00,0.00,1.00,0.00,0.00,0.00,0.00,0.00,0.00,0.00,0.00,0.00,0.00,0.00,0.00,0.00,1.00,0.00,0.00,0.00,1.00,0.00,0.00,0.00,0.00,0.00,0.00,0.00,0.00,1536.00,770.00,767.00,0.00,1.00,0.00,0.00,0.00,0.00,1.00,0.00,3,2,1,0,0.00,0.00,0.00,0.00,0.00,0.00,0.00,0.00,0.00,0.00,0.00,0.00,0.00,0.00,0.00,0.00,0.00,0.00,0.00,0.00,0.00,0.00,0.00,0.00,0.00,0.00,0.00,0.00,0.00,0.00,0.00,0.00,0.00,0.00,0.00,0.00,0.00,0.00,0.00,0.00,0.00,0.00,0.00,0.00,0.00,0.00,0.00,0.00,0.00,0.00,0.00,0.00,0.00,18412.00,0.00,0.00,0.00,0.00,1995.37
0.00,0.00,0.00,0.00,0.00,0.00,4.04,0.00,0.00,95.96,0.00,310.00,0.00,0.00,0.00,0.00,0.00,0.00,7604.00,0.00,0.00,0.00,0.00,0.00,0.00,0.00,0.00,0.00,674192,1140524,1366528,66.96,47688,539160,3764896,184.49,848544,354648,160,616388,100948,7392,28792,0,0,0,0.00,0,0.00,0,0,0.00,26511,7616,36867,0,0,462,0.00,0.00,0.00,0,0.00,0.00,0.00,0.00,0.00,0.00,0.00,0.00,0.00,0.00,0.00,0.00,0.00,0.00,16105.00,674.00,22032.97,38.18,0.00,0.00,0.00,0.00,0.00,0.00,0.00,0.00,0.00,0.00,0.00,0.00,0.00,0.00,0.00,0.00,0.00,0.00,0.00,0.00,0.00,0.00,0.00,0.00,0.00,0.00,0.00,0.00,0.00,0.00,720,3,5,0,0,0,16104.00,0.00,1342.00,674.00,15433.00,671.00,0.00,0.00,0.00,0.00,0.00,0.00,0.00,0.00,0.00,0.00,0.00,0.00,0.00,0.00,0.00,0.00,0.00,0.00,0.00,0.00,0.00,0.00,0.00,0.00,0.00,0.00,0.00,0.00,0.00,0.00,0.00,0.00,0.00,0.00,0.00,0.00,0.00,0.00,1341.00,674.00,670.00,0.00,3.00,0.00,0.00,0.00,0.00,0.00,0.00,3,2,1,0,0.00,0.00,0.00,0.00,0.00,0.00,0.00,0.00,0.00,0.00,0.00,0.00,0.00,0.00,0.00,0.00,0.00,0.00,0.00,0.00,0.00,0.00,0.00,0.00,0.00,0.00,0.00,0.00,0.00,0.00,0.00,0.00,0.00,0.00,0.00,0.00,0.00,0.00,0.00,0.00,0.00,0.00,0.00,0.00,0.00,0.00,0.00,0.00,0.00,0.00,0.00,0.00,0.00,16104.00,0.00,0.00,0.00,0.00,1995.37
0.00,0.00,0.00,0.00,0.00,0.00,4.04,0.00,0.00,95.96,0.00,322.00,0.00,0.00,0.00,0.00,0.00,0.00,8916.00,0.00,0.00,0.00,0.00,0.00,0.00,0.00,0.00,0.00,674036,1140368,1366684,66.97,47688,539172,3764896,184.49,848544,354648,172,616388,100948,7392,28792,0,0,0,0.00,0,0.00,0,0,0.00,26511,7616,36867,0,0,462,0.00,0.00,0.00,0,0.00,0.00,0.00,0.00,0.00,0.00,0.00,0.00,0.00,0.00,0.00,0.00,0.00,0.00,18006.00,754.00,24627.30,42.71,0.00,0.00,0.00,0.00,0.00,0.00,0.00,1.00,0.00,0.00,0.00,0.00,0.00,0.00,0.00,0.00,0.00,0.00,0.00,0.00,0.00,0.00,0.00,0.00,0.00,0.00,0.00,0.00,0.00,0.00,720,3,5,0,0,0,18024.00,0.00,1502.00,755.00,17273.00,751.00,0.00,0.00,0.00,0.00,0.00,0.00,0.00,0.00,0.00,0.00,0.00,0.00,0.00,0.00,0.00,0.00,0.00,0.00,0.00,0.00,0.00,0.00,0.00,0.00,0.00,0.00,0.00,0.00,0.00,0.00,0.00,0.00,0.00,0.00,0.00,0.00,0.00,0.00,1502.00,755.00,751.00,0.00,4.00,0.00,0.00,0.00,0.00,0.00,0.00,3,2,1,0,0.00,0.00,0.00,0.00,0.00,0.00,0.00,0.00,0.00,0.00,0.00,0.00,0.00,0.00,0.00,0.00,0.00,0.00,0.00,0.00,0.00,0.00,0.00,0.00,0.00,0.00,0.00,0.00,0.00,0.00,0.00,0.00,0.00,0.00,0.00,0.00,0.00,0.00,0.00,0.00,0.00,0.00,0.00,0.00,0.00,0.00,0.00,0.00,0.00,0.00,0.00,0.00,0.00,18053.00,0.00,0.00,0.00,0.00,1995.37
0.50,0.00,0.00,0.00,0.50,0.00,3.52,0.00,0.00,95.48,0.00,300.00,0.00,0.00,0.00,0.00,0.00,0.00,7908.00,0.00,0.00,0.00,0.00,0.00,0.00,0.00,0.00,0.00,673908,1140240,1366812,66.98,47688,539188,3764896,184.49,848544,354648,188,616388,100948,7392,28792,0,0,0,0.00,0,0.00,0,0,0.00,26511,7616,36867,0,0,462,0.00,0.00,0.00,0,0.00,0.00,0.00,0.00,0.00,0.00,0.00,0.00,0.00,0.00,0.00,0.00,0.00,0.00,16045.00,670.00,21935.28,37.95,0.00,0.00,0.00,0.00,0.00,0.00,0.00,0.00,0.00,0.00,0.00,0.00,0.00,0.00,0.00,0.00,0.00,0.00,0.00,0.00,0.00,0.00,0.00,0.00,0.00,0.00,0.00,0.00,0.00,0.00,720,3,5,0,0,0,16034.00,0.00,1337.00,670.00,15364.00,668.00,0.00,0.00,0.00,0.00,0.00,0.00,0.00,0.00,0.00,0.00,0.00,0.00,0.00,0.00,0.00,0.00,0.00,0.00,0.00,0.00,0.00,0.00,0.00,0.00,0.00,0.00,0.00,0.00,0.00,0.00,0.00,0.00,0.00,0.00,0.00,0.00,0.00,0.00,1338.00,671.00,669.00,0.00,2.00,0.00,0.00,0.00,0.00,0.00,0.00,3,2,1,0,0.00,0.00,0.00,0.00,0.00,0.00,0.00,0.00,0.00,0.00,0.00,0.00,0.00,0.00,0.00,0.00,0.00,0.00,0.00,0.00,0.00,0.00,0.00,0.00,0.00,0.00,0.00,0.00,0.00,0.00,0.00,0.00,0.00,0.00,0.00,0.00,0.00,0.00,0.00,0.00,0.00,0.00,0.00,0.00,0.00,0.00,0.00,0.00,0.00,0.00,0.00,0.00,0.00,16044.00,0.00,0.00,0.00,0.00,1995.37
0.50,0.00,0.00,0.00,0.00,0.00,3.52,0.00,0.00,95.98,0.00,297.00,0.00,0.00,0.00,0.00,0.00,0.00,7732.00,0.00,0.00,0.00,0.00,0.00,0.00,0.00,0.00,0.00,673972,1140360,1366748,66.97,47688,539204,3764896,184.49,848544,354704,204,616388,100948,7392,28792,0,0,0,0.00,0,0.00,0,0,0.00,26511,7616,36867,0,0,462,0.00,0.00,0.00,0,0.00,0.00,0.00,0.00,0.00,0.00,0.00,0.00,0.00,0.00,0.00,0.00,0.00,0.00,15630.00,653.00,21376.55,36.99,0.00,0.00,0.00,0.00,0.00,0.00,0.00,1.00,0.00,0.00,0.00,0.00,0.00,0.00,0.00,0.00,0.00,0.00,0.00,0.00,0.00,0.00,0.00,0.00,0.00,0.00,0.00,0.00,0.00,0.00,720,3,5,0,0,0,15602.00,0.00,1302.00,652.00,14950.00,650.00,0.00,0.00,0.00,0.00,0.00,0.00,0.00,0.00,0.00,0.00,0.00,0.00,0.00,0.00,0.00,0.00,0.00,0.00,0.00,0.00,0.00,0.00,0.00,0.00,0.00,0.00,0.00,0.00,0.00,0.00,0.00,0.00,0.00,0.00,0.00,0.00,0.00,0.00,1301.00,651.00,652.00,0.00,2.00,0.00,0.00,0.00,0.00,0.00,0.00,3,2,1,0,0.00,0.00,0.00,0.00,0.00,0.00,0.00,0.00,0.00,0.00,0.00,0.00,0.00,0.00,0.00,0.00,0.00,0.00,0.00,0.00,0.00,0.00,0.00,0.00,0.00,0.00,0.00,0.00,0.00,0.00,0.00,0.00,0.00,0.00,0.00,0.00,0.00,0.00,0.00,0.00,0.00,0.00,0.00,0.00,0.00,0.00,0.00,0.00,0.00,0.00,0.00,0.00,0.00,15585.00,0.00,0.00,0.00,0.00,1995.37
0.00,0.00,0.00,2.50,0.50,0.00,4.00,0.00,0.00,93.00,0.00,328.00,0.00,0.00,0.00,12.00,0.00,0.00,6740.00,0.00,0.00,0.00,0.00,2.00,0.00,2.00,0.00,24.00,674004,1140392,1366716,66.97,47696,539220,3764896,184.49,848544,354704,220,616388,100948,7392,28792,0,0,0,0.00,0,0.00,0,0,0.00,26511,7616,36867,0,0,462,0.00,0.00,0.00,0,0.00,0.00,0.00,0.00,0.00,0.00,2.00,0.00,12.00,6.00,0.00,26.00,0.00,0.00,13759.00,575.00,18815.40,32.54,0.00,0.00,0.00,0.00,0.00,0.00,0.00,0.00,0.00,0.00,0.00,0.00,0.00,0.00,0.00,0.00,0.00,0.00,0.00,0.00,0.00,0.00,0.00,0.00,0.00,0.00,0.00,0.00,0.00,0.00,720,3,5,0,0,0,13751.00,0.00,1145.00,573.00,13179.00,573.00,0.00,0.00,0.00,0.00,0.00,0.00,0.00,0.00,0.00,0.00,0.00,0.00,0.00,0.00,0.00,0.00,0.00,0.00,0.00,0.00,0.00,0.00,0.00,0.00,0.00,0.00,0.00,0.00,0.00,0.00,0.00,0.00,0.00,0.00,0.00,0.00,0.00,0.00,1145.00,573.00,572.00,0.00,0.00,0.00,0.00,0.00,0.00,0.00,0.00,3,2,1,0,0.00,0.00,0.00,0.00,0.00,0.00,0.00,0.00,0.00,0.00,0.00,0.00,0.00,0.00,0.00,0.00,0.00,0.00,0.00,0.00,0.00,0.00,0.00,0.00,0.00,0.00,0.00,0.00,0.00,0.00,0.00,0.00,0.00,0.00,0.00,0.00,0.00,0.00,0.00,0.00,0.00,0.00,0.00,0.00,0.00,0.00,0.00,0.00,0.00,0.00,0.00,0.00,0.00,13758.00,0.00,0.00,0.00,0.00,1995.37
0.50,0.00,0.50,0.00,0.00,0.00,3.50,0.00,0.00,95.50,0.00,302.00,0.00,0.00,0.00,0.00,0.00,0.00,6964.00,0.00,0.00,0.00,0.00,0.00,0.00,0.00,0.00,0.00,674100,1140488,1366620,66.97,47696,539236,3764896,184.49,848544,354704,236,616388,100948,7392,28792,0,0,0,0.00,0,0.00,0,0,0.00,26511,7616,36867,0,0,462,0.00,0.00,0.00,0,0.00,0.00,0.00,0.00,0.00,0.00,0.00,0.00,0.00,0.00,0.00,0.00,0.00,0.00,14237.00,594.00,19472.13,33.64,0.00,0.00,0.00,0.00,0.00,0.00,0.00,1.00,0.00,0.00,0.00,0.00,0.00,0.00,0.00,0.00,0.00,0.00,0.00,0.00,0.00,0.00,0.00,0.00,0.00,0.00,0.00,0.00,0.00,0.00,720,3,5,0,0,0,14231.00,0.00,1184.00,594.00,13639.00,593.00,0.00,0.00,0.00,0.00,0.00,0.00,0.00,0.00,0.00,0.00,0.00,0.00,0.00,0.00,0.00,0.00,0.00,0.00,0.00,0.00,0.00,0.00,0.00,0.00,0.00,0.00,0.00,0.00,0.00,0.00,0.00,0.00,0.00,0.00,0.00,0.00,0.00,0.00,1184.00,594.00,591.00,0.00,1.00,0.00,0.00,0.00,0.00,0.00,0.00,3,2,1,0,0.00,0.00,0.00,0.00,0.00,0.00,0.00,0.00,0.00,0.00,0.00,0.00,0.00,0.00,0.00,0.00,0.00,0.00,0.00,0.00,0.00,0.00,0.00,0.00,0.00,0.00,0.00,0.00,0.00,0.00,0.00,0.00,0.00,0.00,0.00,0.00,0.00,0.00,0.00,0.00,0.00,0.00,0.00,0.00,0.00,0.00,0.00,0.00,0.00,0.00,0.00,0.00,0.00,14282.00,0.00,0.00,0.00,0.00,1995.37
0.50,0.00,0.00,0.00,0.00,0.00,3.98,0.00,0.00,95.52,0.00,314.00,0.00,0.00,0.00,0.00,11.00,0.00,5893.00,0.00,0.00,0.00,0.00,0.00,0.00,0.00,0.00,0.00,674004,1140448,1366716,66.97,47696,539252,3764896,184.49,848552,354752,252,616404,100948,7392,28792,0,0,0,0.00,0,0.00,0,0,0.00,26511,7616,36867,0,0,462,0.00,0.00,0.00,0,0.00,0.00,0.00,0.00,0.00,0.00,0.00,0.00,0.00,0.00,0.00,0.00,0.00,0.00,11695.00,491.00,15991.50,27.81,0.00,0.00,0.00,0.00,0.00,0.00,0.00,0.00,0.00,0.00,0.00,0.00,0.00,0.00,0.00,0.00,0.00,0.00,0.00,0.00,0.00,0.00,0.00,0.00,0.00,0.00,0.00,0.00,0.00,0.00,720,3,5,0,0,0,11713.00,0.00,977.00,492.00,11224.00,488.00,0.00,0.00,0.00,0.00,0.00,0.00,0.00,0.00,0.00,0.00,0.00,0.00,0.00,0.00,0.00,0.00,0.00,0.00,0.00,0.00,0.00,0.00,0.00,0.00,0.00,0.00,0.00,0.00,0.00,0.00,0.00,0.00,0.00,0.00,0.00,0.00,0.00,0.00,977.00,492.00,489.00,0.00,4.00,0.00,0.00,0.00,0.00,0.00,0.00,3,2,1,0,0.00,0.00,0.00,0.00,0.00,0.00,0.00,0.00,0.00,0.00,0.00,0.00,0.00,0.00,0.00,0.00,0.00,0.00,0.00,0.00,0.00,0.00,0.00,0.00,0.00,0.00,0.00,0.00,0.00,0.00,0.00,0.00,0.00,0.00,0.00,0.00,0.00,0.00,0.00,0.00,0.00,0.00,0.00,0.00,0.00,0.00,0.00,0.00,0.00,0.00,0.00,0.00,0.00,11673.00,0.00,0.00,0.00,0.00,1995.37
0.50,0.00,0.00,0.00,0.50,0.00,3.00,0.00,0.00,96.00,0.00,354.00,0.00,0.00,0.00,0.00,0.00,0.00,5181.00,0.00,0.00,0.00,0.00,0.00,0.00,0.00,0.00,0.00,673940,1140384,1366780,66.98,47696,539268,3764896,184.49,848552,354752,268,616404,100948,7392,28792,0,0,0,0.00,0,0.00,0,0,0.00,26511,7616,36867,0,0,462,0.00,0.00,0.00,0,0.00,0.00,0.00,0.00,0.00,0.00,0.00,0.00,0.00,0.00,0.00,0.00,0.00,0.00,10807.00,453.00,14777.07,25.66,0.00,0.00,0.00,0.00,0.00,0.00,0.00,1.00,0.00,0.00,0.00,0.00,0.00,0.00,0.00,0.00,0.00,0.00,0.00,0.00,0.00,0.00,0.00,0.00,0.00,0.00,0.00,0.00,0.00,0.00,720,3,5,0,0,0,10780.00,0.00,900.00,452.00,10327.00,449.00,0.00,0.00,0.00,0.00,0.00,0.00,0.00,0.00,0.00,0.00,0.00,0.00,0.00,0.00,0.00,0.00,0.00,0.00,0.00,0.00,0.00,0.00,0.00,0.00,0.00,0.00,0.00,0.00,0.00,0.00,0.00,0.00,0.00,0.00,0.00,0.00,0.00,0.00,901.00,452.00,452.00,0.00,3.00,0.00,0.00,0.00,0.00,0.00,0.00,3,2,1,0,0.00,0.00,0.00,0.00,0.00,0.00,0.00,0.00,0.00,0.00,0.00,0.00,0.00,0.00,0.00,0.00,0.00,0.00,0.00,0.00,0.00,0.00,0.00,0.00,0.00,0.00,0.00,0.00,0.00,0.00,0.00,0.00,0.00,0.00,0.00,0.00,0.00,0.00,0.00,0.00,0.00,0.00,0.00,0.00,0.00,0.00,0.00,0.00,0.00,0.00,0.00,0.00,0.00,10807.00,0.00,0.00,0.00,0.00,1995.37
0.50,0.00,1.00,0.00,0.00,0.00,3.48,0.00,0.00,95.02,3.00,348.00,0.00,0.00,0.00,0.00,499.00,0.00,6613.00,0.00,0.00,0.00,0.00,0.00,0.00,0.00,0.00,0.00,673416,1139896,1367304,67.00,47696,539284,3764896,184.49,848568,354788,440,616404,100996,7392,28792,0,0,0,0.00,0,0.00,0,0,0.00,26511,7616,36867,0,0,462,0.00,0.00,0.00,0,0.00,0.00,0.00,0.00,0.00,0.00,0.00,0.00,0.00,0.00,0.00,0.00,0.00,0.00,12385.00,516.00,16943.40,29.23,0.00,0.00,0.00,0.00,0.00,0.00,0.00,0.00,0.00,0.00,0.00,0.00,0.00,0.00,0.00,0.00,0.00,0.00,0.00,0.00,0.00,0.00,0.00,0.00,0.00,0.00,0.00,0.00,0.00,0.00,720,3,5,0,0,0,12384.00,0.00,1032.00,516.00,11868.00,516.00,0.00,0.00,0.00,0.00,0.00,0.00,0.00,0.00,0.00,0.00,0.00,0.00,0.00,0.00,0.00,0.00,0.00,0.00,0.00,0.00,0.00,0.00,0.00,0.00,0.00,0.00,0.00,0.00,0.00,0.00,0.00,0.00,0.00,0.00,0.00,0.00,0.00,0.00,1031.00,516.00,515.00,0.00,0.00,0.00,0.00,0.00,0.00,0.00,0.00,3,2,1,0,0.00,0.00,0.00,0.00,0.00,0.00,0.00,0.00,0.00,0.00,0.00,0.00,0.00,0.00,0.00,0.00,0.00,0.00,0.00,0.00,0.00,0.00,0.00,0.00,0.00,0.00,0.00,0.00,0.00,0.00,0.00,0.00,0.00,0.00,0.00,0.00,0.00,0.00,0.00,0.00,0.00,0.00,0.00,0.00,0.00,0.00,0.00,0.00,0.00,0.00,0.00,0.00,0.00,12361.00,0.00,0.00,0.00,0.00,1995.37
0.00,0.00,0.00,0.00,0.00,0.00,9.55,0.00,0.00,90.45,0.00,363.00,0.00,0.00,0.00,0.00,4.00,0.00,32361.00,0.00,0.00,0.00,0.00,0.00,0.00,0.00,0.00,0.00,652684,1135696,1388036,68.02,47652,557020,3709364,181.77,852980,372144,24,620528,100044,7392,28788,0,0,0,0.00,0,0.00,0,0,0.00,26537,7616,36885,0,0,462,0.01,0.00,0.03,0,0.00,0.00,0.00,0.00,0.00,0.00,0.00,0.00,0.00,0.00,0.00,0.00,0.00,0.00,64283.00,2683.00,87935.29,151.96,0.00,0.00,0.00,0.00,0.00,0.00,0.00,0.00,0.00,0.00,0.00,0.00,0.00,0.00,0.00,0.00,0.00,0.00,0.00,0.00,0.00,0.00,0.00,0.00,0.00,0.00,0.00,0.00,0.00,0.00,721,3,5,0,0,0,64248.00,0.00,5354.00,2682.00,61571.00,2677.00,0.00,0.00,0.00,0.00,0.00,0.00,0.00,0.00,0.00,0.00,0.00,0.00,0.00,0.00,0.00,0.00,0.00,0.00,0.00,0.00,0.00,0.00,0.00,0.00,0.00,0.00,0.00,0.00,0.00,0.00,0.00,0.00,0.00,0.00,0.00,0.00,0.00,0.00,5354.00,2682.00,2678.00,0.00,5.00,0.00,0.00,0.00,0.00,0.00,0.00,3,2,1,0,0.00,0.00,0.00,0.00,0.00,0.00,0.00,0.00,0.00,0.00,0.00,0.00,0.00,0.00,0.00,0.00,0.00,0.00,0.00,0.00,0.00,0.00,0.00,0.00,0.00,0.00,0.00,0.00,0.00,0.00,0.00,0.00,0.00,0.00,0.00,0.00,0.00,0.00,0.00,0.00,0.00,0.00,0.00,0.00,0.00,0.00,0.00,0.00,0.00,0.00,0.00,0.00,0.00,64261.00,0.00,0.00,0.00,0.00,1995.37
0.00,0.00,0.51,0.00,0.00,0.00,8.16,0.00,0.00,91.33,0.00,355.00,0.00,0.00,0.00,0.00,2.00,0.00,31308.00,0.00,0.00,0.00,0.00,0.00,0.00,0.00,0.00,0.00,652684,1135696,1388036,68.02,47652,557036,3709364,181.77,852980,372144,40,620532,100044,7392,28788,0,0,0,0.00,0,0.00,0,0,0.00,26537,7616,36885,0,0,462,0.01,0.00,0.03,0,0.00,0.00,0.00,0.00,0.00,0.00,0.00,0.00,0.00,0.00,0.00,0.00,0.00,0.00,63702.00,2655.00,87146.94,150.38,0.00,0.00,0.00,0.00,0.00,0.00,0.00,1.00,0.00,0.00,0.00,0.00,0.00,0.00,0.00,0.00,0.00,0.00,0.00,0.00,0.00,0.00,0.00,0.00,0.00,0.00,0.00,0.00,0.00,0.00,721,3,5,0,0,0,63695.00,0.00,5307.00,2655.00,61042.00,2654.00,0.00,0.00,0.00,0.00,0.00,0.00,0.00,0.00,0.00,0.00,0.00,0.00,0.00,0.00,0.00,0.00,0.00,0.00,0.00,0.00,0.00,0.00,0.00,0.00,0.00,0.00,0.00,0.00,0.00,0.00,0.00,0.00,0.00,0.00,0.00,0.00,0.00,0.00,5307.00,2655.00,2652.00,0.00,1.00,0.00,0.00,0.00,0.00,0.00,0.00,3,2,1,0,0.00,0.00,0.00,0.00,0.00,0.00,0.00,0.00,0.00,0.00,0.00,0.00,0.00,0.00,0.00,0.00,0.00,0.00,0.00,0.00,0.00,0.00,0.00,0.00,0.00,0.00,0.00,0.00,0.00,0.00,0.00,0.00,0.00,0.00,0.00,0.00,0.00,0.00,0.00,0.00,0.00,0.00,0.00,0.00,0.00,0.00,0.00,0.00,0.00,0.00,0.00,0.00,0.00,63700.00,0.00,0.00,0.00,0.00,1995.37
0.00,0.00,0.00,0.00,0.50,0.00,9.05,0.00,0.00,90.45,0.00,360.00,0.00,0.00,0.00,0.00,0.00,0.00,31187.00,0.00,0.00,0.00,0.00,0.00,0.00,0.00,0.00,0.00,652588,1135600,1388132,68.02,47652,557048,3709364,181.77,852980,372144,52,620532,100044,7392,28788,0,0,0,0.00,0,0.00,0,0,0.00,26537,7616,36885,0,0,462,0.01,0.00,0.03,0,0.00,0.00,0.00,0.00,0.00,0.00,0.00,0.00,0.00,0.00,0.00,0.00,0.00,0.00,63176.00,2637.00,86424.64,149.36,0.00,0.00,0.00,0.00,0.00,0.00,0.00,0.00,0.00,0.00,0.00,0.00,0.00,0.00,0.00,0.00,0.00,0.00,0.00,0.00,0.00,0.00,0.00,0.00,0.00,0.00,0.00,0.00,0.00,0.00,721,3,5,0,0,0,63170.00,0.00,5266.00,2637.00,60536.00,2632.00,0.00,0.00,0.00,0.00,0.00,0.00,0.00,0.00,0.00,0.00,0.00,0.00,0.00,0.00,0.00,0.00,0.00,0.00,0.00,0.00,0.00,0.00,0.00,0.00,0.00,0.00,0.00,0.00,0.00,0.00,0.00,0.00,0.00,0.00,0.00,0.00,0.00,0.00,5267.00,2637.00,2635.00,0.00,5.00,0.00,0.00,0.00,0.00,0.00,0.00,3,2,1,0,0.00,0.00,0.00,0.00,0.00,0.00,0.00,0.00,0.00,0.00,0.00,0.00,0.00,0.00,0.00,0.00,0.00,0.00,0.00,0.00,0.00,0.00,0.00,0.00,0.00,0.00,0.00,0.00,0.00,0.00,0.00,0.00,0.00,0.00,0.00,0.00,0.00,0.00,0.00,0.00,0.00,0.00,0.00,0.00,0.00,0.00,0.00,0.00,0.00,0.00,0.00,0.00,0.00,63201.00,0.00,0.00,0.00,0.00,1995.37
0.00,0.00,0.00,0.00,0.00,0.00,9.14,0.00,0.00,90.86,0.00,342.00,0.00,0.00,0.00,0.00,0.00,0.00,30939.00,0.00,0.00,0.00,0.00,0.00,0.00,0.00,0.00,0.00,652592,1135604,1388128,68.02,47652,557064,3709364,181.77,852980,372144,68,620532,100044,7392,28788,0,0,0,0.00,0,0.00,0,0,0.00,26537,7616,36885,0,0,462,0.01,0.00,0.03,0,0.00,0.00,0.00,0.00,0.00,0.00,0.00,0.00,0.00,0.00,0.00,0.00,0.00,0.00,62581.00,2608.00,85604.06,147.72,0.00,0.00,0.00,0.00,0.00,0.00,0.00,1.00,0.00,0.00,0.00,0.00,0.00,0.00,0.00,0.00,0.00,0.00,0.00,0.00,0.00,0.00,0.00,0.00,0.00,0.00,0.00,0.00,0.00,0.00,721,3,5,0,0,0,62566.00,0.00,5212.00,2608.00,59961.00,2607.00,0.00,0.00,0.00,0.00,0.00,0.00,0.00,0.00,0.00,0.00,0.00,0.00,0.00,0.00,0.00,0.00,0.00,0.00,0.00,0.00,0.00,0.00,0.00,0.00,0.00,0.00,0.00,0.00,0.00,0.00,0.00,0.00,0.00,0.00,0.00,0.00,0.00,0.00,5213.00,2609.00,2605.00,0.00,1.00,0.00,0.00,0.00,0.00,0.00,0.00,3,2,1,0,0.00,0.00,0.00,0.00,0.00,0.00,0.00,0.00,0.00,0.00,0.00,0.00,0.00,0.00,0.00,0.00,0.00,0.00,0.00,0.00,0.00,0.00,0.00,0.00,0.00,0.00,0.00,0.00,0.00,0.00,0.00,0.00,0.00,0.00,0.00,0.00,0.00,0.00,0.00,0.00,0.00,0.00,0.00,0.00,0.00,0.00,0.00,0.00,0.00,0.00,0.00,0.00,0.00,62604.00,0.00,0.00,0.00,0.00,1995.37
0.49,0.00,0.00,0.00,0.00,0.00,11.33,0.00,0.00,88.18,0.00,378.00,0.00,0.00,0.00,0.00,0.00,0.00,30172.00,0.00,0.00,0.00,0.00,0.00,0.00,0.00,0.00,0.00,652592,1135660,1388128,68.02,47652,557080,3709364,181.77,852980,372200,84,620532,100044,7392,28788,0,0,0,0.00,0,0.00,0,0,0.00,26537,7616,36885,0,0,462,0.01,0.00,0.03,0,0.00,0.00,0.00,0.00,0.00,0.00,0.00,0.00,0.00,0.00,0.00,0.00,0.00,0.00,61492.00,2565.00,84125.90,145.28,0.00,0.00,0.00,0.00,0.00,0.00,0.00,0.00,0.00,0.00,0.00,0.00,0.00,0.00,0.00,0.00,0.00,0.00,0.00,0.00,0.00,0.00,0.00,0.00,0.00,0.00,0.00,0.00,0.00,0.00,721,3,5,0,0,0,61512.00,0.00,5126.00,2566.00,58949.00,2563.00,0.00,0.00,0.00,0.00,0.00,0.00,0.00,0.00,0.00,0.00,0.00,0.00,0.00,0.00,0.00,0.00,0.00,0.00,0.00,0.00,0.00,0.00,0.00,0.00,0.00,0.00,0.00,0.00,0.00,0.00,0.00,0.00,0.00,0.00,0.00,0.00,0.00,0.00,5124.00,2565.00,2562.00,0.00,3.00,0.00,0.00,0.00,0.00,0.00,0.00,3,2,1,0,0.00,0.00,0.00,0.00,0.00,0.00,0.00,0.00,0.00,0.00,0.00,0.00,0.00,0.00,0.00,0.00,0.00,0.00,0.00,0.00,0.00,0.00,0.00,0.00,0.00,0.00,0.00,0.00,0.00,0.00,0.00,0.00,0.00,0.00,0.00,0.00,0.00,0.00,0.00,0.00,0.00,0.00,0.00,0.00,0.00,0.00,0.00,0.00,0.00,0.00,0.00,0.00,0.00,61469.00,0.00,0.00,0.00,0.00,1995.37
0.00,0.00,0.00,7.80,0.00,0.00,11.71,0.00,0.00,80.49,0.00,389.00,0.00,0.00,0.00,136.00,0.00,0.00,30116.00,0.00,0.00,0.00,0.00,4.00,0.00,4.00,0.00,272.00,652500,1135568,1388220,68.03,47660,557096,3709364,181.77,853028,372200,0,620532,100048,7392,28788,0,0,0,0.00,0,0.00,0,0,0.00,26537,7616,36885,0,0,462,0.01,0.00,0.03,0,0.00,0.00,0.00,0.00,0.00,0.00,4.00,0.00,136.00,34.00,0.08,69.00,11.00,4.40,59642.00,2487.00,81597.43,140.87,0.00,0.00,0.00,0.00,0.00,0.00,0.00,1.00,0.00,0.00,0.00,0.00,0.00,0.00,0.00,0.00,0.00,0.00,0.00,0.00,0.00,0.00,0.00,0.00,0.00,0.00,0.00,0.00,0.00,0.00,721,3,5,0,0,0,59641.00,0.00,4971.00,2487.00,57155.00,2485.00,0.00,0.00,0.00,0.00,0.00,0.00,0.00,0.00,0.00,0.00,0.00,0.00,0.00,0.00,0.00,0.00,0.00,0.00,0.00,0.00,0.00,0.00,0.00,0.00,0.00,0.00,0.00,0.00,0.00,0.00,0.00,0.00,0.00,0.00,0.00,0.00,0.00,0.00,4971.00,2487.00,2486.00,0.00,2.00,0.00,0.00,0.00,0.00,0.00,0.00,3,2,1,0,0.00,0.00,0.00,0.00,0.00,0.00,0.00,0.00,0.00,0.00,0.00,0.00,0.00,0.00,0.00,0.00,0.00,0.00,0.00,0.00,0.00,0.00,0.00,0.00,0.00,0.00,0.00,0.00,0.00,0.00,0.00,0.00,0.00,0.00,0.00,0.00,0.00,0.00,0.00,0.00,0.00,0.00,0.00,0.00,0.00,0.00,0.00,0.00,0.00,0.00,0.00,0.00,0.00,59642.00,0.00,0.00,0.00,0.00,1995.37
0.00,0.00,0.00,0.00,0.00,0.00,9.60,0.00,0.00,90.40,0.00,359.00,0.00,0.00,0.00,0.00,0.00,0.00,29123.00,0.00,0.00,0.00,0.00,0.00,0.00,0.00,0.00,0.00,652436,1135504,1388284,68.03,47660,557112,3709364,181.77,853028,372200,40,620532,100048,7392,28788,0,0,0,0.00,0,0.00,0,0,0.00,26537,7616,36885,0,0,462,0.01,0.00,0.03,0,0.00,0.00,0.00,0.00,0.00,0.00,0.00,0.00,0.00,0.00,0.00,0.00,0.00,0.00,60986.00,2545.00,83436.23,144.15,0.00,0.00,0.00,0.00,0.00,0.00,0.00,0.00,0.00,0.00,0.00,0.00,0.00,0.00,0.00,0.00,0.00,0.00,0.00,0.00,0.00,0.00,0.00,0.00,0.00,0.00,0.00,0.00,0.00,0.00,721,3,5,0,0,0,60984.00,0.00,5082.00,2545.00,58443.00,2541.00,0.00,0.00,0.00,0.00,0.00,0.00,0.00,0.00,0.00,0.00,0.00,0.00,0.00,0.00,0.00,0.00,0.00,0.00,0.00,0.00,0.00,0.00,0.00,0.00,0.00,0.00,0.00,0.00,0.00,0.00,0.00,0.00,0.00,0.00,0.00,0.00,0.00,0.00,5084.00,2546.00,2542.00,0.00,4.00,0.00,0.00,0.00,0.00,0.00,0.00,3,2,1,0,0.00,0.00,0.00,0.00,0.00,0.00,0.00,0.00,0.00,0.00,0.00,0.00,0.00,0.00,0.00,0.00,0.00,0.00,0.00,0.00,0.00,0.00,0.00,0.00,0.00,0.00,0.00,0.00,0.00,0.00,0.00,0.00,0.00,0.00,0.00,0.00,0.00,0.00,0.00,0.00,0.00,0.00,0.00,0.00,0.00,0.00,0.00,0.00,0.00,0.00,0.00,0.00,0.00,61010.00,0.00,0.00,0.00,0.00,1995.37
1.49,0.00,0.00,0.00,0.50,0.00,10.40,0.00,0.00,87.62,0.00,400.00,0.00,0.00,0.00,0.00,5.00,0.00,28603.00,0.00,0.00,0.00,0.00,0.00,0.00,0.00,0.00,0.00,652340,1135464,1388380,68.03,47660,557128,3709364,181.77,853036,372248,56,620532,100048,7392,28788,0,0,0,0.00,0,0.00,0,0,0.00,26537,7616,36885,0,0,462,0.01,0.00,0.03,0,0.00,0.00,0.00,0.00,0.00,0.00,0.00,0.00,0.00,0.00,0.00,0.00,0.00,0.00,59148.00,2468.00,80908.45,139.79,0.00,0.00,0.00,0.00,0.00,0.00,0.00,1.00,0.00,0.00,0.00,0.00,0.00,0.00,0.00,0.00,0.00,0.00,0.00,0.00,0.00,0.00,0.00,0.00,0.00,0.00,0.00,0.00,0.00,0.00,721,3,5,0,0,0,59113.00,0.00,4927.00,2467.00,56649.00,2463.00,0.00,0.00,0.00,0.00,0.00,0.00,0.00,0.00,0.00,0.00,0.00,0.00,0.00,0.00,0.00,0.00,0.00,0.00,0.00,0.00,0.00,0.00,0.00,0.00,0.00,0.00,0.00,0.00,0.00,0.00,0.00,0.00,0.00,0.00,0.00,0.00,0.00,0.00,4925.00,2466.00,2463.00,0.00,4.00,0.00,0.00,0.00,0.00,0.00,0.00,3,2,1,0,0.00,0.00,0.00,0.00,0.00,0.00,0.00,0.00,0.00,0.00,0.00,0.00,0.00,0.00,0.00,0.00,0.00,0.00,0.00,0.00,0.00,0.00,0.00,0.00,0.00,0.00,0.00,0.00,0.00,0.00,0.00,0.00,0.00,0.00,0.00,0.00,0.00,0.00,0.00,0.00,0.00,0.00,0.00,0.00,0.00,0.00,0.00,0.00,0.00,0.00,0.00,0.00,0.00,59101.00,0.00,0.00,0.00,0.00,1995.37
0.00,0.00,0.50,0.00,0.00,0.00,9.05,0.00,0.00,90.45,0.00,352.00,0.00,0.00,0.00,0.00,0.00,0.00,27756.00,0.00,0.00,0.00,0.00,0.00,0.00,0.00,0.00,0.00,652340,1135472,1388380,68.03,47660,557144,3709364,181.77,853016,372256,72,620512,100048,7392,28788,0,0,0,0.00,0,0.00,0,0,0.00,26537,7616,36885,0,0,462,0.01,0.00,0.03,0,0.00,0.00,0.00,0.00,0.00,0.00,0.00,0.00,0.00,0.00,0.00,0.00,0.00,0.00,55755.00,2323.00,76278.35,131.58,0.00,0.00,0.00,0.00,0.00,0.00,0.00,0.00,0.00,0.00,0.00,0.00,0.00,0.00,0.00,0.00,0.00,0.00,0.00,0.00,0.00,0.00,0.00,0.00,0.00,0.00,0.00,0.00,0.00,0.00,721,3,5,0,0,0,55775.00,0.00,4647.00,2324.00,53452.00,2324.00,0.00,0.00,0.00,0.00,0.00,0.00,0.00,0.00,0.00,0.00,0.00,0.00,0.00,0.00,0.00,0.00,0.00,0.00,0.00,0.00,0.00,0.00,0.00,0.00,0.00,0.00,0.00,0.00,0.00,0.00,0.00,0.00,0.00,0.00,0.00,0.00,0.00,0.00,4648.00,2325.00,2323.00,0.00,0.00,0.00,0.00,0.00,0.00,0.00,0.00,3,2,1,0,0.00,0.00,0.00,0.00,0.00,0.00,0.00,0.00,0.00,0.00,0.00,0.00,0.00,0.00,0.00,0.00,0.00,0.00,0.00,0.00,0.00,0.00,0.00,0.00,0.00,0.00,0.00,0.00,0.00,0.00,0.00,0.00,0.00,0.00,0.00,0.00,0.00,0.00,0.00,0.00,0.00,0.00,0.00,0.00,0.00,0.00,0.00,0.00,0.00,0.00,0.00,0.00,0.00,55802.00,0.00,0.00,0.00,0.00,1995.37
0.00,0.00,0.50,0.00,0.00,0.00,9.05,0.00,0.00,90.45,0.00,353.00,0.00,0.00,0.00,0.00,0.00,0.00,27804.00,0.00,0.00,0.00,0.00,0.00,0.00,0.00,0.00,0.00,652372,1135504,1388348,68.03,47660,557160,3709364,181.77,853016,372256,88,620512,100048,7392,28788,0,0,0,0.00,0,0.00,0,0,0.00,26537,7616,36885,0,0,462,0.01,0.00,0.03,0,0.00,0.00,0.00,0.00,0.00,0.00,0.00,0.00,0.00,0.00,0.00,0.00,0.00,0.00,55590.00,2316.00,76048.39,131.17,0.00,0.00,0.00,0.00,0.00,0.00,0.00,1.00,0.00,0.00,0.00,0.00,0.00,0.00,0.00,0.00,0.00,0.00,0.00,0.00,0.00,0.00,0.00,0.00,0.00,0.00,0.00,0.00,0.00,0.00,721,3,5,0,0,0,55561.00,0.00,4631.00,2315.00,53245.00,2315.00,0.00,0.00,0.00,0.00,0.00,0.00,0.00,0.00,0.00,0.00,0.00,0.00,0.00,0.00,0.00,0.00,0.00,0.00,0.00,0.00,0.00,0.00,0.00,0.00,0.00,0.00,0.00,0.00,0.00,0.00,0.00,0.00,0.00,0.00,0.00,0.00,0.00,0.00,4629.00,2314.00,2315.00,0.00,0.00,0.00,0.00,0.00,0.00,0.00,0.00,3,2,1,0,0.00,0.00,0.00,0.00,0.00,0.00,0.00,0.00,0.00,0.00,0.00,0.00,0.00,0.00,0.00,0.00,0.00,0.00,0.00,0.00,0.00,0.00,0.00,0.00,0.00,0.00,0.00,0.00,0.00,0.00,0.00,0.00,0.00,0.00,0.00,0.00,0.00,0.00,0.00,0.00,0.00,0.00,0.00,0.00,0.00,0.00,0.00,0.00,0.00,0.00,0.00,0.00,0.00,55519.00,0.00,0.00,0.00,0.00,1995.37
0.00,0.00,0.00,2.02,0.00,0.00,9.09,0.00,0.00,88.89,0.00,369.00,0.00,0.00,0.00,20.00,0.00,0.00,27540.00,0.00,0.00,0.00,0.00,2.00,0.00,2.00,0.00,40.00,652372,1135504,1388348,68.03,47668,557172,3709364,181.77,853016,372256,108,620512,100048,7392,28788,0,0,0,0.00,0,0.00,0,0,0.00,26537,7616,36885,0,0,462,0.01,0.00,0.03,0,0.00,0.00,0.00,0.00,0.00,0.00,2.00,0.00,20.00,10.00,0.00,26.00,0.00,0.00,55349.00,2307.00,75719.98,130.67,0.00,0.00,0.00,0.00,0.00,0.00,0.00,0.00,0.00,0.00,0.00,0.00,0.00,0.00,0.00,0.00,0.00,0.00,0.00,0.00,0.00,0.00,0.00,0.00,0.00,0.00,0.00,0.00,0.00,0.00,721,3,5,0,0,0,55365.00,0.00,4611.00,2308.00,53061.00,2307.00,0.00,0.00,0.00,0.00,0.00,0.00,0.00,0.00,0.00,0.00,0.00,0.00,0.00,0.00,0.00,0.00,0.00,0.00,0.00,0.00,0.00,0.00,0.00,0.00,0.00,0.00,0.00,0.00,0.00,0.00,0.00,0.00,0.00,0.00,0.00,0.00,0.00,0.00,4611.00,2308.00,2304.00,0.00,1.00,0.00,0.00,0.00,0.00,0.00,0.00,3,2,1,0,0.00,0.00,0.00,0.00,0.00,0.00,0.00,0.00,0.00,0.00,0.00,0.00,0.00,0.00,0.00,0.00,0.00,0.00,0.00,0.00,0.00,0.00,0.00,0.00,0.00,0.00,0.00,0.00,0.00,0.00,0.00,0.00,0.00,0.00,0.00,0.00,0.00,0.00,0.00,0.00,0.00,0.00,0.00,0.00,0.00,0.00,0.00,0.00,0.00,0.00,0.00,0.00,0.00,55396.00,0.00,0.00,0.00,0.00,1995.37
0.51,0.00,0.00,0.00,0.00,0.00,7.65,0.00,0.00,91.84,0.00,350.00,0.00,0.00,0.00,0.00,0.00,0.00,26923.00,0.00,0.00,0.00,0.00,0.00,0.00,0.00,0.00,0.00,652248,1135436,1388472,68.04,47668,557188,3709364,181.77,853024,372304,124,620512,100048,7392,28788,0,0,0,0.00,0,0.00,0,0,0.00,26537,7616,36885,0,0,462,0.01,0.00,0.03,0,0.00,0.00,0.00,0.00,0.00,0.00,0.00,0.00,0.00,0.00,0.00,0.00,0.00,0.00,54593.00,2277.00,74670.24,128.96,0.00,0.00,0.00,0.00,0.00,0.00,0.00,2.00,0.00,0.00,0.00,0.00,0.00,0.00,0.00,0.00,0.00,0.00,0.00,0.00,0.00,0.00,0.00,0.00,0.00,0.00,0.00,0.00,0.00,0.00,721,3,5,0,0,0,54575.00,0.00,4547.00,2276.00,52302.00,2274.00,0.00,0.00,0.00,0.00,0.00,0.00,0.00,0.00,0.00,0.00,0.00,0.00,0.00,0.00,0.00,0.00,0.00,0.00,0.00,0.00,0.00,0.00,0.00,0.00,0.00,0.00,0.00,0.00,0.00,0.00,0.00,0.00,0.00,0.00,0.00,0.00,0.00,0.00,4549.00,2277.00,2274.00,0.00,2.00,0.00,0.00,0.00,0.00,0.00,0.00,3,2,1,0,0.00,0.00,0.00,0.00,0.00,0.00,0.00,0.00,0.00,0.00,0.00,0.00,0.00,0.00,0.00,0.00,0.00,0.00,0.00,0.00,0.00,0.00,0.00,0.00,0.00,0.00,0.00,0.00,0.00,0.00,0.00,0.00,0.00,0.00,0.00,0.00,0.00,0.00,0.00,0.00,0.00,0.00,0.00,0.00,0.00,0.00,0.00,0.00,0.00,0.00,0.00,0.00,0.00,54595.00,0.00,0.00,0.00,0.00,1995.37
0.00,0.00,0.00,0.00,0.49,0.00,10.78,0.00,0.00,88.73,0.00,376.00,0.00,0.00,0.00,0.00,0.00,0.00,27156.00,0.00,0.00,0.00,0.00,0.00,0.00,0.00,0.00,0.00,652280,1135468,1388440,68.04,47668,557204,3709364,181.77,853024,372304,140,620512,100048,7392,28788,0,0,0,0.00,0,0.00,0,0,0.00,26537,7616,36885,0,0,462,0.00,0.00,0.03,0,0.00,0.00,0.00,0.00,0.00,0.00,0.00,0.00,0.00,0.00,0.00,0.00,0.00,0.00,53864.00,2246.00,73684.30,127.21,0.00,0.00,0.00,0.00,0.00,0.00,0.00,0.00,0.00,0.00,0.00,0.00,0.00,0.00,0.00,0.00,0.00,0.00,0.00,0.00,0.00,0.00,0.00,0.00,0.00,0.00,0.00,0.00,0.00,0.00,721,3,5,0,0,0,53833.00,0.00,4487.00,2245.00,51589.00,2243.00,0.00,0.00,0.00,0.00,0.00,0.00,0.00,0.00,0.00,0.00,0.00,0.00,0.00,0.00,0.00,0.00,0.00,0.00,0.00,0.00,0.00,0.00,0.00,0.00,0.00,0.00,0.00,0.00,0.00,0.00,0.00,0.00,0.00,0.00,0.00,0.00,0.00,0.00,4486.00,2244.00,2246.00,0.00,2.00,0.00,0.00,0.00,0.00,0.00,0.00,3,2,1,0,0.00,0.00,0.00,0.00,0.00,0.00,0.00,0.00,0.00,0.00,0.00,0.00,0.00,0.00,0.00,0.00,0.00,0.00,0.00,0.00,0.00,0.00,0.00,0.00,0.00,0.00,0.00,0.00,0.00,0.00,0.00,0.00,0.00,0.00,0.00,0.00,0.00,0.00,0.00,0.00,0.00,0.00,0.00,0.00,0.00,0.00,0.00,0.00,0.00,0.00,0.00,0.00,0.00,53839.00,0.00,0.00,0.00,0.00,1995.37
0.50,0.00,0.00,0.00,0.00,0.00,9.00,0.00,0.00,90.50,0.00,359.00,0.00,0.00,0.00,0.00,0.00,0.00,26251.00,0.00,0.00,0.00,0.00,0.00,0.00,0.00,0.00,0.00,652216,1135404,1388504,68.04,47668,557220,3709364,181.77,853024,372304,156,620512,100048,7392,28788,0,0,0,0.00,0,0.00,0,0,0.00,26537,7616,36885,0,0,462,0.00,0.00,0.03,0,0.00,0.00,0.00,0.00,0.00,0.00,0.00,0.00,0.00,0.00,0.00,0.00,0.00,0.00,52282.00,2181.00,71517.74,123.53,0.00,0.00,0.00,0.00,0.00,0.00,0.00,1.00,0.00,0.00,0.00,0.00,0.00,0.00,0.00,0.00,0.00,0.00,0.00,0.00,0.00,0.00,0.00,0.00,0.00,0.00,0.00,0.00,0.00,0.00,721,3,5,0,0,0,52299.00,0.00,4359.00,2182.00,50117.00,2179.00,0.00,0.00,0.00,0.00,0.00,0.00,0.00,0.00,0.00,0.00,0.00,0.00,0.00,0.00,0.00,0.00,0.00,0.00,0.00,0.00,0.00,0.00,0.00,0.00,0.00,0.00,0.00,0.00,0.00,0.00,0.00,0.00,0.00,0.00,0.00,0.00,0.00,0.00,4358.00,2182.00,2177.00,0.00,3.00,0.00,0.00,0.00,0.00,0.00,0.00,3,2,1,0,0.00,0.00,0.00,0.00,0.00,0.00,0.00,0.00,0.00,0.00,0.00,0.00,0.00,0.00,0.00,0.00,0.00,0.00,0.00,0.00,0.00,0.00,0.00,0.00,0.00,0.00,0.00,0.00,0.00,0.00,0.00,0.00,0.00,0.00,0.00,0.00,0.00,0.00,0.00,0.00,0.00,0.00,0.00,0.00,0.00,0.00,0.00,0.00,0.00,0.00,0.00,0.00,0.00,52305.00,0.00,0.00,0.00,0.00,1995.37
0.00,0.00,0.50,0.00,0.00,0.00,9.95,0.00,0.00,89.55,0.00,353.00,0.00,0.00,0.00,0.00,0.00,0.00,26435.00,0.00,0.00,0.00,0.00,0.00,0.00,0.00,0.00,0.00,652280,1135528,1388440,68.04,47668,557236,3709364,181.77,853024,372360,172,620512,100052,7392,28788,0,0,0,0.00,0,0.00,0,0,0.00,26537,7616,36885,0,0,462,0.00,0.00,0.03,0,0.00,0.00,0.00,0.00,0.00,0.00,0.00,0.00,0.00,0.00,0.00,0.00,0.00,0.00,52322.00,2180.00,71582.46,123.48,0.00,0.00,0.00,0.00,0.00,0.00,0.00,0.00,0.00,0.00,0.00,0.00,0.00,0.00,0.00,0.00,0.00,0.00,0.00,0.00,0.00,0.00,0.00,0.00,0.00,0.00,0.00,0.00,0.00,0.00,721,3,5,0,0,0,52319.00,0.00,4359.00,2180.00,50140.00,2180.00,0.00,0.00,0.00,0.00,0.00,0.00,0.00,0.00,0.00,0.00,0.00,0.00,0.00,0.00,0.00,0.00,0.00,0.00,0.00,0.00,0.00,0.00,0.00,0.00,0.00,0.00,0.00,0.00,0.00,0.00,0.00,0.00,0.00,0.00,0.00,0.00,0.00,0.00,4361.00,2181.00,2181.00,0.00,0.00,0.00,0.00,0.00,0.00,0.00,0.00,3,2,1,0,0.00,0.00,0.00,0.00,0.00,0.00,0.00,0.00,0.00,0.00,0.00,0.00,0.00,0.00,0.00,0.00,0.00,0.00,0.00,0.00,0.00,0.00,0.00,0.00,0.00,0.00,0.00,0.00,0.00,0.00,0.00,0.00,0.00,0.00,0.00,0.00,0.00,0.00,0.00,0.00,0.00,0.00,0.00,0.00,0.00,0.00,0.00,0.00,0.00,0.00,0.00,0.00,0.00,52322.00,0.00,0.00,0.00,0.00,1995.37
0.00,0.00,0.00,1.45,0.00,0.00,12.08,0.00,0.00,86.47,0.00,400.00,0.00,0.00,0.00,200.00,0.00,0.00,25172.00,0.00,0.00,0.00,0.00,9.00,0.00,9.00,0.00,400.00,652216,1135464,1388504,68.04,47676,557252,3709364,181.77,853024,372360,20,620512,100052,7392,28788,0,0,0,0.00,0,0.00,0,0,0.00,26537,7616,36885,0,0,462,0.00,0.00,0.03,0,0.00,0.00,0.00,0.00,0.00,0.00,9.00,0.00,200.00,22.22,0.01,7.11,0.89,0.80,51926.00,2165.00,71024.97,122.63,0.00,0.00,0.00,0.00,0.00,0.00,0.00,1.00,0.00,0.00,0.00,0.00,0.00,0.00,0.00,0.00,0.00,0.00,0.00,0.00,0.00,0.00,0.00,0.00,0.00,0.00,0.00,0.00,0.00,0.00,721,3,5,0,0,0,51915.00,0.00,4329.00,2165.00,49749.00,2163.00,0.00,0.00,0.00,0.00,0.00,0.00,0.00,0.00,0.00,0.00,0.00,0.00,0.00,0.00,0.00,0.00,0.00,0.00,0.00,0.00,0.00,0.00,0.00,0.00,0.00,0.00,0.00,0.00,0.00,0.00,0.00,0.00,0.00,0.00,0.00,0.00,0.00,0.00,4327.00,2165.00,2164.00,0.00,2.00,0.00,0.00,0.00,0.00,0.00,0.00,3,2,1,0,0.00,0.00,0.00,0.00,0.00,0.00,0.00,0.00,0.00,0.00,0.00,0.00,0.00,0.00,0.00,0.00,0.00,0.00,0.00,0.00,0.00,0.00,0.00,0.00,0.00,0.00,0.00,0.00,0.00,0.00,0.00,0.00,0.00,0.00,0.00,0.00,0.00,0.00,0.00,0.00,0.00,0.00,0.00,0.00,0.00,0.00,0.00,0.00,0.00,0.00,0.00,0.00,0.00,51949.00,0.00,0.00,0.00,0.00,1995.37
0.50,0.00,0.00,0.00,0.50,0.00,9.41,0.00,0.00,89.60,0.00,362.00,0.00,0.00,0.00,0.00,0.00,0.00,24628.00,0.00,0.00,0.00,0.00,0.00,0.00,0.00,0.00,0.00,652240,1135492,1388480,68.04,47676,557268,3709364,181.77,853024,372360,20,620512,100060,7392,28788,0,0,0,0.00,0,0.00,0,0,0.00,26537,7616,36885,0,0,462,0.00,0.00,0.03,0,0.00,0.00,0.00,0.00,0.00,0.00,0.00,0.00,0.00,0.00,0.00,0.00,0.00,0.00,50665.00,2111.00,69317.32,119.56,0.00,0.00,0.00,0.00,0.00,0.00,0.00,0.00,0.00,0.00,0.00,0.00,0.00,0.00,0.00,0.00,0.00,0.00,0.00,0.00,0.00,0.00,0.00,0.00,0.00,0.00,0.00,0.00,0.00,0.00,721,3,5,0,0,0,50643.00,0.00,4223.00,2110.00,48530.00,2110.00,0.00,0.00,0.00,0.00,0.00,0.00,0.00,0.00,0.00,0.00,0.00,0.00,0.00,0.00,0.00,0.00,0.00,0.00,0.00,0.00,0.00,0.00,0.00,0.00,0.00,0.00,0.00,0.00,0.00,0.00,0.00,0.00,0.00,0.00,0.00,0.00,0.00,0.00,4219.00,2109.00,2109.00,0.00,0.00,0.00,0.00,0.00,0.00,0.00,0.00,3,2,1,0,0.00,0.00,0.00,0.00,0.00,0.00,0.00,0.00,0.00,0.00,0.00,0.00,0.00,0.00,0.00,0.00,0.00,0.00,0.00,0.00,0.00,0.00,0.00,0.00,0.00,0.00,0.00,0.00,0.00,0.00,0.00,0.00,0.00,0.00,0.00,0.00,0.00,0.00,0.00,0.00,0.00,0.00,0.00,0.00,0.00,0.00,0.00,0.00,0.00,0.00,0.00,0.00,0.00,50642.00,0.00,0.00,0.00,0.00,1995.37
0.50,0.00,0.00,0.00,0.00,0.00,8.04,0.00,0.00,91.46,0.00,361.00,0.00,0.00,0.00,0.00,1.00,0.00,24278.00,0.00,0.00,0.00,0.00,0.00,0.00,0.00,0.00,0.00,652400,1135708,1388320,68.03,47676,557284,3709364,181.77,853032,372408,36,620512,100060,7392,28788,0,0,0,0.00,0,0.00,0,0,0.00,26537,7616,36885,0,0,462,0.00,0.00,0.03,0,0.00,0.00,0.00,0.00,0.00,0.00,0.00,0.00,0.00,0.00,0.00,0.00,0.00,0.00,49090.00,2046.00,67150.16,115.89,0.00,0.00,0.00,0.00,0.00,0.00,0.00,3.00,0.00,0.00,0.00,0.00,0.00,0.00,0.00,0.00,0.00,0.00,0.00,0.00,0.00,0.00,0.00,0.00,0.00,0.00,0.00,0.00,0.00,0.00,721,3,5,0,0,0,49105.00,0.00,4093.00,2047.00,47058.00,2046.00,0.00,0.00,0.00,0.00,0.00,0.00,0.00,0.00,0.00,0.00,0.00,0.00,0.00,0.00,0.00,0.00,0.00,0.00,0.00,0.00,0.00,0.00,0.00,0.00,0.00,0.00,0.00,0.00,0.00,0.00,0.00,0.00,0.00,0.00,0.00,0.00,0.00,0.00,4093.00,2048.00,2046.00,0.00,1.00,0.00,0.00,0.00,0.00,0.00,0.00,3,2,1,0,0.00,0.00,0.00,0.00,0.00,0.00,0.00,0.00,0.00,0.00,0.00,0.00,0.00,0.00,0.00,0.00,0.00,0.00,0.00,0.00,0.00,0.00,0.00,0.00,0.00,0.00,0.00,0.00,0.00,0.00,0.00,0.00,0.00,0.00,0.00,0.00,0.00,0.00,0.00,0.00,0.00,0.00,0.00,0.00,0.00,0.00,0.00,0.00,0.00,0.00,0.00,0.00,0.00,49091.00,0.00,0.00,0.00,0.00,1995.37
0.00,0.00,0.00,0.00,0.00,0.00,9.95,0.00,0.00,90.05,0.00,357.00,0.00,0.00,0.00,0.00,0.00,0.00,23404.00,0.00,0.00,0.00,0.00,0.00,0.00,0.00,0.00,0.00,652084,1135396,1388636,68.05,47676,557300,3709364,181.77,853032,372412,52,620516,100060,7392,28788,0,0,0,0.00,0,0.00,0,0,0.00,26537,7616,36885,0,0,462,0.00,0.00,0.03,0,0.00,0.00,0.00,0.00,0.00,0.00,0.00,0.00,0.00,0.00,0.00,0.00,0.00,0.00,47789.00,1992.00,65376.68,112.82,0.00,0.00,0.00,0.00,0.00,0.00,0.00,0.00,0.00,0.00,0.00,0.00,0.00,0.00,0.00,0.00,0.00,0.00,0.00,0.00,0.00,0.00,0.00,0.00,0.00,0.00,0.00,0.00,0.00,0.00,721,3,5,0,0,0,47785.00,0.00,3983.00,1992.00,45793.00,1991.00,0.00,0.00,0.00,0.00,0.00,0.00,0.00,0.00,0.00,0.00,0.00,0.00,0.00,0.00,0.00,0.00,0.00,0.00,0.00,0.00,0.00,0.00,0.00,0.00,0.00,0.00,0.00,0.00,0.00,0.00,0.00,0.00,0.00,0.00,0.00,0.00,0.00,0.00,3981.00,1992.00,1990.00,0.00,1.00,0.00,0.00,0.00,0.00,0.00,0.00,3,2,1,0,0.00,0.00,0.00,0.00,0.00,0.00,0.00,0.00,0.00,0.00,0.00,0.00,0.00,0.00,0.00,0.00,0.00,0.00,0.00,0.00,0.00,0.00,0.00,0.00,0.00,0.00,0.00,0.00,0.00,0.00,0.00,0.00,0.00,0.00,0.00,0.00,0.00,0.00,0.00,0.00,0.00,0.00,0.00,0.00,0.00,0.00,0.00,0.00,0.00,0.00,0.00,0.00,0.00,47810.00,0.00,0.00,0.00,0.00,1995.37
0.50,0.00,0.50,0.00,0.00,0.00,7.54,0.00,0.00,91.46,0.00,337.00,0.00,0.00,0.00,0.00,0.00,0.00,23604.00,0.00,0.00,0.00,0.00,0.00,0.00,0.00,0.00,0.00,652212,1135524,1388508,68.04,47676,557312,3709364,181.77,853032,372412,64,620516,100060,7392,28788,0,0,0,0.00,0,0.00,0,0,0.00,26537,7616,36885,0,0,462,0.00,0.00,0.03,0,0.00,0.00,0.00,0.00,0.00,0.00,0.00,0.00,0.00,0.00,0.00,0.00,0.00,0.00,47343.00,1972.00,64753.38,111.70,0.00,0.00,0.00,0.00,0.00,0.00,0.00,1.00,0.00,0.00,0.00,0.00,0.00,0.00,0.00,0.00,0.00,0.00,0.00,0.00,0.00,0.00,0.00,0.00,0.00,0.00,0.00,0.00,0.00,0.00,721,3,5,0,0,0,47306.00,0.00,3944.00,1971.00,45333.00,1971.00,0.00,0.00,0.00,0.00,0.00,0.00,0.00,0.00,0.00,0.00,0.00,0.00,0.00,0.00,0.00,0.00,0.00,0.00,0.00,0.00,0.00,0.00,0.00,0.00,0.00,0.00,0.00,0.00,0.00,0.00,0.00,0.00,0.00,0.00,0.00,0.00,0.00,0.00,3945.00,1972.00,1973.00,0.00,0.00,0.00,0.00,0.00,0.00,0.00,0.00,3,2,1,0,0.00,0.00,0.00,0.00,0.00,0.00,0.00,0.00,0.00,0.00,0.00,0.00,0.00,0.00,0.00,0.00,0.00,0.00,0.00,0.00,0.00,0.00,0.00,0.00,0.00,0.00,0.00,0.00,0.00,0.00,0.00,0.00,0.00,0.00,0.00,0.00,0.00,0.00,0.00,0.00,0.00,0.00,0.00,0.00,0.00,0.00,0.00,0.00,0.00,0.00,0.00,0.00,0.00,47343.00,0.00,0.00,0.00,0.00,1995.37
0.50,0.00,0.00,4.52,0.00,0.00,8.54,0.00,0.00,86.43,0.00,362.00,0.00,0.00,0.00,20.00,0.00,0.00,23076.00,0.00,0.00,0.00,0.00,2.00,0.00,2.00,0.00,40.00,652180,1135544,1388540,68.04,47684,557328,3709364,181.77,853044,372456,88,620516,100060,7392,28788,0,0,0,0.00,0,0.00,0,0,0.00,26537,7616,36885,0,0,462,0.00,0.00,0.03,0,0.00,0.00,0.00,0.00,0.00,0.00,2.00,0.00,20.00,10.00,0.00,54.00,0.00,0.00,45796.00,1908.00,62651.22,108.07,0.00,0.00,0.00,0.00,0.00,0.00,0.00,0.00,0.00,0.00,0.00,0.00,0.00,0.00,0.00,0.00,0.00,0.00,0.00,0.00,0.00,0.00,0.00,0.00,0.00,0.00,0.00,0.00,0.00,0.00,721,3,5,0,0,0,45789.00,0.00,3813.00,1908.00,43884.00,1908.00,0.00,0.00,0.00,0.00,0.00,0.00,0.00,0.00,0.00,0.00,0.00,0.00,0.00,0.00,0.00,0.00,0.00,0.00,0.00,0.00,0.00,0.00,0.00,0.00,0.00,0.00,0.00,0.00,0.00,0.00,0.00,0.00,0.00,0.00,0.00,0.00,0.00,0.00,3812.00,1907.00,1905.00,0.00,0.00,0.00,0.00,0.00,0.00,0.00,0.00,3,2,1,0,0.00,0.00,0.00,0.00,0.00,0.00,0.00,0.00,0.00,0.00,0.00,0.00,0.00,0.00,0.00,0.00,0.00,0.00,0.00,0.00,0.00,0.00,0.00,0.00,0.00,0.00,0.00,0.00,0.00,0.00,0.00,0.00,0.00,0.00,0.00,0.00,0.00,0.00,0.00,0.00,0.00,0.00,0.00,0.00,0.00,0.00,0.00,0.00,0.00,0.00,0.00,0.00,0.00,45773.00,0.00,0.00,0.00,0.00,1995.37
0.00,0.00,0.00,0.00,0.50,0.00,8.46,0.00,0.00,91.04,0.00,362.00,0.00,0.00,0.00,96.00,0.00,0.00,22060.00,0.00,0.00,0.00,0.00,2.00,0.00,2.00,0.00,192.00,652180,1135544,1388540,68.04,47684,557344,3709364,181.77,853044,372456,20,620516,100060,7392,28788,0,0,0,0.00,0,0.00,0,0,0.00,26537,7616,36885,0,0,462,0.00,0.00,0.03,0,0.00,0.00,0.00,0.00,0.00,0.00,2.00,0.00,96.00,48.00,0.00,4.00,0.00,0.00,44553.00,1859.00,60944.02,105.29,0.00,0.00,0.00,0.00,0.00,0.00,0.00,1.00,0.00,0.00,0.00,0.00,0.00,0.00,0.00,0.00,0.00,0.00,0.00,0.00,0.00,0.00,0.00,0.00,0.00,0.00,0.00,0.00,0.00,0.00,721,3,5,0,0,0,44547.00,0.00,3715.00,1859.00,42688.00,1856.00,0.00,0.00,0.00,0.00,0.00,0.00,0.00,0.00,0.00,0.00,0.00,0.00,0.00,0.00,0.00,0.00,0.00,0.00,0.00,0.00,0.00,0.00,0.00,0.00,0.00,0.00,0.00,0.00,0.00,0.00,0.00,0.00,0.00,0.00,0.00,0.00,0.00,0.00,3714.00,1859.00,1858.00,0.00,3.00,0.00,0.00,0.00,0.00,0.00,0.00,3,2,1,0,0.00,0.00,0.00,0.00,0.00,0.00,0.00,0.00,0.00,0.00,0.00,0.00,0.00,0.00,0.00,0.00,0.00,0.00,0.00,0.00,0.00,0.00,0.00,0.00,0.00,0.00,0.00,0.00,0.00,0.00,0.00,0.00,0.00,0.00,0.00,0.00,0.00,0.00,0.00,0.00,0.00,0.00,0.00,0.00,0.00,0.00,0.00,0.00,0.00,0.00,0.00,0.00,0.00,44507.00,0.00,0.00,0.00,0.00,1995.37
0.00,0.00,0.00,0.00,0.00,0.00,10.29,0.00,0.00,89.71,0.00,360.00,0.00,0.00,0.00,0.00,0.00,0.00,22508.00,0.00,0.00,0.00,0.00,0.00,0.00,0.00,0.00,0.00,652116,1135480,1388604,68.04,47684,557360,3709364,181.77,853044,372456,20,620516,100060,7392,28788,0,0,0,0.00,0,0.00,0,0,0.00,26537,7616,36885,0,0,462,0.00,0.00,0.03,0,0.00,0.00,0.00,0.00,0.00,0.00,0.00,0.00,0.00,0.00,0.00,0.00,0.00,0.00,45964.00,1916.00,62881.05,108.52,0.00,0.00,0.00,0.00,0.00,0.00,0.00,0.00,0.00,0.00,0.00,0.00,0.00,0.00,0.00,0.00,0.00,0.00,0.00,0.00,0.00,0.00,0.00,0.00,0.00,0.00,0.00,0.00,0.00,0.00,721,3,5,0,0,0,45982.00,0.00,3830.00,1917.00,44068.00,1916.00,0.00,0.00,0.00,0.00,0.00,0.00,0.00,0.00,0.00,0.00,0.00,0.00,0.00,0.00,0.00,0.00,0.00,0.00,0.00,0.00,0.00,0.00,0.00,0.00,0.00,0.00,0.00,0.00,0.00,0.00,0.00,0.00,0.00,0.00,0.00,0.00,0.00,0.00,3829.00,1916.00,1914.00,0.00,1.00,0.00,0.00,0.00,0.00,0.00,0.00,3,2,1,0,0.00,0.00,0.00,0.00,0.00,0.00,0.00,0.00,0.00,0.00,0.00,0.00,0.00,0.00,0.00,0.00,0.00,0.00,0.00,0.00,0.00,0.00,0.00,0.00,0.00,0.00,0.00,0.00,0.00,0.00,0.00,0.00,0.00,0.00,0.00,0.00,0.00,0.00,0.00,0.00,0.00,0.00,0.00,0.00,0.00,0.00,0.00,0.00,0.00,0.00,0.00,0.00,0.00,46010.00,0.00,0.00,0.00,0.00,1995.37
0.50,0.00,0.00,0.00,0.00,0.00,8.00,0.00,0.00,91.50,0.00,365.00,0.00,0.00,0.00,0.00,0.00,0.00,20732.00,0.00,0.00,0.00,0.00,0.00,0.00,0.00,0.00,0.00,652084,1135448,1388636,68.05,47684,557376,3709364,181.77,853044,372456,36,620516,100064,7392,28788,0,0,0,0.00,0,0.00,0,0,0.00,26537,7616,36885,0,0,462,0.00,0.00,0.03,0,0.00,0.00,0.00,0.00,0.00,0.00,0.00,0.00,0.00,0.00,0.00,0.00,0.00,0.00,41892.00,1748.00,57299.40,99.01,0.00,0.00,0.00,0.00,0.00,0.00,0.00,1.00,0.00,0.00,0.00,0.00,0.00,0.00,0.00,0.00,0.00,0.00,0.00,0.00,0.00,0.00,0.00,0.00,0.00,0.00,0.00,0.00,0.00,0.00,721,3,5,0,0,0,41882.00,0.00,3492.00,1748.00,40135.00,1745.00,0.00,0.00,0.00,0.00,0.00,0.00,0.00,0.00,0.00,0.00,0.00,0.00,0.00,0.00,0.00,0.00,0.00,0.00,0.00,0.00,0.00,0.00,0.00,0.00,0.00,0.00,0.00,0.00,0.00,0.00,0.00,0.00,0.00,0.00,0.00,0.00,0.00,0.00,3496.00,1751.00,1749.00,0.00,3.00,0.00,0.00,0.00,0.00,0.00,0.00,3,2,1,0,0.00,0.00,0.00,0.00,0.00,0.00,0.00,0.00,0.00,0.00,0.00,0.00,0.00,0.00,0.00,0.00,0.00,0.00,0.00,0.00,0.00,0.00,0.00,0.00,0.00,0.00,0.00,0.00,0.00,0.00,0.00,0.00,0.00,0.00,0.00,0.00,0.00,0.00,0.00,0.00,0.00,0.00,0.00,0.00,0.00,0.00,0.00,0.00,0.00,0.00,0.00,0.00,0.00,41964.00,0.00,0.00,0.00,0.00,1995.37
0.00,0.00,0.00,0.00,0.00,0.00,7.58,0.00,0.00,92.42,0.00,339.00,0.00,0.00,0.00,0.00,0.00,0.00,20412.00,0.00,0.00,0.00,0.00,0.00,0.00,0.00,0.00,0.00,652084,1135504,1388636,68.05,47684,557392,3709364,181.77,853044,372512,52,620516,100064,7392,28788,0,0,0,0.00,0,0.00,0,0,0.00,26537,7616,36885,0,0,462,0.00,0.00,0.03,0,0.00,0.00,0.00,0.00,0.00,0.00,0.00,0.00,0.00,0.00,0.00,0.00,0.00,0.00,42463.00,1769.00,58087.37,100.20,0.00,0.00,0.00,0.00,0.00,0.00,0.00,0.00,0.00,0.00,0.00,0.00,0.00,0.00,0.00,0.00,0.00,0.00,0.00,0.00,0.00,0.00,0.00,0.00,0.00,0.00,0.00,0.00,0.00,0.00,721,3,5,0,0,0,42433.00,0.00,3537.00,1768.00,40664.00,1768.00,0.00,0.00,0.00,0.00,0.00,0.00,0.00,0.00,0.00,0.00,0.00,0.00,0.00,0.00,0.00,0.00,0.00,0.00,0.00,0.00,0.00,0.00,0.00,0.00,0.00,0.00,0.00,0.00,0.00,0.00,0.00,0.00,0.00,0.00,0.00,0.00,0.00,0.00,3533.00,1766.00,1766.00,0.00,0.00,0.00,0.00,0.00,0.00,0.00,0.00,3,2,1,0,0.00,0.00,0.00,0.00,0.00,0.00,0.00,0.00,0.00,0.00,0.00,0.00,0.00,0.00,0.00,0.00,0.00,0.00,0.00,0.00,0.00,0.00,0.00,0.00,0.00,0.00,0.00,0.00,0.00,0.00,0.00,0.00,0.00,0.00,0.00,0.00,0.00,0.00,0.00,0.00,0.00,0.00,0.00,0.00,0.00,0.00,0.00,0.00,0.00,0.00,0.00,0.00,0.00,42367.00,0.00,0.00,0.00,0.00,1995.37
0.49,0.00,0.49,4.41,0.49,0.00,8.82,0.00,0.00,85.29,0.00,358.00,0.00,0.00,0.00,20.00,0.00,0.00,20316.00,0.00,0.00,0.00,0.00,2.00,0.00,2.00,0.00,40.00,652056,1135476,1388664,68.05,47692,557408,3709364,181.77,853044,372512,76,620516,100064,7392,28788,0,0,0,0.00,0,0.00,0,0,0.00,26537,7616,36885,0,0,462,0.00,0.00,0.03,0,0.00,0.00,0.00,0.00,0.00,0.00,2.00,0.00,20.00,10.00,0.00,54.00,0.00,0.00,41759.00,1742.00,57134.49,98.67,0.00,0.00,0.00,0.00,0.00,0.00,0.00,1.00,0.00,0.00,0.00,0.00,0.00,0.00,0.00,0.00,0.00,0.00,0.00,0.00,0.00,0.00,0.00,0.00,0.00,0.00,0.00,0.00,0.00,0.00,721,3,5,0,0,0,41781.00,0.00,3479.00,1743.00,40043.00,1741.00,0.00,0.00,0.00,0.00,0.00,0.00,0.00,0.00,0.00,0.00,0.00,0.00,0.00,0.00,0.00,0.00,0.00,0.00,0.00,0.00,0.00,0.00,0.00,0.00,0.00,0.00,0.00,0.00,0.00,0.00,0.00,0.00,0.00,0.00,0.00,0.00,0.00,0.00,3478.00,1742.00,1738.00,0.00,2.00,0.00,0.00,0.00,0.00,0.00,0.00,3,2,1,0,0.00,0.00,0.00,0.00,0.00,0.00,0.00,0.00,0.00,0.00,0.00,0.00,0.00,0.00,0.00,0.00,0.00,0.00,0.00,0.00,0.00,0.00,0.00,0.00,0.00,0.00,0.00,0.00,0.00,0.00,0.00,0.00,0.00,0.00,0.00,0.00,0.00,0.00,0.00,0.00,0.00,0.00,0.00,0.00,0.00,0.00,0.00,0.00,0.00,0.00,0.00,0.00,0.00,41807.00,0.00,0.00,0.00,0.00,1995.37
0.00,0.00,0.00,0.00,0.00,0.00,10.73,0.00,0.00,89.27,0.00,353.00,0.00,0.00,0.00,0.00,0.00,0.00,20100.00,0.00,0.00,0.00,0.00,0.00,0.00,0.00,0.00,0.00,651992,1135412,1388728,68.05,47692,557424,3709364,181.77,853044,372512,92,620516,100064,7392,28788,0,0,0,0.00,0,0.00,0,0,0.00,26537,7616,36885,0,0,462,0.00,0.00,0.03,0,0.00,0.00,0.00,0.00,0.00,0.00,0.00,0.00,0.00,0.00,0.00,0.00,0.00,0.00,41521.00,1731.00,56806.23,98.04,0.00,0.00,0.00,0.00,0.00,0.00,0.00,0.00,0.00,0.00,0.00,0.00,0.00,0.00,0.00,0.00,0.00,0.00,0.00,0.00,0.00,0.00,0.00,0.00,0.00,0.00,0.00,0.00,0.00,0.00,721,3,5,0,0,0,41520.00,0.00,3460.00,1731.00,39790.00,1730.00,0.00,0.00,0.00,0.00,0.00,0.00,0.00,0.00,0.00,0.00,0.00,0.00,0.00,0.00,0.00,0.00,0.00,0.00,0.00,0.00,0.00,0.00,0.00,0.00,0.00,0.00,0.00,0.00,0.00,0.00,0.00,0.00,0.00,0.00,0.00,0.00,0.00,0.00,3460.00,1731.00,1731.00,0.00,1.00,0.00,0.00,0.00,0.00,0.00,0.00,3,2,1,0,0.00,0.00,0.00,0.00,0.00,0.00,0.00,0.00,0.00,0.00,0.00,0.00,0.00,0.00,0.00,0.00,0.00,0.00,0.00,0.00,0.00,0.00,0.00,0.00,0.00,0.00,0.00,0.00,0.00,0.00,0.00,0.00,0.00,0.00,0.00,0.00,0.00,0.00,0.00,0.00,0.00,0.00,0.00,0.00,0.00,0.00,0.00,0.00,0.00,0.00,0.00,0.00,0.00,41475.00,0.00,0.00,0.00,0.00,1995.37
0.50,0.00,0.00,0.00,0.00,0.00,8.04,0.00,0.00,91.46,0.00,358.00,0.00,0.00,0.00,96.00,0.00,0.00,20902.00,0.00,0.00,0.00,0.00,1.00,0.00,1.00,0.00,192.00,651960,1135436,1388760,68.05,47692,557436,3709364,181.77,853052,372560,0,620516,100064,7392,28788,0,0,0,0.00,0,0.00,0,0,0.00,26537,7616,36885,0,0,462,0.00,0.00,0.03,0,0.00,0.00,0.00,0.00,0.00,0.00,1.00,0.00,96.00,96.00,0.00,0.00,0.00,0.00,42155.00,1759.00,57661.12,99.63,0.00,0.00,0.00,0.00,0.00,0.00,0.00,1.00,0.00,0.00,0.00,0.00,0.00,0.00,0.00,0.00,0.00,0.00,0.00,0.00,0.00,0.00,0.00,0.00,0.00,0.00,0.00,0.00,0.00,0.00,721,3,5,0,0,0,42118.00,0.00,3504.00,1758.00,40365.00,1755.00,0.00,0.00,0.00,0.00,0.00,0.00,0.00,0.00,0.00,0.00,0.00,0.00,0.00,0.00,0.00,0.00,0.00,0.00,0.00,0.00,0.00,0.00,0.00,0.00,0.00,0.00,0.00,0.00,0.00,0.00,0.00,0.00,0.00,0.00,0.00,0.00,0.00,0.00,3500.00,1758.00,1744.00,0.00,3.00,0.00,0.00,0.00,0.00,0.00,0.00,3,2,1,0,0.00,0.00,0.00,0.00,0.00,0.00,0.00,0.00,0.00,0.00,0.00,0.00,0.00,0.00,0.00,0.00,0.00,0.00,0.00,0.00,0.00,0.00,0.00,0.00,0.00,0.00,0.00,0.00,0.00,0.00,0.00,0.00,0.00,0.00,0.00,0.00,0.00,0.00,0.00,0.00,0.00,0.00,0.00,0.00,0.00,0.00,0.00,0.00,0.00,0.00,0.00,0.00,0.00,42131.00,0.00,0.00,0.00,0.00,1995.37
0.50,0.00,0.00,0.00,0.00,0.00,8.42,0.00,0.00,91.09,0.00,347.00,0.00,0.00,0.00,0.00,0.00,0.00,19836.00,0.00,0.00,0.00,0.00,0.00,0.00,0.00,0.00,0.00,652056,1135532,1388664,68.05,47692,557452,3709364,181.77,853052,372560,20,620516,100064,7392,28788,0,0,0,0.00,0,0.00,0,0,0.00,26537,7616,36885,0,0,462,0.00,0.00,0.03,0,0.00,0.00,0.00,0.00,0.00,0.00,0.00,0.00,0.00,0.00,0.00,0.00,0.00,0.00,39275.00,1648.00,53720.20,93.34,0.00,0.00,0.00,0.00,0.00,0.00,0.00,0.00,0.00,0.00,0.00,0.00,0.00,0.00,0.00,0.00,0.00,0.00,0.00,0.00,0.00,0.00,0.00,0.00,0.00,0.00,0.00,0.00,0.00,0.00,721,3,5,0,0,0,39293.00,0.00,3279.00,1649.00,37651.00,1637.00,0.00,0.00,0.00,0.00,0.00,0.00,0.00,0.00,0.00,0.00,0.00,0.00,0.00,0.00,0.00,0.00,0.00,0.00,0.00,0.00,0.00,0.00,0.00,0.00,0.00,0.00,0.00,0.00,0.00,0.00,0.00,0.00,0.00,0.00,0.00,0.00,0.00,0.00,3280.00,1649.00,1643.00,0.00,12.00,0.00,0.00,0.00,0.00,0.00,0.00,3,2,1,0,0.00,0.00,0.00,0.00,0.00,0.00,0.00,0.00,0.00,0.00,0.00,0.00,0.00,0.00,0.00,0.00,0.00,0.00,0.00,0.00,0.00,0.00,0.00,0.00,0.00,0.00,0.00,0.00,0.00,0.00,0.00,0.00,0.00,0.00,0.00,0.00,0.00,0.00,0.00,0.00,0.00,0.00,0.00,0.00,0.00,0.00,0.00,0.00,0.00,0.00,0.00,0.00,0.00,39321.00,0.00,0.00,0.00,0.00,1995.37
0.00,0.00,0.50,0.00,0.50,0.00,8.42,0.00,0.00,90.59,0.00,350.00,0.00,0.00,0.00,0.00,0.00,0.00,18852.00,0.00,0.00,0.00,0.00,0.00,0.00,0.00,0.00,0.00,652056,1135532,1388664,68.05,47692,557468,3709364,181.77,853052,372560,36,620516,100064,7392,28788,0,0,0,0.00,0,0.00,0,0,0.00,26537,7616,36885,0,0,462,0.00,0.00,0.03,0,0.00,0.00,0.00,0.00,0.00,0.00,0.00,0.00,0.00,0.00,0.00,0.00,0.00,0.00,37997.00,1586.00,51979.58,89.83,0.00,0.00,0.00,0.00,0.00,0.00,0.00,1.00,0.00,0.00,0.00,0.00,0.00,0.00,0.00,0.00,0.00,0.00,0.00,0.00,0.00,0.00,0.00,0.00,0.00,0.00,0.00,0.00,0.00,0.00,721,3,5,0,0,0,37969.00,0.00,3165.00,1585.00,36386.00,1582.00,0.00,0.00,0.00,0.00,0.00,0.00,0.00,0.00,0.00,0.00,0.00,0.00,0.00,0.00,0.00,0.00,0.00,0.00,0.00,0.00,0.00,0.00,0.00,0.00,0.00,0.00,0.00,0.00,0.00,0.00,0.00,0.00,0.00,0.00,0.00,0.00,0.00,0.00,3164.00,1585.00,1583.00,0.00,3.00,0.00,0.00,0.00,0.00,0.00,0.00,3,2,1,0,0.00,0.00,0.00,0.00,0.00,0.00,0.00,0.00,0.00,0.00,0.00,0.00,0.00,0.00,0.00,0.00,0.00,0.00,0.00,0.00,0.00,0.00,0.00,0.00,0.00,0.00,0.00,0.00,0.00,0.00,0.00,0.00,0.00,0.00,0.00,0.00,0.00,0.00,0.00,0.00,0.00,0.00,0.00,0.00,0.00,0.00,0.00,0.00,0.00,0.00,0.00,0.00,0.00,37951.00,0.00,0.00,0.00,0.00,1995.37
0.00,0.00,0.00,2.03,0.00,0.00,6.60,0.00,0.00,91.37,0.00,340.00,0.00,0.00,0.00,20.00,0.00,0.00,18372.00,0.00,0.00,0.00,0.00,2.00,0.00,2.00,0.00,40.00,652056,1135588,1388664,68.05,47700,557484,3709364,181.77,853060,372608,60,620516,100064,7392,28788,0,0,0,0.00,0,0.00,0,0,0.00,26537,7616,36885,0,0,462,0.00,0.00,0.03,0,0.00,0.00,0.00,0.00,0.00,0.00,2.00,0.00,20.00,10.00,0.00,26.00,0.00,0.00,36410.00,1521.00,49812.24,86.15,0.00,0.00,0.00,0.00,0.00,0.00,0.00,0.00,0.00,0.00,0.00,0.00,0.00,0.00,0.00,0.00,0.00,0.00,0.00,0.00,0.00,0.00,0.00,0.00,0.00,0.00,0.00,0.00,0.00,0.00,721,3,5,0,0,0,36407.00,0.00,3033.00,1521.00,34891.00,1517.00,0.00,0.00,0.00,0.00,0.00,0.00,0.00,0.00,0.00,0.00,0.00,0.00,0.00,0.00,0.00,0.00,0.00,0.00,0.00,0.00,0.00,0.00,0.00,0.00,0.00,0.00,0.00,0.00,0.00,0.00,0.00,0.00,0.00,0.00,0.00,0.00,0.00,0.00,3033.00,1521.00,1516.00,0.00,4.00,0.00,0.00,0.00,0.00,0.00,0.00,3,2,1,0,0.00,0.00,0.00,0.00,0.00,0.00,0.00,0.00,0.00,0.00,0.00,0.00,0.00,0.00,0.00,0.00,0.00,0.00,0.00,0.00,0.00,0.00,0.00,0.00,0.00,0.00,0.00,0.00,0.00,0.00,0.00,0.00,0.00,0.00,0.00,0.00,0.00,0.00,0.00,0.00,0.00,0.00,0.00,0.00,0.00,0.00,0.00,0.00,0.00,0.00,0.00,0.00,0.00,36409.00,0.00,0.00,0.00,0.00,1995.37
0.50,0.00,0.00,0.00,0.00,0.00,8.42,0.00,0.00,91.09,0.00,349.00,0.00,0.00,0.00,0.00,0.00,0.00,17628.00,0.00,0.00,0.00,0.00,0.00,0.00,0.00,0.00,0.00,652152,1135684,1388568,68.04,47700,557500,3709364,181.77,853060,372608,76,620516,100064,7392,28788,0,0,0,0.00,0,0.00,0,0,0.00,26537,7616,36885,0,0,462,0.00,0.00,0.03,0,0.00,0.00,0.00,0.00,0.00,0.00,0.00,0.00,0.00,0.00,0.00,0.00,0.00,0.00,36329.00,1517.00,49681.77,85.92,0.00,0.00,0.00,0.00,0.00,0.00,0.00,1.00,0.00,0.00,0.00,0.00,0.00,0.00,0.00,0.00,0.00,0.00,0.00,0.00,0.00,0.00,0.00,0.00,0.00,0.00,0.00,0.00,0.00,0.00,721,3,5,0,0,0,36335.00,0.00,3027.00,1518.00,34822.00,1514.00,0.00,0.00,0.00,0.00,0.00,0.00,0.00,0.00,0.00,0.00,0.00,0.00,0.00,0.00,0.00,0.00,0.00,0.00,0.00,0.00,0.00,0.00,0.00,0.00,0.00,0.00,0.00,0.00,0.00,0.00,0.00,0.00,0.00,0.00,0.00,0.00,0.00,0.00,3029.00,1519.00,1513.00,0.00,4.00,0.00,0.00,0.00,0.00,0.00,0.00,3,2,1,0,0.00,0.00,0.00,0.00,0.00,0.00,0.00,0.00,0.00,0.00,0.00,0.00,0.00,0.00,0.00,0.00,0.00,0.00,0.00,0.00,0.00,0.00,0.00,0.00,0.00,0.00,0.00,0.00,0.00,0.00,0.00,0.00,0.00,0.00,0.00,0.00,0.00,0.00,0.00,0.00,0.00,0.00,0.00,0.00,0.00,0.00,0.00,0.00,0.00,0.00,0.00,0.00,0.00,36376.00,0.00,0.00,0.00,0.00,1995.37
0.00,0.00,0.00,0.00,0.00,0.00,8.42,0.00,0.00,91.58,0.00,345.00,0.00,0.00,0.00,0.00,0.00,0.00,17148.00,0.00,0.00,0.00,0.00,0.00,0.00,0.00,0.00,0.00,651804,1135340,1388916,68.06,47700,557516,3709364,181.77,853060,372608,92,620516,100068,7392,28788,0,0,0,0.00,0,0.00,0,0,0.00,26537,7616,36885,0,0,462,0.00,0.00,0.03,0,0.00,0.00,0.00,0.00,0.00,0.00,0.00,0.00,0.00,0.00,0.00,0.00,0.00,0.00,34877.00,1457.00,47710.91,82.51,0.00,0.00,0.00,0.00,0.00,0.00,0.00,0.00,0.00,0.00,0.00,0.00,0.00,0.00,0.00,0.00,0.00,0.00,0.00,0.00,0.00,0.00,0.00,0.00,0.00,0.00,0.00,0.00,0.00,0.00,721,3,5,0,0,0,34849.00,0.00,2905.00,1455.00,33396.00,1452.00,0.00,0.00,0.00,0.00,0.00,0.00,0.00,0.00,0.00,0.00,0.00,0.00,0.00,0.00,0.00,0.00,0.00,0.00,0.00,0.00,0.00,0.00,0.00,0.00,0.00,0.00,0.00,0.00,0.00,0.00,0.00,0.00,0.00,0.00,0.00,0.00,0.00,0.00,2904.00,1455.00,1452.00,0.00,3.00,0.00,0.00,0.00,0.00,0.00,0.00,3,2,1,0,0.00,0.00,0.00,0.00,0.00,0.00,0.00,0.00,0.00,0.00,0.00,0.00,0.00,0.00,0.00,0.00,0.00,0.00,0.00,0.00,0.00,0.00,0.00,0.00,0.00,0.00,0.00,0.00,0.00,0.00,0.00,0.00,0.00,0.00,0.00,0.00,0.00,0.00,0.00,0.00,0.00,0.00,0.00,0.00,0.00,0.00,0.00,0.00,0.00,0.00,0.00,0.00,0.00,34854.00,0.00,0.00,0.00,0.00,1995.37
0.49,0.00,0.00,0.00,0.49,0.00,9.22,0.00,0.00,89.81,0.00,359.00,0.00,0.00,0.00,100.00,0.00,0.00,16140.00,0.00,0.00,0.00,0.00,2.00,0.00,2.00,0.00,200.00,651900,1135436,1388820,68.06,47700,557532,3709364,181.77,853060,372608,24,620516,100068,7392,28788,0,0,0,0.00,0,0.00,0,0,0.00,26537,7616,36885,0,0,462,0.00,0.00,0.03,0,0.00,0.00,0.00,0.00,0.00,0.00,2.00,0.00,100.00,50.00,0.00,0.00,0.00,0.00,32885.00,1375.00,44985.53,77.88,0.00,0.00,0.00,0.00,0.00,0.00,0.00,1.00,0.00,0.00,0.00,0.00,0.00,0.00,0.00,0.00,0.00,0.00,0.00,0.00,0.00,0.00,0.00,0.00,0.00,0.00,0.00,0.00,0.00,0.00,721,3,5,0,0,0,32904.00,0.00,2742.00,1376.00,31533.00,1371.00,0.00,0.00,0.00,0.00,0.00,0.00,0.00,0.00,0.00,0.00,0.00,0.00,0.00,0.00,0.00,0.00,0.00,0.00,0.00,0.00,0.00,0.00,0.00,0.00,0.00,0.00,0.00,0.00,0.00,0.00,0.00,0.00,0.00,0.00,0.00,0.00,0.00,0.00,2743.00,1376.00,1372.00,0.00,5.00,0.00,0.00,0.00,0.00,0.00,0.00,3,2,1,0,0.00,0.00,0.00,0.00,0.00,0.00,0.00,0.00,0.00,0.00,0.00,0.00,0.00,0.00,0.00,0.00,0.00,0.00,0.00,0.00,0.00,0.00,0.00,0.00,0.00,0.00,0.00,0.00,0.00,0.00,0.00,0.00,0.00,0.00,0.00,0.00,0.00,0.00,0.00,0.00,0.00,0.00,0.00,0.00,0.00,0.00,0.00,0.00,0.00,0.00,0.00,0.00,0.00,32909.00,0.00,0.00,0.00,0.00,1995.37
0.00,0.00,0.49,0.00,0.00,0.00,8.37,0.00,0.00,91.13,0.00,358.00,0.00,0.00,0.00,0.00,0.00,0.00,16868.00,0.00,0.00,0.00,0.00,0.00,0.00,0.00,0.00,0.00,651836,1135428,1388884,68.06,47700,557548,3709364,181.77,853060,372664,20,620516,100068,7392,28788,0,0,0,0.00,0,0.00,0,0,0.00,26537,7616,36885,0,0,462,0.00,0.00,0.03,0,0.00,0.00,0.00,0.00,0.00,0.00,0.00,0.00,0.00,0.00,0.00,0.00,0.00,0.00,33842.00,1412.00,46298.79,79.98,0.00,0.00,0.00,0.00,0.00,0.00,0.00,0.00,0.00,0.00,0.00,0.00,0.00,0.00,0.00,0.00,0.00,0.00,0.00,0.00,0.00,0.00,0.00,0.00,0.00,0.00,0.00,0.00,0.00,0.00,721,3,5,0,0,0,33816.00,0.00,2818.00,1411.00,32407.00,1409.00,0.00,0.00,0.00,0.00,0.00,0.00,0.00,0.00,0.00,0.00,0.00,0.00,0.00,0.00,0.00,0.00,0.00,0.00,0.00,0.00,0.00,0.00,0.00,0.00,0.00,0.00,0.00,0.00,0.00,0.00,0.00,0.00,0.00,0.00,0.00,0.00,0.00,0.00,2817.00,1411.00,1408.00,0.00,2.00,0.00,0.00,0.00,0.00,0.00,0.00,3,2,1,0,0.00,0.00,0.00,0.00,0.00,0.00,0.00,0.00,0.00,0.00,0.00,0.00,0.00,0.00,0.00,0.00,0.00,0.00,0.00,0.00,0.00,0.00,0.00,0.00,0.00,0.00,0.00,0.00,0.00,0.00,0.00,0.00,0.00,0.00,0.00,0.00,0.00,0.00,0.00,0.00,0.00,0.00,0.00,0.00,0.00,0.00,0.00,0.00,0.00,0.00,0.00,0.00,0.00,33818.00,0.00,0.00,0.00,0.00,1995.37
0.00,0.00,0.00,2.48,0.00,0.00,8.42,0.00,0.00,89.11,0.00,360.00,0.00,0.00,0.00,20.00,0.00,0.00,15956.00,0.00,0.00,0.00,0.00,2.00,0.00,2.00,0.00,40.00,651804,1135396,1388916,68.06,47708,557564,3709364,181.77,853060,372664,44,620516,100068,7392,28788,0,0,0,0.00,0,0.00,0,0,0.00,26537,7616,36885,0,0,462,0.00,0.00,0.03,0,0.00,0.00,0.00,0.00,0.00,0.00,2.00,0.00,20.00,10.00,0.00,30.00,0.00,0.00,31786.00,1329.00,43475.65,75.28,0.00,0.00,0.00,0.00,0.00,0.00,0.00,1.00,0.00,0.00,0.00,0.00,0.00,0.00,0.00,0.00,0.00,0.00,0.00,0.00,0.00,0.00,0.00,0.00,0.00,0.00,0.00,0.00,0.00,0.00,721,3,5,0,0,0,31779.00,0.00,2651.00,1329.00,30452.00,1324.00,0.00,0.00,0.00,0.00,0.00,0.00,0.00,0.00,0.00,0.00,0.00,0.00,0.00,0.00,0.00,0.00,0.00,0.00,0.00,0.00,0.00,0.00,0.00,0.00,0.00,0.00,0.00,0.00,0.00,0.00,0.00,0.00,0.00,0.00,0.00,0.00,0.00,0.00,2649.00,1328.00,1327.00,0.00,5.00,0.00,0.00,0.00,0.00,0.00,0.00,3,2,1,0,0.00,0.00,0.00,0.00,0.00,0.00,0.00,0.00,0.00,0.00,0.00,0.00,0.00,0.00,0.00,0.00,0.00,0.00,0.00,0.00,0.00,0.00,0.00,0.00,0.00,0.00,0.00,0.00,0.00,0.00,0.00,0.00,0.00,0.00,0.00,0.00,0.00,0.00,0.00,0.00,0.00,0.00,0.00,0.00,0.00,0.00,0.00,0.00,0.00,0.00,0.00,0.00,0.00,31785.00,0.00,0.00,0.00,0.00,1995.37
0.50,0.00,0.50,0.00,0.00,0.00,7.92,0.00,0.00,91.09,0.00,467.00,0.00,0.00,0.00,0.00,0.00,0.00,16020.00,0.00,0.00,0.00,0.00,0.00,0.00,0.00,0.00,0.00,651868,1135460,1388852,68.06,47708,557576,3709364,181.77,853060,372664,56,620516,100068,7392,28788,0,0,0,0.00,0,0.00,0,0,0.00,26537,7616,36885,0,0,462,0.00,0.00,0.03,0,0.00,0.00,0.00,0.00,0.00,0.00,0.00,0.00,0.00,0.00,0.00,0.00,0.00,0.00,31682.00,1322.00,43343.55,74.88,0.00,0.00,0.00,0.00,0.00,0.00,0.00,0.00,0.00,0.00,0.00,0.00,0.00,0.00,0.00,0.00,0.00,0.00,0.00,0.00,0.00,0.00,0.00,0.00,0.00,0.00,0.00,0.00,0.00,0.00,721,3,5,0,0,0,31681.00,0.00,2641.00,1322.00,30360.00,1320.00,0.00,0.00,0.00,0.00,0.00,0.00,0.00,0.00,0.00,0.00,0.00,0.00,0.00,0.00,0.00,0.00,0.00,0.00,0.00,0.00,0.00,0.00,0.00,0.00,0.00,0.00,0.00,0.00,0.00,0.00,0.00,0.00,0.00,0.00,0.00,0.00,0.00,0.00,2643.00,1323.00,1321.00,0.00,2.00,0.00,0.00,0.00,0.00,0.00,0.00,3,2,1,0,0.00,0.00,0.00,0.00,0.00,0.00,0.00,0.00,0.00,0.00,0.00,0.00,0.00,0.00,0.00,0.00,0.00,0.00,0.00,0.00,0.00,0.00,0.00,0.00,0.00,0.00,0.00,0.00,0.00,0.00,0.00,0.00,0.00,0.00,0.00,0.00,0.00,0.00,0.00,0.00,0.00,0.00,0.00,0.00,0.00,0.00,0.00,0.00,0.00,0.00,0.00,0.00,0.00,31683.00,0.00,0.00,0.00,0.00,1995.37
0.50,0.00,0.00,0.00,0.50,0.00,6.97,0.00,0.00,92.04,0.00,340.00,0.00,0.00,0.00,0.00,0.00,0.00,15222.00,0.00,0.00,0.00,0.00,0.00,0.00,0.00,0.00,0.00,652028,1135676,1388692,68.05,47708,557592,3709364,181.77,853068,372712,72,620516,100068,7392,28788,0,0,0,0.00,0,0.00,0,0,0.00,26537,7616,36885,0,0,462,0.00,0.00,0.03,0,0.00,0.00,0.00,0.00,0.00,0.00,0.00,0.00,0.00,0.00,0.00,0.00,0.00,0.00,30485.00,1272.00,41701.93,72.05,0.00,0.00,0.00,0.00,0.00,0.00,0.00,1.00,0.00,0.00,0.00,0.00,0.00,0.00,0.00,0.00,0.00,0.00,0.00,0.00,0.00,0.00,0.00,0.00,0.00,0.00,0.00,0.00,0.00,0.00,721,3,5,0,0,0,30480.00,0.00,2540.00,1272.00,29210.00,1270.00,0.00,0.00,0.00,0.00,0.00,0.00,0.00,0.00,0.00,0.00,0.00,0.00,0.00,0.00,0.00,0.00,0.00,0.00,0.00,0.00,0.00,0.00,0.00,0.00,0.00,0.00,0.00,0.00,0.00,0.00,0.00,0.00,0.00,0.00,0.00,0.00,0.00,0.00,2538.00,1271.00,1269.00,0.00,2.00,0.00,0.00,0.00,0.00,0.00,0.00,3,2,1,0,0.00,0.00,0.00,0.00,0.00,0.00,0.00,0.00,0.00,0.00,0.00,0.00,0.00,0.00,0.00,0.00,0.00,0.00,0.00,0.00,0.00,0.00,0.00,0.00,0.00,0.00,0.00,0.00,0.00,0.00,0.00,0.00,0.00,0.00,0.00,0.00,0.00,0.00,0.00,0.00,0.00,0.00,0.00,0.00,0.00,0.00,0.00,0.00,0.00,0.00,0.00,0.00,0.00,30438.00,0.00,0.00,0.00,0.00,1995.37
0.00,0.00,0.00,0.00,0.00,0.00,6.57,0.00,0.00,93.43,0.00,336.00,0.00,0.00,0.00,0.00,0.00,0.00,15244.00,0.00,0.00,0.00,0.00,0.00,0.00,0.00,0.00,0.00,651932,1135580,1388788,68.05,47708,557608,3709364,181.77,853068,372712,88,620516,100068,7392,28788,0,0,0,0.00,0,0.00,0,0,0.00,26537,7616,36885,0,0,462,0.00,0.00,0.03,0,0.00,0.00,0.00,0.00,0.00,0.00,0.00,0.00,0.00,0.00,0.00,0.00,0.00,0.00,30245.00,1262.00,41373.57,71.48,0.00,0.00,0.00,0.00,0.00,0.00,0.00,0.00,0.00,0.00,0.00,0.00,0.00,0.00,0.00,0.00,0.00,0.00,0.00,0.00,0.00,0.00,0.00,0.00,0.00,0.00,0.00,0.00,0.00,0.00,721,3,5,0,0,0,30241.00,0.00,2521.00,1262.00,28980.00,1260.00,0.00,0.00,0.00,0.00,0.00,0.00,0.00,0.00,0.00,0.00,0.00,0.00,0.00,0.00,0.00,0.00,0.00,0.00,0.00,0.00,0.00,0.00,0.00,0.00,0.00,0.00,0.00,0.00,0.00,0.00,0.00,0.00,0.00,0.00,0.00,0.00,0.00,0.00,2521.00,1262.00,1261.00,0.00,2.00,0.00,0.00,0.00,0.00,0.00,0.00,3,2,1,0,0.00,0.00,0.00,0.00,0.00,0.00,0.00,0.00,0.00,0.00,0.00,0.00,0.00,0.00,0.00,0.00,0.00,0.00,0.00,0.00,0.00,0.00,0.00,0.00,0.00,0.00,0.00,0.00,0.00,0.00,0.00,0.00,0.00,0.00,0.00,0.00,0.00,0.00,0.00,0.00,0.00,0.00,0.00,0.00,0.00,0.00,0.00,0.00,0.00,0.00,0.00,0.00,0.00,30268.00,0.00,0.00,0.00,0.00,1995.37
0.00,0.00,0.50,0.00,0.00,0.00,7.43,0.00,0.00,92.08,0.00,330.00,0.00,0.00,0.00,96.00,0.00,0.00,13596.00,0.00,0.00,0.00,0.00,1.00,0.00,1.00,0.00,192.00,651900,1135548,1388820,68.06,47708,557624,3709364,181.77,853068,372712,0,620516,100068,7392,28788,0,0,0,0.00,0,0.00,0,0,0.00,26537,7616,36885,0,0,462,0.00,0.00,0.03,0,0.00,0.00,0.00,0.00,0.00,0.00,1.00,0.00,96.00,96.00,0.00,0.00,0.00,0.00,27901.00,1164.00,38156.12,65.93,0.00,0.00,0.00,0.00,0.00,0.00,0.00,1.00,0.00,0.00,0.00,0.00,0.00,0.00,0.00,0.00,0.00,0.00,0.00,0.00,0.00,0.00,0.00,0.00,0.00,0.00,0.00,0.00,0.00,0.00,721,3,5,0,0,0,27888.00,0.00,2324.00,1164.00,26726.00,1162.00,0.00,0.00,0.00,0.00,0.00,0.00,0.00,0.00,0.00,0.00,0.00,0.00,0.00,0.00,0.00,0.00,0.00,0.00,0.00,0.00,0.00,0.00,0.00,0.00,0.00,0.00,0.00,0.00,0.00,0.00,0.00,0.00,0.00,0.00,0.00,0.00,0.00,0.00,2325.00,1165.00,1162.00,0.00,2.00,0.00,0.00,0.00,0.00,0.00,0.00,3,2,1,0,0.00,0.00,0.00,0.00,0.00,0.00,0.00,0.00,0.00,0.00,0.00,0.00,0.00,0.00,0.00,0.00,0.00,0.00,0.00,0.00,0.00,0.00,0.00,0.00,0.00,0.00,0.00,0.00,0.00,0.00,0.00,0.00,0.00,0.00,0.00,0.00,0.00,0.00,0.00,0.00,0.00,0.00,0.00,0.00,0.00,0.00,0.00,0.00,0.00,0.00,0.00,0.00,0.00,27901.00,0.00,0.00,0.00,0.00,1995.37
0.51,0.00,0.51,2.02,0.51,0.00,4.55,0.00,0.00,91.92,0.00,333.00,0.00,0.00,0.00,20.00,0.00,0.00,13476.00,0.00,0.00,0.00,0.00,2.00,0.00,2.00,0.00,40.00,651744,1135448,1388976,68.06,47716,557640,3709364,181.77,853076,372760,28,620516,100068,7392,28788,0,0,0,0.00,0,0.00,0,0,0.00,26537,7616,36885,0,0,462,0.00,0.00,0.03,0,0.00,0.00,0.00,0.00,0.00,0.00,2.00,0.00,20.00,10.00,0.00,26.00,0.00,0.00,27243.00,1137.00,37268.98,64.40,0.00,0.00,0.00,0.00,0.00,0.00,0.00,0.00,0.00,0.00,0.00,0.00,0.00,0.00,0.00,0.00,0.00,0.00,0.00,0.00,0.00,0.00,0.00,0.00,0.00,0.00,0.00,0.00,0.00,0.00,721,3,5,0,0,0,27262.00,0.00,2270.00,1138.00,26128.00,1136.00,0.00,0.00,0.00,0.00,0.00,0.00,0.00,0.00,0.00,0.00,0.00,0.00,0.00,0.00,0.00,0.00,0.00,0.00,0.00,0.00,0.00,0.00,0.00,0.00,0.00,0.00,0.00,0.00,0.00,0.00,0.00,0.00,0.00,0.00,0.00,0.00,0.00,0.00,2269.00,1137.00,1134.00,0.00,2.00,0.00,0.00,0.00,0.00,0.00,0.00,3,2,1,0,0.00,0.00,0.00,0.00,0.00,0.00,0.00,0.00,0.00,0.00,0.00,0.00,0.00,0.00,0.00,0.00,0.00,0.00,0.00,0.00,0.00,0.00,0.00,0.00,0.00,0.00,0.00,0.00,0.00,0.00,0.00,0.00,0.00,0.00,0.00,0.00,0.00,0.00,0.00,0.00,0.00,0.00,0.00,0.00,0.00,0.00,0.00,0.00,0.00,0.00,0.00,0.00,0.00,27245.00,0.00,0.00,0.00,0.00,1995.37
0.50,0.00,0.00,0.00,0.00,0.00,6.50,0.00,0.00,93.00,0.00,337.00,0.00,0.00,0.00,0.00,0.00,0.00,13716.00,0.00,0.00,0.00,0.00,0.00,0.00,0.00,0.00,0.00,651808,1135512,1388912,68.06,47716,557656,3709364,181.77,853076,372760,44,620516,100072,7392,28788,0,0,0,0.00,0,0.00,0,0,0.00,26537,7616,36885,0,0,462,0.00,0.00,0.03,0,0.00,0.00,0.00,0.00,0.00,0.00,0.00,0.00,0.00,0.00,0.00,0.00,0.00,0.00,27972.00,1169.00,38254.55,66.21,0.00,0.00,0.00,0.00,0.00,0.00,0.00,1.00,0.00,0.00,0.00,0.00,0.00,0.00,0.00,0.00,0.00,0.00,0.00,0.00,0.00,0.00,0.00,0.00,0.00,0.00,0.00,0.00,0.00,0.00,721,3,5,0,0,0,27940.00,0.00,2332.00,1168.00,26772.00,1164.00,0.00,0.00,0.00,0.00,0.00,0.00,0.00,0.00,0.00,0.00,0.00,0.00,0.00,0.00,0.00,0.00,0.00,0.00,0.00,0.00,0.00,0.00,0.00,0.00,0.00,0.00,0.00,0.00,0.00,0.00,0.00,0.00,0.00,0.00,0.00,0.00,0.00,0.00,2332.00,1168.00,1169.00,0.00,4.00,0.00,0.00,0.00,0.00,0.00,0.00,3,2,1,0,0.00,0.00,0.00,0.00,0.00,0.00,0.00,0.00,0.00,0.00,0.00,0.00,0.00,0.00,0.00,0.00,0.00,0.00,0.00,0.00,0.00,0.00,0.00,0.00,0.00,0.00,0.00,0.00,0.00,0.00,0.00,0.00,0.00,0.00,0.00,0.00,0.00,0.00,0.00,0.00,0.00,0.00,0.00,0.00,0.00,0.00,0.00,0.00,0.00,0.00,0.00,0.00,0.00,27972.00,0.00,0.00,0.00,0.00,1995.37
0.00,0.00,0.00,0.00,0.00,0.00,6.06,0.00,0.00,93.94,0.00,325.00,0.00,0.00,0.00,0.00,0.00,0.00,12836.00,0.00,0.00,0.00,0.00,0.00,0.00,0.00,0.00,0.00,651712,1135416,1389008,68.06,47716,557672,3709364,181.77,853076,372760,60,620516,100072,7392,28788,0,0,0,0.00,0,0.00,0,0,0.00,26537,7616,36885,0,0,462,0.00,0.00,0.03,0,0.00,0.00,0.00,0.00,0.00,0.00,0.00,0.00,0.00,0.00,0.00,0.00,0.00,0.00,25665.00,1071.00,35102.13,60.66,0.00,0.00,0.00,0.00,0.00,0.00,0.00,0.00,0.00,0.00,0.00,0.00,0.00,0.00,0.00,0.00,0.00,0.00,0.00,0.00,0.00,0.00,0.00,0.00,0.00,0.00,0.00,0.00,0.00,0.00,721,3,5,0,0,0,25658.00,0.00,2140.00,1071.00,24587.00,1069.00,0.00,0.00,0.00,0.00,0.00,0.00,0.00,0.00,0.00,0.00,0.00,0.00,0.00,0.00,0.00,0.00,0.00,0.00,0.00,0.00,0.00,0.00,0.00,0.00,0.00,0.00,0.00,0.00,0.00,0.00,0.00,0.00,0.00,0.00,0.00,0.00,0.00,0.00,2140.00,1071.00,1070.00,0.00,2.00,0.00,0.00,0.00,0.00,0.00,0.00,3,2,1,0,0.00,0.00,0.00,0.00,0.00,0.00,0.00,0.00,0.00,0.00,0.00,0.00,0.00,0.00,0.00,0.00,0.00,0.00,0.00,0.00,0.00,0.00,0.00,0.00,0.00,0.00,0.00,0.00,0.00,0.00,0.00,0.00,0.00,0.00,0.00,0.00,0.00,0.00,0.00,0.00,0.00,0.00,0.00,0.00,0.00,0.00,0.00,0.00,0.00,0.00,0.00,0.00,0.00,25663.00,0.00,0.00,0.00,0.00,1995.37
0.00,0.00,0.00,0.00,0.00,0.00,6.03,0.00,0.00,93.97,0.00,327.00,0.00,0.00,0.00,0.00,0.00,0.00,12324.00,0.00,0.00,0.00,0.00,0.00,0.00,0.00,0.00,0.00,651872,1135632,1388848,68.06,47716,557688,3709364,181.77,853076,372816,76,620516,100072,7392,28788,0,0,0,0.00,0,0.00,0,0,0.00,26537,7616,36885,0,0,462,0.00,0.00,0.03,0,0.00,0.00,0.00,0.00,0.00,0.00,0.00,0.00,0.00,0.00,0.00,0.00,0.00,0.00,24881.00,1036.00,34019.03,58.68,0.00,0.00,0.00,0.00,0.00,0.00,0.00,1.00,0.00,0.00,0.00,0.00,0.00,0.00,0.00,0.00,0.00,0.00,0.00,0.00,0.00,0.00,0.00,0.00,0.00,0.00,0.00,0.00,0.00,0.00,721,3,5,0,0,0,24888.00,0.00,2074.00,1037.00,23851.00,1037.00,0.00,0.00,0.00,0.00,0.00,0.00,0.00,0.00,0.00,0.00,0.00,0.00,0.00,0.00,0.00,0.00,0.00,0.00,0.00,0.00,0.00,0.00,0.00,0.00,0.00,0.00,0.00,0.00,0.00,0.00,0.00,0.00,0.00,0.00,0.00,0.00,0.00,0.00,2074.00,1037.00,1037.00,0.00,0.00,0.00,0.00,0.00,0.00,0.00,0.00,3,2,1,0,0.00,0.00,0.00,0.00,0.00,0.00,0.00,0.00,0.00,0.00,0.00,0.00,0.00,0.00,0.00,0.00,0.00,0.00,0.00,0.00,0.00,0.00,0.00,0.00,0.00,0.00,0.00,0.00,0.00,0.00,0.00,0.00,0.00,0.00,0.00,0.00,0.00,0.00,0.00,0.00,0.00,0.00,0.00,0.00,0.00,0.00,0.00,0.00,0.00,0.00,0.00,0.00,0.00,24905.00,0.00,0.00,0.00,0.00,1995.37
0.00,0.00,0.50,0.00,0.50,0.00,5.03,0.00,0.00,93.97,0.00,318.00,0.00,0.00,0.00,0.00,0.00,0.00,11892.00,0.00,0.00,0.00,0.00,0.00,0.00,0.00,0.00,0.00,651776,1135536,1388944,68.06,47716,557700,3709364,181.77,853076,372816,88,620516,100072,7392,28788,0,0,0,0.00,0,0.00,0,0,0.00,26537,7616,36885,0,0,462,0.00,0.00,0.03,0,0.00,0.00,0.00,0.00,0.00,0.00,0.00,0.00,0.00,0.00,0.00,0.00,0.00,0.00,24006.00,1000.00,32836.45,56.64,0.00,0.00,0.00,0.00,0.00,0.00,0.00,0.00,0.00,0.00,0.00,0.00,0.00,0.00,0.00,0.00,0.00,0.00,0.00,0.00,0.00,0.00,0.00,0.00,0.00,0.00,0.00,0.00,0.00,0.00,721,3,5,0,0,0,23975.00,0.00,1996.00,999.00,22977.00,999.00,0.00,0.00,0.00,0.00,0.00,0.00,0.00,0.00,0.00,0.00,0.00,0.00,0.00,0.00,0.00,0.00,0.00,0.00,0.00,0.00,0.00,0.00,0.00,0.00,0.00,0.00,0.00,0.00,0.00,0.00,0.00,0.00,0.00,0.00,0.00,0.00,0.00,0.00,1996.00,999.00,997.00,0.00,0.00,0.00,0.00,0.00,0.00,0.00,0.00,3,2,1,0,0.00,0.00,0.00,0.00,0.00,0.00,0.00,0.00,0.00,0.00,0.00,0.00,0.00,0.00,0.00,0.00,0.00,0.00,0.00,0.00,0.00,0.00,0.00,0.00,0.00,0.00,0.00,0.00,0.00,0.00,0.00,0.00,0.00,0.00,0.00,0.00,0.00,0.00,0.00,0.00,0.00,0.00,0.00,0.00,0.00,0.00,0.00,0.00,0.00,0.00,0.00,0.00,0.00,23982.00,0.00,0.00,0.00,0.00,1995.37
0.50,0.00,0.50,3.47,0.00,0.00,5.94,0.00,0.00,89.60,0.00,353.00,0.00,0.00,0.00,108.00,0.00,0.00,12044.00,0.00,0.00,0.00,0.00,3.00,0.00,3.00,0.00,216.00,651744,1135504,1388976,68.06,47724,557716,3709364,181.77,853076,372816,20,620516,100072,7392,28788,0,0,0,0.00,0,0.00,0,0,0.00,26537,7616,36885,0,0,462,0.00,0.00,0.03,0,0.00,0.00,0.00,0.00,0.00,0.00,3.00,0.00,108.00,36.00,0.00,28.00,0.00,0.00,24155.00,1007.00,33034.05,57.04,0.00,0.00,0.00,0.00,0.00,0.00,0.00,1.00,0.00,0.00,0.00,0.00,0.00,0.00,0.00,0.00,0.00,0.00,0.00,0.00,0.00,0.00,0.00,0.00,0.00,0.00,0.00,0.00,0.00,0.00,721,3,5,0,0,0,24147.00,0.00,2012.00,1007.00,23138.00,1006.00,0.00,0.00,0.00,0.00,0.00,0.00,0.00,0.00,0.00,0.00,0.00,0.00,0.00,0.00,0.00,0.00,0.00,0.00,0.00,0.00,0.00,0.00,0.00,0.00,0.00,0.00,0.00,0.00,0.00,0.00,0.00,0.00,0.00,0.00,0.00,0.00,0.00,0.00,2014.00,1008.00,1008.00,0.00,1.00,0.00,0.00,0.00,0.00,0.00,0.00,3,2,1,0,0.00,0.00,0.00,0.00,0.00,0.00,0.00,0.00,0.00,0.00,0.00,0.00,0.00,0.00,0.00,0.00,0.00,0.00,0.00,0.00,0.00,0.00,0.00,0.00,0.00,0.00,0.00,0.00,0.00,0.00,0.00,0.00,0.00,0.00,0.00,0.00,0.00,0.00,0.00,0.00,0.00,0.00,0.00,0.00,0.00,0.00,0.00,0.00,0.00,0.00,0.00,0.00,0.00,24180.00,0.00,0.00,0.00,0.00,1995.37
0.00,0.00,0.00,0.00,0.00,0.00,5.08,0.00,0.00,94.92,0.00,312.00,0.00,0.00,0.00,0.00,0.00,0.00,10604.00,0.00,0.00,0.00,0.00,0.00,0.00,0.00,0.00,0.00,651744,1135504,1388976,68.06,47724,557732,3709364,181.77,853076,372816,20,620516,100072,7392,28788,0,0,0,0.00,0,0.00,0,0,0.00,26537,7616,36885,0,0,462,0.00,0.00,0.03,0,0.00,0.00,0.00,0.00,0.00,0.00,0.00,0.00,0.00,0.00,0.00,0.00,0.00,0.00,21557.00,898.00,29487.42,50.86,0.00,0.00,0.00,0.00,0.00,0.00,0.00,0.00,0.00,0.00,0.00,0.00,0.00,0.00,0.00,0.00,0.00,0.00,0.00,0.00,0.00,0.00,0.00,0.00,0.00,0.00,0.00,0.00,0.00,0.00,721,3,5,0,0,0,21556.00,0.00,1797.00,898.00,20654.00,898.00,0.00,0.00,0.00,0.00,0.00,0.00,0.00,0.00,0.00,0.00,0.00,0.00,0.00,0.00,0.00,0.00,0.00,0.00,0.00,0.00,0.00,0.00,0.00,0.00,0.00,0.00,0.00,0.00,0.00,0.00,0.00,0.00,0.00,0.00,0.00,0.00,0.00,0.00,1795.00,897.00,897.00,0.00,0.00,0.00,0.00,0.00,0.00,0.00,0.00,3,2,1,0,0.00,0.00,0.00,0.00,0.00,0.00,0.00,0.00,0.00,0.00,0.00,0.00,0.00,0.00,0.00,0.00,0.00,0.00,0.00,0.00,0.00,0.00,0.00,0.00,0.00,0.00,0.00,0.00,0.00,0.00,0.00,0.00,0.00,0.00,0.00,0.00,0.00,0.00,0.00,0.00,0.00,0.00,0.00,0.00,0.00,0.00,0.00,0.00,0.00,0.00,0.00,0.00,0.00,21509.00,0.00,0.00,0.00,0.00,1995.37
0.00,0.00,0.50,0.00,0.50,0.00,4.98,0.00,0.00,94.03,0.00,321.00,0.00,0.00,0.00,0.00,0.00,0.00,9694.00,0.00,0.00,0.00,0.00,0.00,0.00,0.00,0.00,0.00,651684,1135500,1389036,68.07,47724,557748,3709364,181.77,853084,372864,36,620516,100072,7392,28788,0,0,0,0.00,0,0.00,0,0,0.00,26537,7616,36885,0,0,462,0.00,0.00,0.03,0,0.00,0.00,0.00,0.00,0.00,0.00,0.00,0.00,0.00,0.00,0.00,0.00,0.00,0.00,19648.00,819.00,26861.22,46.39,0.00,0.00,0.00,0.00,0.00,0.00,0.00,3.00,0.00,0.00,0.00,0.00,0.00,0.00,0.00,0.00,0.00,0.00,0.00,0.00,0.00,0.00,0.00,0.00,0.00,0.00,0.00,0.00,0.00,0.00,721,3,5,0,0,0,19635.00,0.00,1636.00,819.00,18814.00,818.00,0.00,0.00,0.00,0.00,0.00,0.00,0.00,0.00,0.00,0.00,0.00,0.00,0.00,0.00,0.00,0.00,0.00,0.00,0.00,0.00,0.00,0.00,0.00,0.00,0.00,0.00,0.00,0.00,0.00,0.00,0.00,0.00,0.00,0.00,0.00,0.00,0.00,0.00,1637.00,819.00,819.00,0.00,1.00,0.00,0.00,0.00,0.00,0.00,0.00,3,2,1,0,0.00,0.00,0.00,0.00,0.00,0.00,0.00,0.00,0.00,0.00,0.00,0.00,0.00,0.00,0.00,0.00,0.00,0.00,0.00,0.00,0.00,0.00,0.00,0.00,0.00,0.00,0.00,0.00,0.00,0.00,0.00,0.00,0.00,0.00,0.00,0.00,0.00,0.00,0.00,0.00,0.00,0.00,0.00,0.00,0.00,0.00,0.00,0.00,0.00,0.00,0.00,0.00,0.00,19694.00,0.00,0.00,0.00,0.00,1995.37
0.50,0.00,0.00,0.00,0.00,0.00,4.98,0.00,0.00,94.53,0.00,327.00,0.00,0.00,0.00,0.00,0.00,0.00,9916.00,0.00,0.00,0.00,0.00,0.00,0.00,0.00,0.00,0.00,651684,1135500,1389036,68.07,47724,557764,3709364,181.77,853084,372864,52,620516,100072,7392,28788,0,0,0,0.00,0,0.00,0,0,0.00,26537,7616,36885,0,0,462,0.00,0.00,0.03,0,0.00,0.00,0.00,0.00,0.00,0.00,0.00,0.00,0.00,0.00,0.00,0.00,0.00,0.00,20221.00,844.00,27649.22,47.79,0.00,0.00,0.00,0.00,0.00,0.00,0.00,0.00,0.00,0.00,0.00,0.00,0.00,0.00,0.00,0.00,0.00,0.00,0.00,0.00,0.00,0.00,0.00,0.00,0.00,0.00,0.00,0.00,0.00,0.00,721,3,5,0,0,0,20210.00,0.00,1684.00,843.00,19366.00,842.00,0.00,0.00,0.00,0.00,0.00,0.00,0.00,0.00,0.00,0.00,0.00,0.00,0.00,0.00,0.00,0.00,0.00,0.00,0.00,0.00,0.00,0.00,0.00,0.00,0.00,0.00,0.00,0.00,0.00,0.00,0.00,0.00,0.00,0.00,0.00,0.00,0.00,0.00,1682.00,843.00,840.00,0.00,1.00,0.00,0.00,0.00,0.00,0.00,0.00,3,2,1,0,0.00,0.00,0.00,0.00,0.00,0.00,0.00,0.00,0.00,0.00,0.00,0.00,0.00,0.00,0.00,0.00,0.00,0.00,0.00,0.00,0.00,0.00,0.00,0.00,0.00,0.00,0.00,0.00,0.00,0.00,0.00,0.00,0.00,0.00,0.00,0.00,0.00,0.00,0.00,0.00,0.00,0.00,0.00,0.00,0.00,0.00,0.00,0.00,0.00,0.00,0.00,0.00,0.00,20174.00,0.00,0.00,0.00,0.00,1995.37
0.50,0.00,0.50,0.00,0.00,0.00,4.98,0.00,0.00,94.03,0.00,324.00,0.00,0.00,0.00,0.00,0.00,0.00,9236.00,0.00,0.00,0.00,0.00,0.00,0.00,0.00,0.00,0.00,651652,1135468,1389068,68.07,47724,557780,3709364,181.77,853084,372864,68,620516,100072,7392,28788,0,0,0,0.00,0,0.00,0,0,0.00,26537,7616,36885,0,0,462,0.00,0.00,0.03,0,0.00,0.00,0.00,0.00,0.00,0.00,0.00,0.00,0.00,0.00,0.00,0.00,0.00,0.00,19040.00,795.00,26039.36,45.03,0.00,0.00,0.00,0.00,0.00,0.00,0.00,1.00,0.00,0.00,0.00,0.00,0.00,0.00,0.00,0.00,0.00,0.00,0.00,0.00,0.00,0.00,0.00,0.00,0.00,0.00,0.00,0.00,0.00,0.00,721,3,5,0,0,0,19033.00,0.00,1587.00,795.00,18239.00,793.00,0.00,0.00,0.00,0.00,0.00,0.00,0.00,0.00,0.00,0.00,0.00,0.00,0.00,0.00,0.00,0.00,0.00,0.00,0.00,0.00,0.00,0.00,0.00,0.00,0.00,0.00,0.00,0.00,0.00,0.00,0.00,0.00,0.00,0.00,0.00,0.00,0.00,0.00,1587.00,795.00,794.00,0.00,2.00,0.00,0.00,0.00,0.00,0.00,0.00,3,2,1,0,0.00,0.00,0.00,0.00,0.00,0.00,0.00,0.00,0.00,0.00,0.00,0.00,0.00,0.00,0.00,0.00,0.00,0.00,0.00,0.00,0.00,0.00,0.00,0.00,0.00,0.00,0.00,0.00,0.00,0.00,0.00,0.00,0.00,0.00,0.00,0.00,0.00,0.00,0.00,0.00,0.00,0.00,0.00,0.00,0.00,0.00,0.00,0.00,0.00,0.00,0.00,0.00,0.00,19063.00,0.00,0.00,0.00,0.00,1995.37
0.00,0.00,0.00,1.99,0.00,0.00,5.47,0.00,0.00,92.54,0.00,340.00,0.00,0.00,0.00,20.00,0.00,0.00,9132.00,0.00,0.00,0.00,0.00,2.00,0.00,2.00,0.00,40.00,651588,1135464,1389132,68.07,47732,557796,3709364,181.77,853092,372912,92,620516,100076,7392,28788,0,0,0,0.00,0,0.00,0,0,0.00,26537,7616,36885,0,0,462,0.00,0.00,0.03,0,0.00,0.00,0.00,0.00,0.00,0.00,2.00,0.00,20.00,10.00,0.00,26.00,0.00,0.00,18679.00,780.00,25546.78,44.18,0.00,0.00,0.00,0.00,0.00,0.00,0.00,0.00,0.00,0.00,0.00,0.00,0.00,0.00,0.00,0.00,0.00,0.00,0.00,0.00,0.00,0.00,0.00,0.00,0.00,0.00,0.00,0.00,0.00,0.00,721,3,5,0,0,0,18671.00,0.00,1555.00,780.00,17894.00,778.00,0.00,0.00,0.00,0.00,0.00,0.00,0.00,0.00,0.00,0.00,0.00,0.00,0.00,0.00,0.00,0.00,0.00,0.00,0.00,0.00,0.00,0.00,0.00,0.00,0.00,0.00,0.00,0.00,0.00,0.00,0.00,0.00,0.00,0.00,0.00,0.00,0.00,0.00,1555.00,780.00,777.00,0.00,2.00,0.00,0.00,0.00,0.00,0.00,0.00,3,2,1,0,0.00,0.00,0.00,0.00,0.00,0.00,0.00,0.00,0.00,0.00,0.00,0.00,0.00,0.00,0.00,0.00,0.00,0.00,0.00,0.00,0.00,0.00,0.00,0.00,0.00,0.00,0.00,0.00,0.00,0.00,0.00,0.00,0.00,0.00,0.00,0.00,0.00,0.00,0.00,0.00,0.00,0.00,0.00,0.00,0.00,0.00,0.00,0.00,0.00,0.00,0.00,0.00,0.00,18680.00,0.00,0.00,0.00,0.00,1995.37
0.50,0.00,0.00,0.00,0.50,0.00,4.48,0.00,0.00,94.53,0.00,331.00,0.00,0.00,0.00,100.00,0.00,0.00,8436.00,0.00,0.00,0.00,0.00,1.00,0.00,1.00,0.00,200.00,651620,1135496,1389100,68.07,47732,557812,3709364,181.77,853092,372912,24,620516,100076,7392,28788,0,0,0,0.00,0,0.00,0,0,0.00,26537,7616,36885,0,0,462,0.00,0.00,0.03,0,0.00,0.00,0.00,0.00,0.00,0.00,1.00,0.00,100.00,100.00,0.00,0.00,0.00,0.00,17039.00,711.00,23282.02,40.27,0.00,0.00,0.00,0.00,0.00,0.00,0.00,1.00,0.00,0.00,0.00,0.00,0.00,0.00,0.00,0.00,0.00,0.00,0.00,0.00,0.00,0.00,0.00,0.00,0.00,0.00,0.00,0.00,0.00,0.00,721,3,5,0,0,0,17040.00,0.00,1420.00,712.00,16330.00,710.00,0.00,0.00,0.00,0.00,0.00,0.00,0.00,0.00,0.00,0.00,0.00,0.00,0.00,0.00,0.00,0.00,0.00,0.00,0.00,0.00,0.00,0.00,0.00,0.00,0.00,0.00,0.00,0.00,0.00,0.00,0.00,0.00,0.00,0.00,0.00,0.00,0.00,0.00,1420.00,712.00,710.00,0.00,2.00,0.00,0.00,0.00,0.00,0.00,0.00,3,2,1,0,0.00,0.00,0.00,0.00,0.00,0.00,0.00,0.00,0.00,0.00,0.00,0.00,0.00,0.00,0.00,0.00,0.00,0.00,0.00,0.00,0.00,0.00,0.00,0.00,0.00,0.00,0.00,0.00,0.00,0.00,0.00,0.00,0.00,0.00,0.00,0.00,0.00,0.00,0.00,0.00,0.00,0.00,0.00,0.00,0.00,0.00,0.00,0.00,0.00,0.00,0.00,0.00,0.00,17061.00,0.00,0.00,0.00,0.00,1995.37
0.00,0.00,0.49,0.00,0.00,0.00,6.40,0.00,0.00,93.10,0.00,321.00,0.00,0.00,0.00,0.00,2.00,0.00,9420.00,0.00,0.00,0.00,0.00,0.00,0.00,0.00,0.00,0.00,651684,1135560,1389036,68.07,47732,557824,3709364,181.77,853092,372912,16,620516,100076,7392,28788,0,0,0,0.00,0,0.00,0,0,0.00,26537,7616,36885,0,0,462,0.00,0.00,0.03,0,0.00,0.00,0.00,0.00,0.00,0.00,0.00,0.00,0.00,0.00,0.00,0.00,0.00,0.00,19038.00,794.00,26039.26,44.97,0.00,0.00,0.00,0.00,0.00,0.00,0.00,0.00,0.00,0.00,0.00,0.00,0.00,0.00,0.00,0.00,0.00,0.00,0.00,0.00,0.00,0.00,0.00,0.00,0.00,0.00,0.00,0.00,0.00,0.00,721,3,5,0,0,0,19031.00,0.00,1585.00,794.00,18239.00,793.00,0.00,0.00,0.00,0.00,0.00,0.00,0.00,0.00,0.00,0.00,0.00,0.00,0.00,0.00,0.00,0.00,0.00,0.00,0.00,0.00,0.00,0.00,0.00,0.00,0.00,0.00,0.00,0.00,0.00,0.00,0.00,0.00,0.00,0.00,0.00,0.00,0.00,0.00,1585.00,794.00,792.00,0.00,1.00,0.00,0.00,0.00,0.00,0.00,0.00,3,2,1,0,0.00,0.00,0.00,0.00,0.00,0.00,0.00,0.00,0.00,0.00,0.00,0.00,0.00,0.00,0.00,0.00,0.00,0.00,0.00,0.00,0.00,0.00,0.00,0.00,0.00,0.00,0.00,0.00,0.00,0.00,0.00,0.00,0.00,0.00,0.00,0.00,0.00,0.00,0.00,0.00,0.00,0.00,0.00,0.00,0.00,0.00,0.00,0.00,0.00,0.00,0.00,0.00,0.00,19039.00,0.00,0.00,0.00,0.00,1995.37
0.50,0.00,0.00,0.00,0.00,0.00,4.02,0.00,0.00,95.48,0.00,306.00,0.00,0.00,0.00,0.00,0.00,0.00,7316.00,0.00,0.00,0.00,0.00,0.00,0.00,0.00,0.00,0.00,651652,1135568,1389068,68.07,47732,557840,3709364,181.77,853092,372952,32,620516,100076,7392,28788,0,0,0,0.00,0,0.00,0,0,0.00,26537,7616,36885,0,0,462,0.00,0.00,0.03,0,0.00,0.00,0.00,0.00,0.00,0.00,0.00,0.00,0.00,0.00,0.00,0.00,0.00,0.00,15028.00,628.00,20555.53,35.57,0.00,0.00,0.00,0.00,0.00,0.00,0.00,1.00,0.00,0.00,0.00,0.00,0.00,0.00,0.00,0.00,0.00,0.00,0.00,0.00,0.00,0.00,0.00,0.00,0.00,0.00,0.00,0.00,0.00,0.00,721,3,5,0,0,0,15001.00,0.00,1251.00,627.00,14375.00,625.00,0.00,0.00,0.00,0.00,0.00,0.00,0.00,0.00,0.00,0.00,0.00,0.00,0.00,0.00,0.00,0.00,0.00,0.00,0.00,0.00,0.00,0.00,0.00,0.00,0.00,0.00,0.00,0.00,0.00,0.00,0.00,0.00,0.00,0.00,0.00,0.00,0.00,0.00,1251.00,627.00,626.00,0.00,2.00,0.00,0.00,0.00,0.00,0.00,0.00,3,2,1,0,0.00,0.00,0.00,0.00,0.00,0.00,0.00,0.00,0.00,0.00,0.00,0.00,0.00,0.00,0.00,0.00,0.00,0.00,0.00,0.00,0.00,0.00,0.00,0.00,0.00,0.00,0.00,0.00,0.00,0.00,0.00,0.00,0.00,0.00,0.00,0.00,0.00,0.00,0.00,0.00,0.00,0.00,0.00,0.00,0.00,0.00,0.00,0.00,0.00,0.00,0.00,0.00,0.00,15004.00,0.00,0.00,0.00,0.00,1995.37
0.50,0.00,0.50,0.00,0.00,0.00,4.00,0.00,0.00,95.00,0.00,310.00,0.00,0.00,0.00,0.00,0.00,0.00,7908.00,0.00,0.00,0.00,0.00,0.00,0.00,0.00,0.00,0.00,651624,1135540,1389096,68.07,47732,557856,3709364,181.77,853092,372952,48,620516,100076,7392,28788,0,0,0,0.00,0,0.00,0,0,0.00,26537,7616,36885,0,0,462,0.00,0.00,0.03,0,0.00,0.00,0.00,0.00,0.00,0.00,0.00,0.00,0.00,0.00,0.00,0.00,0.00,0.00,15674.00,653.00,21441.99,36.99,0.00,0.00,0.00,0.00,0.00,0.00,0.00,0.00,0.00,0.00,0.00,0.00,0.00,0.00,0.00,0.00,0.00,0.00,0.00,0.00,0.00,0.00,0.00,0.00,0.00,0.00,0.00,0.00,0.00,0.00,721,3,5,0,0,0,15672.00,0.00,1306.00,653.00,15019.00,653.00,0.00,0.00,0.00,0.00,0.00,0.00,0.00,0.00,0.00,0.00,0.00,0.00,0.00,0.00,0.00,0.00,0.00,0.00,0.00,0.00,0.00,0.00,0.00,0.00,0.00,0.00,0.00,0.00,0.00,0.00,0.00,0.00,0.00,0.00,0.00,0.00,0.00,0.00,1306.00,653.00,653.00,0.00,0.00,0.00,0.00,0.00,0.00,0.00,0.00,3,2,1,0,0.00,0.00,0.00,0.00,0.00,0.00,0.00,0.00,0.00,0.00,0.00,0.00,0.00,0.00,0.00,0.00,0.00,0.00,0.00,0.00,0.00,0.00,0.00,0.00,0.00,0.00,0.00,0.00,0.00,0.00,0.00,0.00,0.00,0.00,0.00,0.00,0.00,0.00,0.00,0.00,0.00,0.00,0.00,0.00,0.00,0.00,0.00,0.00,0.00,0.00,0.00,0.00,0.00,15653.00,0.00,0.00,0.00,0.00,1995.37
0.00,0.00,0.00,2.01,0.00,0.00,4.02,0.00,0.00,93.97,0.00,324.00,0.00,0.00,0.00,20.00,0.00,0.00,7628.00,0.00,0.00,0.00,0.00,2.00,0.00,2.00,0.00,40.00,651496,1135468,1389224,68.08,47740,557872,3709364,181.77,853100,373000,72,620516,100076,7392,28788,0,0,0,0.00,0,0.00,0,0,0.00,26537,7616,36885,0,0,462,0.00,0.00,0.03,0,0.00,0.00,0.00,0.00,0.00,0.00,2.00,0.00,20.00,10.00,0.00,22.00,0.00,0.00,15036.00,627.00,20555.99,35.51,0.00,0.00,0.00,0.00,0.00,0.00,0.00,1.00,0.00,0.00,0.00,0.00,0.00,0.00,0.00,0.00,0.00,0.00,0.00,0.00,0.00,0.00,0.00,0.00,0.00,0.00,0.00,0.00,0.00,0.00,721,3,5,0,0,0,15025.00,0.00,1253.00,627.00,14398.00,626.00,0.00,0.00,0.00,0.00,0.00,0.00,0.00,0.00,0.00,0.00,0.00,0.00,0.00,0.00,0.00,0.00,0.00,0.00,0.00,0.00,0.00,0.00,0.00,0.00,0.00,0.00,0.00,0.00,0.00,0.00,0.00,0.00,0.00,0.00,0.00,0.00,0.00,0.00,1253.00,627.00,627.00,0.00,1.00,0.00,0.00,0.00,0.00,0.00,0.00,3,2,1,0,0.00,0.00,0.00,0.00,0.00,0.00,0.00,0.00,0.00,0.00,0.00,0.00,0.00,0.00,0.00,0.00,0.00,0.00,0.00,0.00,0.00,0.00,0.00,0.00,0.00,0.00,0.00,0.00,0.00,0.00,0.00,0.00,0.00,0.00,0.00,0.00,0.00,0.00,0.00,0.00,0.00,0.00,0.00,0.00,0.00,0.00,0.00,0.00,0.00,0.00,0.00,0.00,0.00,15034.00,0.00,0.00,0.00,0.00,1995.37
0.00,0.00,0.50,0.00,0.50,0.00,3.50,0.00,0.00,95.50,0.00,302.00,0.00,0.00,0.00,0.00,0.00,0.00,6276.00,0.00,0.00,0.00,0.00,0.00,0.00,0.00,0.00,0.00,651464,1135436,1389256,68.08,47740,557888,3709364,181.77,853100,373000,88,620516,100076,7392,28788,0,0,0,0.00,0,0.00,0,0,0.00,26537,7616,36885,0,0,462,0.00,0.00,0.03,0,0.00,0.00,0.00,0.00,0.00,0.00,0.00,0.00,0.00,0.00,0.00,0.00,0.00,0.00,12818.00,535.00,17534.51,30.30,0.00,0.00,0.00,0.00,0.00,0.00,0.00,0.00,0.00,0.00,0.00,0.00,0.00,0.00,0.00,0.00,0.00,0.00,0.00,0.00,0.00,0.00,0.00,0.00,0.00,0.00,0.00,0.00,0.00,0.00,721,3,5,0,0,0,12816.00,0.00,1068.00,535.00,12282.00,534.00,0.00,0.00,0.00,0.00,0.00,0.00,0.00,0.00,0.00,0.00,0.00,0.00,0.00,0.00,0.00,0.00,0.00,0.00,0.00,0.00,0.00,0.00,0.00,0.00,0.00,0.00,0.00,0.00,0.00,0.00,0.00,0.00,0.00,0.00,0.00,0.00,0.00,0.00,1068.00,535.00,534.00,0.00,1.00,0.00,0.00,0.00,0.00,0.00,0.00,3,2,1,0,0.00,0.00,0.00,0.00,0.00,0.00,0.00,0.00,0.00,0.00,0.00,0.00,0.00,0.00,0.00,0.00,0.00,0.00,0.00,0.00,0.00,0.00,0.00,0.00,0.00,0.00,0.00,0.00,0.00,0.00,0.00,0.00,0.00,0.00,0.00,0.00,0.00,0.00,0.00,0.00,0.00,0.00,0.00,0.00,0.00,0.00,0.00,0.00,0.00,0.00,0.00,0.00,0.00,12818.00,0.00,0.00,0.00,0.00,1995.37
1.00,0.00,0.50,0.00,0.00,0.00,3.00,0.00,0.00,95.50,0.00,367.00,0.00,0.00,0.00,96.00,11.00,0.00,5463.00,0.00,0.00,0.00,0.00,1.00,0.00,1.00,0.00,192.00,651464,1135436,1389256,68.08,47740,557904,3709364,181.77,853100,373000,20,620516,100076,7392,28788,0,0,0,0.00,0,0.00,0,0,0.00,26537,7616,36885,0,0,462,0.00,0.00,0.03,0,0.00,0.00,0.00,0.00,0.00,0.00,1.00,0.00,96.00,96.00,0.00,0.00,0.00,0.00,11380.00,475.00,15564.47,26.90,0.00,0.00,0.00,0.00,0.00,0.00,0.00,1.00,0.00,0.00,0.00,0.00,0.00,0.00,0.00,0.00,0.00,0.00,0.00,0.00,0.00,0.00,0.00,0.00,0.00,0.00,0.00,0.00,0.00,0.00,721,3,5,0,0,0,11376.00,0.00,948.00,475.00,10902.00,474.00,0.00,0.00,0.00,0.00,0.00,0.00,0.00,0.00,0.00,0.00,0.00,0.00,0.00,0.00,0.00,0.00,0.00,0.00,0.00,0.00,0.00,0.00,0.00,0.00,0.00,0.00,0.00,0.00,0.00,0.00,0.00,0.00,0.00,0.00,0.00,0.00,0.00,0.00,948.00,475.00,474.00,0.00,1.00,0.00,0.00,0.00,0.00,0.00,0.00,3,2,1,0,0.00,0.00,0.00,0.00,0.00,0.00,0.00,0.00,0.00,0.00,0.00,0.00,0.00,0.00,0.00,0.00,0.00,0.00,0.00,0.00,0.00,0.00,0.00,0.00,0.00,0.00,0.00,0.00,0.00,0.00,0.00,0.00,0.00,0.00,0.00,0.00,0.00,0.00,0.00,0.00,0.00,0.00,0.00,0.00,0.00,0.00,0.00,0.00,0.00,0.00,0.00,0.00,0.00,11404.00,0.00,0.00,0.00,0.00,1995.37
0.50,0.00,0.00,0.00,0.00,0.00,4.46,0.00,0.00,95.05,0.00,309.00,0.00,0.00,0.00,0.00,0.00,0.00,5724.00,0.00,0.00,0.00,0.00,0.00,0.00,0.00,0.00,0.00,651528,1135540,1389192,68.07,47740,557920,3709364,181.77,853116,373040,20,620532,100076,7392,28788,0,0,0,0.00,0,0.00,0,0,0.00,26537,7616,36885,0,0,462,0.00,0.00,0.03,0,0.00,0.00,0.00,0.00,0.00,0.00,0.00,0.00,0.00,0.00,0.00,0.00,0.00,0.00,11452.00,477.00,15662.98,27.02,0.00,0.00,0.00,0.00,0.00,0.00,0.00,0.00,0.00,0.00,0.00,0.00,0.00,0.00,0.00,0.00,0.00,0.00,0.00,0.00,0.00,0.00,0.00,0.00,0.00,0.00,0.00,0.00,0.00,0.00,721,3,5,0,0,0,11448.00,0.00,954.00,477.00,10971.00,477.00,0.00,0.00,0.00,0.00,0.00,0.00,0.00,0.00,0.00,0.00,0.00,0.00,0.00,0.00,0.00,0.00,0.00,0.00,0.00,0.00,0.00,0.00,0.00,0.00,0.00,0.00,0.00,0.00,0.00,0.00,0.00,0.00,0.00,0.00,0.00,0.00,0.00,0.00,954.00,477.00,477.00,0.00,0.00,0.00,0.00,0.00,0.00,0.00,0.00,3,2,1,0,0.00,0.00,0.00,0.00,0.00,0.00,0.00,0.00,0.00,0.00,0.00,0.00,0.00,0.00,0.00,0.00,0.00,0.00,0.00,0.00,0.00,0.00,0.00,0.00,0.00,0.00,0.00,0.00,0.00,0.00,0.00,0.00,0.00,0.00,0.00,0.00,0.00,0.00,0.00,0.00,0.00,0.00,0.00,0.00,0.00,0.00,0.00,0.00,0.00,0.00,0.00,0.00,0.00,11428.00,0.00,0.00,0.00,0.00,1995.37
1.00,0.00,0.00,0.00,0.50,0.00,3.50,0.00,0.00,95.00,3.00,349.00,0.00,0.00,0.00,0.00,504.00,0.00,6661.00,0.00,0.00,0.00,0.00,0.00,0.00,0.00,0.00,0.00,651436,1135448,1389284,68.08,47740,557936,3709364,181.77,853180,373040,192,620588,100120,7400,28824,0,0,0,0.00,0,0.00,0,0,0.00,26537,7616,36885,0,0,462,0.00,0.00,0.03,0,0.00,0.00,0.00,0.00,0.00,0.00,0.00,0.00,0.00,0.00,0.00,0.00,0.00,0.00,12711.00,530.00,17371.09,30.02,0.00,0.00,0.00,0.00,0.00,0.00,0.00,1.00,0.00,0.00,0.00,0.00,0.00,0.00,0.00,0.00,0.00,0.00,0.00,0.00,0.00,0.00,0.00,0.00,0.00,0.00,0.00,0.00,0.00,0.00,721,3,5,0,0,0,12696.00,0.00,1058.00,530.00,12167.00,529.00,0.00,0.00,0.00,0.00,0.00,0.00,0.00,0.00,0.00,0.00,0.00,0.00,0.00,0.00,0.00,0.00,0.00,0.00,0.00,0.00,0.00,0.00,0.00,0.00,0.00,0.00,0.00,0.00,0.00,0.00,0.00,0.00,0.00,0.00,0.00,0.00,0.00,0.00,1058.00,530.00,529.00,0.00,1.00,0.00,0.00,0.00,0.00,0.00,0.00,3,2,1,0,0.00,0.00,0.00,0.00,0.00,0.00,0.00,0.00,0.00,0.00,0.00,0.00,0.00,0.00,0.00,0.00,0.00,0.00,0.00,0.00,0.00,0.00,0.00,0.00,0.00,0.00,0.00,0.00,0.00,0.00,0.00,0.00,0.00,0.00,0.00,0.00,0.00,0.00,0.00,0.00,0.00,0.00,0.00,0.00,0.00,0.00,0.00,0.00,0.00,0.00,0.00,0.00,0.00,12711.00,0.00,0.00,0.00,0.00,1995.37
0.00,0.00,0.00,0.00,0.00,0.00,7.65,0.00,0.00,92.35,0.00,376.00,0.00,0.00,0.00,0.00,4.00,0.00,32331.00,0.00,0.00,0.00,0.00,0.00,0.00,0.00,0.00,0.00,688572,1158412,1352148,66.26,47696,540772,3745436,183.54,832096,356288,24,599992,100944,7392,28808,0,0,0,0.00,0,0.00,0,0,0.00,26495,7616,36836,0,0,462,0.00,0.00,0.02,0,0.00,0.00,0.00,0.00,0.00,0.00,0.00,0.00,0.00,0.00,0.00,0.00,0.00,0.00,65075.00,2712.00,89018.87,153.61,0.00,0.00,0.00,0.00,0.00,0.00,0.00,0.00,0.00,0.00,0.00,0.00,0.00,0.00,0.00,0.00,0.00,0.00,0.00,0.00,0.00,0.00,0.00,0.00,0.00,0.00,0.00,0.00,0.00,0.00,721,3,5,0,0,0,65041.00,0.00,5421.00,2711.00,62330.00,2710.00,0.00,0.00,0.00,0.00,0.00,0.00,0.00,0.00,0.00,0.00,0.00,0.00,0.00,0.00,0.00,0.00,0.00,0.00,0.00,0.00,0.00,0.00,0.00,0.00,0.00,0.00,0.00,0.00,0.00,0.00,0.00,0.00,0.00,0.00,0.00,0.00,0.00,0.00,5421.00,2711.00,2711.00,0.00,1.00,0.00,0.00,0.00,0.00,0.00,0.00,3,2,1,0,0.00,0.00,0.00,0.00,0.00,0.00,0.00,0.00,0.00,0.00,0.00,0.00,0.00,0.00,0.00,0.00,0.00,0.00,0.00,0.00,0.00,0.00,0.00,0.00,0.00,0.00,0.00,0.00,0.00,0.00,0.00,0.00,0.00,0.00,0.00,0.00,0.00,0.00,0.00,0.00,0.00,0.00,0.00,0.00,0.00,0.00,0.00,0.00,0.00,0.00,0.00,0.00,0.00,65074.00,0.00,0.00,0.00,0.00,1995.37
0.00,0.00,0.49,0.00,0.00,0.00,11.33,0.00,0.00,88.18,0.00,413.00,0.00,0.00,0.00,0.00,2.00,0.00,31340.00,0.00,0.00,0.00,0.00,0.00,0.00,0.00,0.00,0.00,688384,1158224,1352336,66.27,47696,540772,3745436,183.54,832096,356288,24,599996,100944,7392,28808,0,0,0,0.00,0,0.00,0,0,0.00,26495,7616,36836,0,0,462,0.00,0.00,0.02,0,0.00,0.00,0.00,0.00,0.00,0.00,0.00,0.00,0.00,0.00,0.00,0.00,0.00,0.00,64137.00,2674.00,87738.15,151.46,0.00,0.00,0.00,0.00,0.00,0.00,0.00,1.00,0.00,0.00,0.00,0.00,0.00,0.00,0.00,0.00,0.00,0.00,0.00,0.00,0.00,0.00,0.00,0.00,0.00,0.00,0.00,0.00,0.00,0.00,721,3,5,0,0,0,64151.00,0.00,5345.00,2675.00,61479.00,2673.00,0.00,0.00,0.00,0.00,0.00,0.00,0.00,0.00,0.00,0.00,0.00,0.00,0.00,0.00,0.00,0.00,0.00,0.00,0.00,0.00,0.00,0.00,0.00,0.00,0.00,0.00,0.00,0.00,0.00,0.00,0.00,0.00,0.00,0.00,0.00,0.00,0.00,0.00,5343.00,2674.00,2671.00,0.00,2.00,0.00,0.00,0.00,0.00,0.00,0.00,3,2,1,0,0.00,0.00,0.00,0.00,0.00,0.00,0.00,0.00,0.00,0.00,0.00,0.00,0.00,0.00,0.00,0.00,0.00,0.00,0.00,0.00,0.00,0.00,0.00,0.00,0.00,0.00,0.00,0.00,0.00,0.00,0.00,0.00,0.00,0.00,0.00,0.00,0.00,0.00,0.00,0.00,0.00,0.00,0.00,0.00,0.00,0.00,0.00,0.00,0.00,0.00,0.00,0.00,0.00,64160.00,0.00,0.00,0.00,0.00,1995.37
0.49,0.00,0.00,0.00,0.00,0.00,10.78,0.00,0.00,88.73,0.00,370.00,0.00,0.00,0.00,0.00,0.00,0.00,31595.00,0.00,0.00,0.00,0.00,0.00,0.00,0.00,0.00,0.00,688352,1158192,1352368,66.27,47696,540800,3745436,183.54,832096,356288,52,599996,100944,7392,28808,0,0,0,0.00,0,0.00,0,0,0.00,26495,7616,36836,0,0,462,0.00,0.00,0.02,0,0.00,0.00,0.00,0.00,0.00,0.00,0.00,0.00,0.00,0.00,0.00,0.00,0.00,0.00,63246.00,2639.00,86523.06,149.47,0.00,0.00,0.00,0.00,0.00,0.00,0.00,0.00,0.00,0.00,0.00,0.00,0.00,0.00,0.00,0.00,0.00,0.00,0.00,0.00,0.00,0.00,0.00,0.00,0.00,0.00,0.00,0.00,0.00,0.00,721,3,5,0,0,0,63239.00,0.00,5269.00,2639.00,60605.00,2635.00,0.00,0.00,0.00,0.00,0.00,0.00,0.00,0.00,0.00,0.00,0.00,0.00,0.00,0.00,0.00,0.00,0.00,0.00,0.00,0.00,0.00,0.00,0.00,0.00,0.00,0.00,0.00,0.00,0.00,0.00,0.00,0.00,0.00,0.00,0.00,0.00,0.00,0.00,5269.00,2639.00,2635.00,0.00,4.00,0.00,0.00,0.00,0.00,0.00,0.00,3,2,1,0,0.00,0.00,0.00,0.00,0.00,0.00,0.00,0.00,0.00,0.00,0.00,0.00,0.00,0.00,0.00,0.00,0.00,0.00,0.00,0.00,0.00,0.00,0.00,0.00,0.00,0.00,0.00,0.00,0.00,0.00,0.00,0.00,0.00,0.00,0.00,0.00,0.00,0.00,0.00,0.00,0.00,0.00,0.00,0.00,0.00,0.00,0.00,0.00,0.00,0.00,0.00,0.00,0.00,63247.00,0.00,0.00,0.00,0.00,1995.37
0.00,0.00,0.00,0.00,0.00,0.00,9.09,0.00,0.00,90.91,0.00,342.00,0.00,0.00,0.00,0.00,0.00,0.00,29956.00,0.00,0.00,0.00,0.00,0.00,0.00,0.00,0.00,0.00,688384,1158224,1352336,66.27,47696,540800,3745436,183.54,832096,356288,52,599996,100944,7392,28808,0,0,0,0.00,0,0.00,0,0,0.00,26495,7616,36836,0,0,462,0.00,0.00,0.02,0,0.00,0.00,0.00,0.00,0.00,0.00,0.00,0.00,0.00,0.00,0.00,0.00,0.00,0.00,61782.00,2577.00,84520.05,145.95,0.00,0.00,0.00,0.00,0.00,0.00,0.00,1.00,0.00,0.00,0.00,0.00,0.00,0.00,0.00,0.00,0.00,0.00,0.00,0.00,0.00,0.00,0.00,0.00,0.00,0.00,0.00,0.00,0.00,0.00,721,3,5,0,0,0,61752.00,0.00,5146.00,2575.00,59179.00,2573.00,0.00,0.00,0.00,0.00,0.00,0.00,0.00,0.00,0.00,0.00,0.00,0.00,0.00,0.00,0.00,0.00,0.00,0.00,0.00,0.00,0.00,0.00,0.00,0.00,0.00,0.00,0.00,0.00,0.00,0.00,0.00,0.00,0.00,0.00,0.00,0.00,0.00,0.00,5146.00,2575.00,2572.00,0.00,2.00,0.00,0.00,0.00,0.00,0.00,0.00,3,2,1,0,0.00,0.00,0.00,0.00,0.00,0.00,0.00,0.00,0.00,0.00,0.00,0.00,0.00,0.00,0.00,0.00,0.00,0.00,0.00,0.00,0.00,0.00,0.00,0.00,0.00,0.00,0.00,0.00,0.00,0.00,0.00,0.00,0.00,0.00,0.00,0.00,0.00,0.00,0.00,0.00,0.00,0.00,0.00,0.00,0.00,0.00,0.00,0.00,0.00,0.00,0.00,0.00,0.00,61733.00,0.00,0.00,0.00,0.00,1995.37
0.00,0.00,0.50,0.00,0.50,0.00,8.50,0.00,0.00,90.50,0.00,372.00,0.00,0.00,0.00,0.00,0.00,0.00,29308.00,0.00,0.00,0.00,0.00,0.00,0.00,0.00,0.00,0.00,688480,1158376,1352240,66.26,47696,540832,3745436,183.54,832096,356344,84,599996,100944,7392,28808,0,0,0,0.00,0,0.00,0,0,0.00,26495,7616,36836,0,0,462,0.00,0.00,0.02,0,0.00,0.00,0.00,0.00,0.00,0.00,0.00,0.00,0.00,0.00,0.00,0.00,0.00,0.00,60721.00,2532.00,83075.00,143.41,0.00,0.00,0.00,0.00,0.00,0.00,0.00,0.00,0.00,0.00,0.00,0.00,0.00,0.00,0.00,0.00,0.00,0.00,0.00,0.00,0.00,0.00,0.00,0.00,0.00,0.00,0.00,0.00,0.00,0.00,721,3,5,0,0,0,60742.00,0.00,5060.00,2533.00,58213.00,2531.00,0.00,0.00,0.00,0.00,0.00,0.00,0.00,0.00,0.00,0.00,0.00,0.00,0.00,0.00,0.00,0.00,0.00,0.00,0.00,0.00,0.00,0.00,0.00,0.00,0.00,0.00,0.00,0.00,0.00,0.00,0.00,0.00,0.00,0.00,0.00,0.00,0.00,0.00,5061.00,2534.00,2529.00,0.00,2.00,0.00,0.00,0.00,0.00,0.00,0.00,3,2,1,0,0.00,0.00,0.00,0.00,0.00,0.00,0.00,0.00,0.00,0.00,0.00,0.00,0.00,0.00,0.00,0.00,0.00,0.00,0.00,0.00,0.00,0.00,0.00,0.00,0.00,0.00,0.00,0.00,0.00,0.00,0.00,0.00,0.00,0.00,0.00,0.00,0.00,0.00,0.00,0.00,0.00,0.00,0.00,0.00,0.00,0.00,0.00,0.00,0.00,0.00,0.00,0.00,0.00,60794.00,0.00,0.00,0.00,0.00,1995.37
0.50,0.00,0.00,1.01,0.00,0.00,9.05,0.00,0.00,89.45,0.00,377.00,0.00,0.00,0.00,36.00,0.00,0.00,29405.00,0.00,0.00,0.00,0.00,2.00,0.00,2.00,0.00,72.00,688320,1158224,1352400,66.27,47704,540832,3745436,183.54,832148,356348,108,599996,100944,7392,28808,0,0,0,0.00,0,0.00,0,0,0.00,26495,7616,36836,0,0,462,0.00,0.00,0.02,0,0.00,0.00,0.00,0.00,0.00,0.00,2.00,0.00,36.00,18.00,0.00,14.00,0.00,0.00,59787.00,2495.00,81794.50,141.32,0.00,0.00,0.00,0.00,0.00,0.00,0.00,1.00,0.00,0.00,0.00,0.00,0.00,0.00,0.00,0.00,0.00,0.00,0.00,0.00,0.00,0.00,0.00,0.00,0.00,0.00,0.00,0.00,0.00,0.00,721,3,5,0,1,0,59784.00,0.00,4981.00,2494.00,57293.00,2491.00,0.00,0.00,0.00,0.00,0.00,0.00,0.00,0.00,0.00,0.00,0.00,0.00,0.00,0.00,0.00,0.00,0.00,0.00,0.00,0.00,0.00,0.00,0.00,0.00,0.00,0.00,0.00,0.00,0.00,0.00,0.00,0.00,0.00,0.00,0.00,0.00,0.00,0.00,4981.00,2494.00,2491.00,0.00,4.00,0.00,0.00,0.00,0.00,0.00,0.00,3,2,1,0,0.00,0.00,0.00,0.00,0.00,0.00,0.00,0.00,0.00,0.00,0.00,0.00,0.00,0.00,0.00,0.00,0.00,0.00,0.00,0.00,0.00,0.00,0.00,0.00,0.00,0.00,0.00,0.00,0.00,0.00,0.00,0.00,0.00,0.00,0.00,0.00,0.00,0.00,0.00,0.00,0.00,0.00,0.00,0.00,0.00,0.00,0.00,0.00,0.00,0.00,0.00,0.00,0.00,59741.00,0.00,0.00,0.00,0.00,1995.37
2.01,0.00,0.00,0.00,0.00,0.00,8.54,0.00,0.00,89.45,0.00,390.00,0.00,0.00,0.00,0.00,5.00,0.00,29522.00,0.00,0.00,0.00,0.00,0.00,0.00,0.00,0.00,0.00,688416,1158360,1352304,66.27,47704,540864,3745436,183.54,832128,356388,140,599976,100944,7392,28808,0,0,0,0.00,0,0.00,0,0,0.00,26495,7616,36836,0,0,462,0.00,0.00,0.02,0,0.00,0.00,0.00,0.00,0.00,0.00,0.00,0.00,0.00,0.00,0.00,0.00,0.00,0.00,58587.00,2443.00,80152.69,138.37,0.00,0.00,0.00,0.00,0.00,0.00,0.00,0.00,0.00,0.00,0.00,0.00,0.00,0.00,0.00,0.00,0.00,0.00,0.00,0.00,0.00,0.00,0.00,0.00,0.00,0.00,0.00,0.00,0.00,0.00,721,3,5,0,0,0,58584.00,0.00,4883.00,2444.00,56143.00,2441.00,0.00,0.00,0.00,0.00,0.00,0.00,0.00,0.00,0.00,0.00,0.00,0.00,0.00,0.00,0.00,0.00,0.00,0.00,0.00,0.00,0.00,0.00,0.00,0.00,0.00,0.00,0.00,0.00,0.00,0.00,0.00,0.00,0.00,0.00,0.00,0.00,0.00,0.00,4884.00,2444.00,2442.00,0.00,2.00,0.00,0.00,0.00,0.00,0.00,0.00,3,2,1,0,0.00,0.00,0.00,0.00,0.00,0.00,0.00,0.00,0.00,0.00,0.00,0.00,0.00,0.00,0.00,0.00,0.00,0.00,0.00,0.00,0.00,0.00,0.00,0.00,0.00,0.00,0.00,0.00,0.00,0.00,0.00,0.00,0.00,0.00,0.00,0.00,0.00,0.00,0.00,0.00,0.00,0.00,0.00,0.00,0.00,0.00,0.00,0.00,0.00,0.00,0.00,0.00,0.00,58656.00,0.00,0.00,0.00,0.00,1995.37
0.00,0.00,0.00,0.00,0.00,0.00,10.89,0.00,0.00,89.11,0.00,365.00,0.00,0.00,0.00,0.00,0.00,0.00,28627.00,0.00,0.00,0.00,0.00,0.00,0.00,0.00,0.00,0.00,688512,1158456,1352208,66.26,47704,540880,3745436,183.54,832128,356388,156,599976,100944,7392,28808,0,0,0,0.00,0,0.00,0,0,0.00,26495,7616,36836,0,0,462,0.00,0.00,0.02,0,0.00,0.00,0.00,0.00,0.00,0.00,0.00,0.00,0.00,0.00,0.00,0.00,0.00,0.00,57843.00,2411.00,79134.78,136.56,0.00,0.00,0.00,0.00,0.00,0.00,0.00,1.00,0.00,0.00,0.00,0.00,0.00,0.00,0.00,0.00,0.00,0.00,0.00,0.00,0.00,0.00,0.00,0.00,0.00,0.00,0.00,0.00,0.00,0.00,721,3,5,0,0,0,57841.00,0.00,4820.00,2411.00,55430.00,2410.00,0.00,0.00,0.00,0.00,0.00,0.00,0.00,0.00,0.00,0.00,0.00,0.00,0.00,0.00,0.00,0.00,0.00,0.00,0.00,0.00,0.00,0.00,0.00,0.00,0.00,0.00,0.00,0.00,0.00,0.00,0.00,0.00,0.00,0.00,0.00,0.00,0.00,0.00,4819.00,2410.00,2410.00,0.00,1.00,0.00,0.00,0.00,0.00,0.00,0.00,3,2,1,0,0.00,0.00,0.00,0.00,0.00,0.00,0.00,0.00,0.00,0.00,0.00,0.00,0.00,0.00,0.00,0.00,0.00,0.00,0.00,0.00,0.00,0.00,0.00,0.00,0.00,0.00,0.00,0.00,0.00,0.00,0.00,0.00,0.00,0.00,0.00,0.00,0.00,0.00,0.00,0.00,0.00,0.00,0.00,0.00,0.00,0.00,0.00,0.00,0.00,0.00,0.00,0.00,0.00,57772.00,0.00,0.00,0.00,0.00,1995.37
0.00,0.00,0.00,0.00,0.00,0.00,10.45,0.00,0.00,89.55,0.00,357.00,0.00,0.00,0.00,0.00,0.00,0.00,28099.00,0.00,0.00,0.00,0.00,0.00,0.00,0.00,0.00,0.00,688384,1158328,1352336,66.27,47704,540896,3745436,183.54,832128,356388,172,599976,100944,7392,28808,0,0,0,0.00,0,0.00,0,0,0.00,26495,7616,36836,0,0,462,0.00,0.00,0.02,0,0.00,0.00,0.00,0.00,0.00,0.00,0.00,0.00,0.00,0.00,0.00,0.00,0.00,0.00,57392.00,2393.00,78511.19,135.54,0.00,0.00,0.00,0.00,0.00,0.00,0.00,0.00,0.00,0.00,0.00,0.00,0.00,0.00,0.00,0.00,0.00,0.00,0.00,0.00,0.00,0.00,0.00,0.00,0.00,0.00,0.00,0.00,0.00,0.00,721,3,5,0,0,0,57408.00,0.00,4785.00,2394.00,55016.00,2392.00,0.00,0.00,0.00,0.00,0.00,0.00,0.00,0.00,0.00,0.00,0.00,0.00,0.00,0.00,0.00,0.00,0.00,0.00,0.00,0.00,0.00,0.00,0.00,0.00,0.00,0.00,0.00,0.00,0.00,0.00,0.00,0.00,0.00,0.00,0.00,0.00,0.00,0.00,4785.00,2394.00,2393.00,0.00,2.00,0.00,0.00,0.00,0.00,0.00,0.00,3,2,1,0,0.00,0.00,0.00,0.00,0.00,0.00,0.00,0.00,0.00,0.00,0.00,0.00,0.00,0.00,0.00,0.00,0.00,0.00,0.00,0.00,0.00,0.00,0.00,0.00,0.00,0.00,0.00,0.00,0.00,0.00,0.00,0.00,0.00,0.00,0.00,0.00,0.00,0.00,0.00,0.00,0.00,0.00,0.00,0.00,0.00,0.00,0.00,0.00,0.00,0.00,0.00,0.00,0.00,57464.00,0.00,0.00,0.00,0.00,1995.37
0.51,0.00,0.51,0.00,0.51,0.00,7.58,0.00,0.00,90.91,0.00,350.00,0.00,0.00,0.00,0.00,0.00,0.00,29156.00,0.00,0.00,0.00,0.00,0.00,0.00,0.00,0.00,0.00,688384,1158332,1352336,66.27,47704,540912,3745436,183.54,832128,356388,188,599976,100948,7392,28808,0,0,0,0.00,0,0.00,0,0,0.00,26495,7616,36836,0,0,462,0.00,0.00,0.02,0,0.00,0.00,0.00,0.00,0.00,0.00,0.00,0.00,0.00,0.00,0.00,0.00,0.00,0.00,58422.00,2435.00,79923.04,137.92,0.00,0.00,0.00,0.00,0.00,0.00,0.00,1.00,0.00,0.00,0.00,0.00,0.00,0.00,0.00,0.00,0.00,0.00,0.00,0.00,0.00,0.00,0.00,0.00,0.00,0.00,0.00,0.00,0.00,0.00,721,3,5,0,0,0,58367.00,0.00,4863.00,2433.00,55936.00,2432.00,0.00,0.00,0.00,0.00,0.00,0.00,0.00,0.00,0.00,0.00,0.00,0.00,0.00,0.00,0.00,0.00,0.00,0.00,0.00,0.00,0.00,0.00,0.00,0.00,0.00,0.00,0.00,0.00,0.00,0.00,0.00,0.00,0.00,0.00,0.00,0.00,0.00,0.00,4862.00,2433.00,2430.00,0.00,1.00,0.00,0.00,0.00,0.00,0.00,0.00,3,2,1,0,0.00,0.00,0.00,0.00,0.00,0.00,0.00,0.00,0.00,0.00,0.00,0.00,0.00,0.00,0.00,0.00,0.00,0.00,0.00,0.00,0.00,0.00,0.00,0.00,0.00,0.00,0.00,0.00,0.00,0.00,0.00,0.00,0.00,0.00,0.00,0.00,0.00,0.00,0.00,0.00,0.00,0.00,0.00,0.00,0.00,0.00,0.00,0.00,0.00,0.00,0.00,0.00,0.00,58327.00,0.00,0.00,0.00,0.00,1995.37
0.00,0.00,0.00,3.41,0.00,0.00,11.71,0.00,0.00,84.88,0.00,392.00,0.00,0.00,0.00,12.00,0.00,0.00,26221.00,0.00,0.00,0.00,0.00,2.00,0.00,2.00,0.00,24.00,688320,1158268,1352400,66.27,47712,540912,3745436,183.54,832128,356388,188,599976,100948,7392,28808,0,0,0,0.00,0,0.00,0,0,0.00,26495,7616,36836,0,0,462,0.00,0.00,0.02,0,0.00,0.00,0.00,0.00,0.00,0.00,2.00,0.00,12.00,6.00,0.00,42.00,0.00,0.00,54369.00,2270.00,74373.91,128.57,0.00,0.00,0.00,0.00,0.00,0.00,0.00,0.00,0.00,0.00,0.00,0.00,0.00,0.00,0.00,0.00,0.00,0.00,0.00,0.00,0.00,0.00,0.00,0.00,0.00,0.00,0.00,0.00,0.00,0.00,721,3,5,0,0,0,54361.00,0.00,4531.00,2270.00,52095.00,2265.00,0.00,0.00,0.00,0.00,0.00,0.00,0.00,0.00,0.00,0.00,0.00,0.00,0.00,0.00,0.00,0.00,0.00,0.00,0.00,0.00,0.00,0.00,0.00,0.00,0.00,0.00,0.00,0.00,0.00,0.00,0.00,0.00,0.00,0.00,0.00,0.00,0.00,0.00,4533.00,2271.00,2267.00,0.00,5.00,0.00,0.00,0.00,0.00,0.00,0.00,3,2,1,0,0.00,0.00,0.00,0.00,0.00,0.00,0.00,0.00,0.00,0.00,0.00,0.00,0.00,0.00,0.00,0.00,0.00,0.00,0.00,0.00,0.00,0.00,0.00,0.00,0.00,0.00,0.00,0.00,0.00,0.00,0.00,0.00,0.00,0.00,0.00,0.00,0.00,0.00,0.00,0.00,0.00,0.00,0.00,0.00,0.00,0.00,0.00,0.00,0.00,0.00,0.00,0.00,0.00,54415.00,0.00,0.00,0.00,0.00,1995.37
0.51,0.00,0.51,0.00,0.00,0.00,8.08,0.00,0.00,90.91,0.00,367.00,0.00,0.00,0.00,0.00,0.00,0.00,26828.00,0.00,0.00,0.00,0.00,0.00,0.00,0.00,0.00,0.00,688196,1158200,1352524,66.28,47712,540940,3745436,183.54,832128,356444,216,599976,100948,7392,28808,0,0,0,0.00,0,0.00,0,0,0.00,26495,7616,36836,0,0,462,0.00,0.00,0.02,0,0.00,0.00,0.00,0.00,0.00,0.00,0.00,0.00,0.00,0.00,0.00,0.00,0.00,0.00,54943.00,2292.00,75162.06,129.82,0.00,0.00,0.00,0.00,0.00,0.00,0.00,1.00,0.00,0.00,0.00,0.00,0.00,0.00,0.00,0.00,0.00,0.00,0.00,0.00,0.00,0.00,0.00,0.00,0.00,0.00,0.00,0.00,0.00,0.00,721,3,5,0,0,0,54959.00,0.00,4579.00,2293.00,52670.00,2290.00,0.00,0.00,0.00,0.00,0.00,0.00,0.00,0.00,0.00,0.00,0.00,0.00,0.00,0.00,0.00,0.00,0.00,0.00,0.00,0.00,0.00,0.00,0.00,0.00,0.00,0.00,0.00,0.00,0.00,0.00,0.00,0.00,0.00,0.00,0.00,0.00,0.00,0.00,4576.00,2292.00,2287.00,0.00,3.00,0.00,0.00,0.00,0.00,0.00,0.00,3,2,1,0,0.00,0.00,0.00,0.00,0.00,0.00,0.00,0.00,0.00,0.00,0.00,0.00,0.00,0.00,0.00,0.00,0.00,0.00,0.00,0.00,0.00,0.00,0.00,0.00,0.00,0.00,0.00,0.00,0.00,0.00,0.00,0.00,0.00,0.00,0.00,0.00,0.00,0.00,0.00,0.00,0.00,0.00,0.00,0.00,0.00,0.00,0.00,0.00,0.00,0.00,0.00,0.00,0.00,54942.00,0.00,0.00,0.00,0.00,1995.37
0.00,0.00,0.00,0.00,0.00,0.00,9.50,0.00,0.00,90.50,0.00,390.00,0.00,0.00,0.00,0.00,0.00,0.00,25468.00,0.00,0.00,0.00,0.00,0.00,0.00,0.00,0.00,0.00,688324,1158328,1352396,66.27,47712,540940,3745436,183.54,832128,356444,216,599976,100948,7392,28808,0,0,0,0.00,0,0.00,0,0,0.00,26495,7616,36836,0,0,462,0.00,0.00,0.02,0,0.00,0.00,0.00,0.00,0.00,0.00,0.00,0.00,0.00,0.00,0.00,0.00,0.00,0.00,53069.00,2213.00,72600.56,125.35,0.00,0.00,0.00,0.00,0.00,0.00,0.00,0.00,0.00,0.00,0.00,0.00,0.00,0.00,0.00,0.00,0.00,0.00,0.00,0.00,0.00,0.00,0.00,0.00,0.00,0.00,0.00,0.00,0.00,0.00,721,3,5,0,0,0,53064.00,0.00,4422.00,2213.00,50853.00,2211.00,0.00,0.00,0.00,0.00,0.00,0.00,0.00,0.00,0.00,0.00,0.00,0.00,0.00,0.00,0.00,0.00,0.00,0.00,0.00,0.00,0.00,0.00,0.00,0.00,0.00,0.00,0.00,0.00,0.00,0.00,0.00,0.00,0.00,0.00,0.00,0.00,0.00,0.00,4424.00,2214.00,2212.00,0.00,2.00,0.00,0.00,0.00,0.00,0.00,0.00,3,2,1,0,0.00,0.00,0.00,0.00,0.00,0.00,0.00,0.00,0.00,0.00,0.00,0.00,0.00,0.00,0.00,0.00,0.00,0.00,0.00,0.00,0.00,0.00,0.00,0.00,0.00,0.00,0.00,0.00,0.00,0.00,0.00,0.00,0.00,0.00,0.00,0.00,0.00,0.00,0.00,0.00,0.00,0.00,0.00,0.00,0.00,0.00,0.00,0.00,0.00,0.00,0.00,0.00,0.00,53095.00,0.00,0.00,0.00,0.00,1995.37
0.50,0.00,0.00,0.00,0.50,0.00,8.96,0.00,0.00,90.05,0.00,379.00,0.00,0.00,0.00,0.00,0.00,0.00,26308.00,0.00,0.00,0.00,0.00,0.00,0.00,0.00,0.00,0.00,688196,1158200,1352524,66.28,47712,540972,3745436,183.54,832128,356444,248,599976,100948,7392,28808,0,0,0,0.00,0,0.00,0,0,0.00,26495,7616,36836,0,0,462,0.00,0.00,0.02,0,0.00,0.00,0.00,0.00,0.00,0.00,0.00,0.00,0.00,0.00,0.00,0.00,0.00,0.00,52809.00,2204.00,72240.18,124.84,0.00,0.00,0.00,0.00,0.00,0.00,0.00,2.00,0.00,0.00,0.00,0.00,0.00,0.00,0.00,0.00,0.00,0.00,0.00,0.00,0.00,0.00,0.00,0.00,0.00,0.00,0.00,0.00,0.00,0.00,721,3,5,0,0,0,52780.00,0.00,4402.00,2203.00,50577.00,2199.00,0.00,0.00,0.00,0.00,0.00,0.00,0.00,0.00,0.00,0.00,0.00,0.00,0.00,0.00,0.00,0.00,0.00,0.00,0.00,0.00,0.00,0.00,0.00,0.00,0.00,0.00,0.00,0.00,0.00,0.00,0.00,0.00,0.00,0.00,0.00,0.00,0.00,0.00,4400.00,2203.00,2201.00,0.00,4.00,0.00,0.00,0.00,0.00,0.00,0.00,3,2,1,0,0.00,0.00,0.00,0.00,0.00,0.00,0.00,0.00,0.00,0.00,0.00,0.00,0.00,0.00,0.00,0.00,0.00,0.00,0.00,0.00,0.00,0.00,0.00,0.00,0.00,0.00,0.00,0.00,0.00,0.00,0.00,0.00,0.00,0.00,0.00,0.00,0.00,0.00,0.00,0.00,0.00,0.00,0.00,0.00,0.00,0.00,0.00,0.00,0.00,0.00,0.00,0.00,0.00,52761.00,0.00,0.00,0.00,0.00,1995.37
0.00,0.00,0.50,0.00,0.00,0.00,8.96,0.00,0.00,90.55,0.00,377.00,0.00,0.00,0.00,0.00,0.00,0.00,25396.00,0.00,0.00,0.00,0.00,0.00,0.00,0.00,0.00,0.00,688292,1158352,1352428,66.27,47712,540988,3745436,183.54,832128,356500,264,599976,100948,7392,28808,0,0,0,0.00,0,0.00,0,0,0.00,26495,7616,36836,0,0,462,0.00,0.00,0.02,0,0.00,0.00,0.00,0.00,0.00,0.00,0.00,0.00,0.00,0.00,0.00,0.00,0.00,0.00,51603.00,2151.00,70597.45,121.83,0.00,0.00,0.00,0.00,0.00,0.00,0.00,0.00,0.00,0.00,0.00,0.00,0.00,0.00,0.00,0.00,0.00,0.00,0.00,0.00,0.00,0.00,0.00,0.00,0.00,0.00,0.00,0.00,0.00,0.00,721,3,5,0,0,0,51623.00,0.00,4300.00,2152.00,49474.00,2151.00,0.00,0.00,0.00,0.00,0.00,0.00,0.00,0.00,0.00,0.00,0.00,0.00,0.00,0.00,0.00,0.00,0.00,0.00,0.00,0.00,0.00,0.00,0.00,0.00,0.00,0.00,0.00,0.00,0.00,0.00,0.00,0.00,0.00,0.00,0.00,0.00,0.00,0.00,4300.00,2152.00,2150.00,0.00,1.00,0.00,0.00,0.00,0.00,0.00,0.00,3,2,1,0,0.00,0.00,0.00,0.00,0.00,0.00,0.00,0.00,0.00,0.00,0.00,0.00,0.00,0.00,0.00,0.00,0.00,0.00,0.00,0.00,0.00,0.00,0.00,0.00,0.00,0.00,0.00,0.00,0.00,0.00,0.00,0.00,0.00,0.00,0.00,0.00,0.00,0.00,0.00,0.00,0.00,0.00,0.00,0.00,0.00,0.00,0.00,0.00,0.00,0.00,0.00,0.00,0.00,51652.00,0.00,0.00,0.00,0.00,1995.37
0.50,0.00,0.00,3.50,0.00,0.00,9.00,0.00,0.00,87.00,0.00,398.00,0.00,0.00,0.00,12.00,0.00,0.00,25284.00,0.00,0.00,0.00,0.00,2.00,0.00,2.00,0.00,24.00,688388,1158448,1352332,66.27,47720,541004,3745436,183.54,832128,356500,280,599976,100948,7392,28808,0,0,0,0.00,0,0.00,0,0,0.00,26495,7616,36836,0,0,462,0.00,0.00,0.02,0,0.00,0.00,0.00,0.00,0.00,0.00,2.00,0.00,12.00,6.00,0.00,38.00,0.00,0.00,50406.00,2103.00,68955.81,119.10,0.00,0.00,0.00,0.00,0.00,0.00,0.00,1.00,0.00,0.00,0.00,0.00,0.00,0.00,0.00,0.00,0.00,0.00,0.00,0.00,0.00,0.00,0.00,0.00,0.00,0.00,0.00,0.00,0.00,0.00,721,3,5,0,0,0,50399.00,0.00,4200.00,2102.00,48299.00,2100.00,0.00,0.00,0.00,0.00,0.00,0.00,0.00,0.00,0.00,0.00,0.00,0.00,0.00,0.00,0.00,0.00,0.00,0.00,0.00,0.00,0.00,0.00,0.00,0.00,0.00,0.00,0.00,0.00,0.00,0.00,0.00,0.00,0.00,0.00,0.00,0.00,0.00,0.00,4200.00,2102.00,2099.00,0.00,2.00,0.00,0.00,0.00,0.00,0.00,0.00,3,2,1,0,0.00,0.00,0.00,0.00,0.00,0.00,0.00,0.00,0.00,0.00,0.00,0.00,0.00,0.00,0.00,0.00,0.00,0.00,0.00,0.00,0.00,0.00,0.00,0.00,0.00,0.00,0.00,0.00,0.00,0.00,0.00,0.00,0.00,0.00,0.00,0.00,0.00,0.00,0.00,0.00,0.00,0.00,0.00,0.00,0.00,0.00,0.00,0.00,0.00,0.00,0.00,0.00,0.00,50380.00,0.00,0.00,0.00,0.00,1995.37
0.00,0.00,0.50,0.00,0.00,0.00,9.90,0.00,0.00,89.60,0.00,396.00,0.00,0.00,0.00,0.00,1.00,0.00,24934.00,0.00,0.00,0.00,0.00,0.00,0.00,0.00,0.00,0.00,688196,1158256,1352524,66.28,47720,541004,3745436,183.54,832128,356500,280,599976,100948,7392,28808,0,0,0,0.00,0,0.00,0,0,0.00,26495,7616,36836,0,0,462,0.00,0.00,0.02,0,0.00,0.00,0.00,0.00,0.00,0.00,0.00,0.00,0.00,0.00,0.00,0.00,0.00,0.00,49588.00,2067.00,67839.29,117.08,0.00,0.00,0.00,0.00,0.00,0.00,0.00,0.00,0.00,0.00,0.00,0.00,0.00,0.00,0.00,0.00,0.00,0.00,0.00,0.00,0.00,0.00,0.00,0.00,0.00,0.00,0.00,0.00,0.00,0.00,721,3,5,0,0,0,49585.00,0.00,4133.00,2067.00,47518.00,2066.00,0.00,0.00,0.00,0.00,0.00,0.00,0.00,0.00,0.00,0.00,0.00,0.00,0.00,0.00,0.00,0.00,0.00,0.00,0.00,0.00,0.00,0.00,0.00,0.00,0.00,0.00,0.00,0.00,0.00,0.00,0.00,0.00,0.00,0.00,0.00,0.00,0.00,0.00,4132.00,2066.00,2067.00,0.00,1.00,0.00,0.00,0.00,0.00,0.00,0.00,3,2,1,0,0.00,0.00,0.00,0.00,0.00,0.00,0.00,0.00,0.00,0.00,0.00,0.00,0.00,0.00,0.00,0.00,0.00,0.00,0.00,0.00,0.00,0.00,0.00,0.00,0.00,0.00,0.00,0.00,0.00,0.00,0.00,0.00,0.00,0.00,0.00,0.00,0.00,0.00,0.00,0.00,0.00,0.00,0.00,0.00,0.00,0.00,0.00,0.00,0.00,0.00,0.00,0.00,0.00,49566.00,0.00,0.00,0.00,0.00,1995.37
0.50,0.00,0.00,0.00,0.00,0.00,8.96,0.00,0.00,90.55,0.00,379.00,0.00,0.00,0.00,0.00,0.00,0.00,25396.00,0.00,0.00,0.00,0.00,0.00,0.00,0.00,0.00,0.00,688356,1158460,1352364,66.27,47720,541036,3745436,183.54,832128,356544,312,599980,100948,7392,28808,0,0,0,0.00,0,0.00,0,0,0.00,26495,7616,36836,0,0,462,0.00,0.00,0.02,0,0.00,0.00,0.00,0.00,0.00,0.00,0.00,0.00,0.00,0.00,0.00,0.00,0.00,0.00,50281.00,2097.00,68791.35,118.78,0.00,0.00,0.00,0.00,0.00,0.00,0.00,1.00,0.00,0.00,0.00,0.00,0.00,0.00,0.00,0.00,0.00,0.00,0.00,0.00,0.00,0.00,0.00,0.00,0.00,0.00,0.00,0.00,0.00,0.00,721,3,5,0,0,0,50255.00,0.00,4187.00,2096.00,48162.00,2094.00,0.00,0.00,0.00,0.00,0.00,0.00,0.00,0.00,0.00,0.00,0.00,0.00,0.00,0.00,0.00,0.00,0.00,0.00,0.00,0.00,0.00,0.00,0.00,0.00,0.00,0.00,0.00,0.00,0.00,0.00,0.00,0.00,0.00,0.00,0.00,0.00,0.00,0.00,4188.00,2097.00,2093.00,0.00,2.00,0.00,0.00,0.00,0.00,0.00,0.00,3,2,1,0,0.00,0.00,0.00,0.00,0.00,0.00,0.00,0.00,0.00,0.00,0.00,0.00,0.00,0.00,0.00,0.00,0.00,0.00,0.00,0.00,0.00,0.00,0.00,0.00,0.00,0.00,0.00,0.00,0.00,0.00,0.00,0.00,0.00,0.00,0.00,0.00,0.00,0.00,0.00,0.00,0.00,0.00,0.00,0.00,0.00,0.00,0.00,0.00,0.00,0.00,0.00,0.00,0.00,50326.00,0.00,0.00,0.00,0.00,1995.37
0.00,0.00,0.00,0.00,0.51,0.00,7.58,0.00,0.00,91.92,0.00,372.00,0.00,0.00,0.00,0.00,0.00,0.00,23820.00,0.00,0.00,0.00,0.00,0.00,0.00,0.00,0.00,0.00,688200,1158304,1352520,66.28,47720,541052,3745436,183.54,832128,356544,328,599980,100948,7392,28808,0,0,0,0.00,0,0.00,0,0,0.00,26495,7616,36836,0,0,462,0.00,0.00,0.02,0,0.00,0.00,0.00,0.00,0.00,0.00,0.00,0.00,0.00,0.00,0.00,0.00,0.00,0.00,48485.00,2023.00,66328.88,114.58,0.00,0.00,0.00,0.00,0.00,0.00,0.00,0.00,0.00,0.00,0.00,0.00,0.00,0.00,0.00,0.00,0.00,0.00,0.00,0.00,0.00,0.00,0.00,0.00,0.00,0.00,0.00,0.00,0.00,0.00,721,3,5,0,0,0,48481.00,0.00,4041.00,2023.00,46460.00,2020.00,0.00,0.00,0.00,0.00,0.00,0.00,0.00,0.00,0.00,0.00,0.00,0.00,0.00,0.00,0.00,0.00,0.00,0.00,0.00,0.00,0.00,0.00,0.00,0.00,0.00,0.00,0.00,0.00,0.00,0.00,0.00,0.00,0.00,0.00,0.00,0.00,0.00,0.00,4041.00,2023.00,2021.00,0.00,3.00,0.00,0.00,0.00,0.00,0.00,0.00,3,2,1,0,0.00,0.00,0.00,0.00,0.00,0.00,0.00,0.00,0.00,0.00,0.00,0.00,0.00,0.00,0.00,0.00,0.00,0.00,0.00,0.00,0.00,0.00,0.00,0.00,0.00,0.00,0.00,0.00,0.00,0.00,0.00,0.00,0.00,0.00,0.00,0.00,0.00,0.00,0.00,0.00,0.00,0.00,0.00,0.00,0.00,0.00,0.00,0.00,0.00,0.00,0.00,0.00,0.00,48439.00,0.00,0.00,0.00,0.00,1995.37
0.49,0.00,0.00,0.00,0.00,0.00,9.85,0.00,0.00,89.66,0.00,389.00,0.00,0.00,0.00,0.00,0.00,0.00,22556.00,0.00,0.00,0.00,0.00,0.00,0.00,0.00,0.00,0.00,688072,1158176,1352648,66.28,47720,541064,3745436,183.54,832128,356544,340,599980,100948,7392,28808,0,0,0,0.00,0,0.00,0,0,0.00,26495,7616,36836,0,0,462,0.00,0.00,0.02,0,0.00,0.00,0.00,0.00,0.00,0.00,0.00,0.00,0.00,0.00,0.00,0.00,0.00,0.00,46448.00,1936.00,63538.00,109.66,0.00,0.00,0.00,0.00,0.00,0.00,0.00,1.00,0.00,0.00,0.00,0.00,0.00,0.00,0.00,0.00,0.00,0.00,0.00,0.00,0.00,0.00,0.00,0.00,0.00,0.00,0.00,0.00,0.00,0.00,721,3,5,0,0,0,46443.00,0.00,3870.00,1936.00,44508.00,1935.00,0.00,0.00,0.00,0.00,0.00,0.00,0.00,0.00,0.00,0.00,0.00,0.00,0.00,0.00,0.00,0.00,0.00,0.00,0.00,0.00,0.00,0.00,0.00,0.00,0.00,0.00,0.00,0.00,0.00,0.00,0.00,0.00,0.00,0.00,0.00,0.00,0.00,0.00,3870.00,1936.00,1935.00,0.00,1.00,0.00,0.00,0.00,0.00,0.00,0.00,3,2,1,0,0.00,0.00,0.00,0.00,0.00,0.00,0.00,0.00,0.00,0.00,0.00,0.00,0.00,0.00,0.00,0.00,0.00,0.00,0.00,0.00,0.00,0.00,0.00,0.00,0.00,0.00,0.00,0.00,0.00,0.00,0.00,0.00,0.00,0.00,0.00,0.00,0.00,0.00,0.00,0.00,0.00,0.00,0.00,0.00,0.00,0.00,0.00,0.00,0.00,0.00,0.00,0.00,0.00,46470.00,0.00,0.00,0.00,0.00,1995.37
0.00,0.00,0.00,0.00,0.00,0.00,9.80,0.00,0.00,90.20,0.00,377.00,0.00,0.00,0.00,0.00,0.00,0.00,22108.00,0.00,0.00,0.00,0.00,0.00,0.00,0.00,0.00,0.00,688168,1158324,1352552,66.28,47720,541080,3745436,183.54,832132,356596,356,599980,100952,7392,28808,0,0,0,0.00,0,0.00,0,0,0.00,26495,7616,36836,0,0,462,0.00,0.00,0.02,0,0.00,0.00,0.00,0.00,0.00,0.00,0.00,0.00,0.00,0.00,0.00,0.00,0.00,0.00,44312.00,1848.00,60615.62,104.67,0.00,0.00,0.00,0.00,0.00,0.00,0.00,0.00,0.00,0.00,0.00,0.00,0.00,0.00,0.00,0.00,0.00,0.00,0.00,0.00,0.00,0.00,0.00,0.00,0.00,0.00,0.00,0.00,0.00,0.00,721,3,5,0,1,0,44322.00,0.00,3690.00,1849.00,42478.00,1847.00,0.00,0.00,0.00,0.00,0.00,0.00,0.00,0.00,0.00,0.00,0.00,0.00,0.00,0.00,0.00,0.00,0.00,0.00,0.00,0.00,0.00,0.00,0.00,0.00,0.00,0.00,0.00,0.00,0.00,0.00,0.00,0.00,0.00,0.00,0.00,0.00,0.00,0.00,3692.00,1848.00,1846.00,0.00,2.00,0.00,0.00,0.00,0.00,0.00,0.00,3,2,1,0,0.00,0.00,0.00,0.00,0.00,0.00,0.00,0.00,0.00,0.00,0.00,0.00,0.00,0.00,0.00,0.00,0.00,0.00,0.00,0.00,0.00,0.00,0.00,0.00,0.00,0.00,0.00,0.00,0.00,0.00,0.00,0.00,0.00,0.00,0.00,0.00,0.00,0.00,0.00,0.00,0.00,0.00,0.00,0.00,0.00,0.00,0.00,0.00,0.00,0.00,0.00,0.00,0.00,44314.00,0.00,0.00,0.00,0.00,1995.37
0.50,0.00,0.50,2.00,0.00,0.00,7.50,0.00,0.00,89.50,0.00,363.00,0.00,0.00,0.00,12.00,0.00,0.00,21621.00,0.00,0.00,0.00,0.00,2.00,0.00,2.00,0.00,24.00,688104,1158260,1352616,66.28,47728,541096,3745436,183.54,832132,356596,372,599980,100952,7392,28808,0,0,0,0.00,0,0.00,0,0,0.00,26495,7616,36836,0,0,462,0.00,0.00,0.02,0,0.00,0.00,0.00,0.00,0.00,0.00,2.00,0.00,12.00,6.00,0.00,24.00,0.00,0.00,43855.00,1829.00,59991.67,103.60,0.00,0.00,0.00,0.00,0.00,0.00,0.00,1.00,0.00,0.00,0.00,0.00,0.00,0.00,0.00,0.00,0.00,0.00,0.00,0.00,0.00,0.00,0.00,0.00,0.00,0.00,0.00,0.00,0.00,0.00,721,3,5,0,0,0,43849.00,0.00,3656.00,1829.00,42021.00,1827.00,0.00,0.00,0.00,0.00,0.00,0.00,0.00,0.00,0.00,0.00,0.00,0.00,0.00,0.00,0.00,0.00,0.00,0.00,0.00,0.00,0.00,0.00,0.00,0.00,0.00,0.00,0.00,0.00,0.00,0.00,0.00,0.00,0.00,0.00,0.00,0.00,0.00,0.00,3654.00,1830.00,1826.00,0.00,2.00,0.00,0.00,0.00,0.00,0.00,0.00,3,2,1,0,0.00,0.00,0.00,0.00,0.00,0.00,0.00,0.00,0.00,0.00,0.00,0.00,0.00,0.00,0.00,0.00,0.00,0.00,0.00,0.00,0.00,0.00,0.00,0.00,0.00,0.00,0.00,0.00,0.00,0.00,0.00,0.00,0.00,0.00,0.00,0.00,0.00,0.00,0.00,0.00,0.00,0.00,0.00,0.00,0.00,0.00,0.00,0.00,0.00,0.00,0.00,0.00,0.00,43878.00,0.00,0.00,0.00,0.00,1995.37
0.50,0.00,0.00,0.00,0.00,0.00,9.41,0.00,0.00,90.10,0.00,363.00,0.00,0.00,0.00,0.00,0.00,0.00,21387.00,0.00,0.00,0.00,0.00,0.00,0.00,0.00,0.00,0.00,688356,1158512,1352364,66.27,47728,541096,3745436,183.54,832132,356596,372,599980,100952,7392,28808,0,0,0,0.00,0,0.00,0,0,0.00,26495,7616,36836,0,0,462,0.00,0.00,0.02,0,0.00,0.00,0.00,0.00,0.00,0.00,0.00,0.00,0.00,0.00,0.00,0.00,0.00,0.00,43133.00,1799.00,59006.51,101.90,0.00,0.00,0.00,0.00,0.00,0.00,0.00,2.00,0.00,0.00,0.00,0.00,0.00,0.00,0.00,0.00,0.00,0.00,0.00,0.00,0.00,0.00,0.00,0.00,0.00,0.00,0.00,0.00,0.00,0.00,721,3,5,0,0,0,43103.00,0.00,3591.00,1798.00,41308.00,1796.00,0.00,0.00,0.00,0.00,0.00,0.00,0.00,0.00,0.00,0.00,0.00,0.00,0.00,0.00,0.00,0.00,0.00,0.00,0.00,0.00,0.00,0.00,0.00,0.00,0.00,0.00,0.00,0.00,0.00,0.00,0.00,0.00,0.00,0.00,0.00,0.00,0.00,0.00,3591.00,1797.00,1795.00,0.00,2.00,0.00,0.00,0.00,0.00,0.00,0.00,3,2,1,0,0.00,0.00,0.00,0.00,0.00,0.00,0.00,0.00,0.00,0.00,0.00,0.00,0.00,0.00,0.00,0.00,0.00,0.00,0.00,0.00,0.00,0.00,0.00,0.00,0.00,0.00,0.00,0.00,0.00,0.00,0.00,0.00,0.00,0.00,0.00,0.00,0.00,0.00,0.00,0.00,0.00,0.00,0.00,0.00,0.00,0.00,0.00,0.00,0.00,0.00,0.00,0.00,0.00,43085.00,0.00,0.00,0.00,0.00,1995.37
0.00,0.00,0.49,0.00,0.49,0.00,9.31,0.00,0.00,89.71,0.00,351.00,0.00,0.00,0.00,0.00,0.00,0.00,21148.00,0.00,0.00,0.00,0.00,0.00,0.00,0.00,0.00,0.00,688228,1158440,1352492,66.28,47728,541128,3745436,183.54,832132,356652,404,599980,100952,7392,28808,0,0,0,0.00,0,0.00,0,0,0.00,26495,7616,36836,0,0,462,0.00,0.00,0.02,0,0.00,0.00,0.00,0.00,0.00,0.00,0.00,0.00,0.00,0.00,0.00,0.00,0.00,0.00,42920.00,1790.00,58711.11,101.39,0.00,0.00,0.00,0.00,0.00,0.00,0.00,1.00,0.00,0.00,0.00,0.00,0.00,0.00,0.00,0.00,0.00,0.00,0.00,0.00,0.00,0.00,0.00,0.00,0.00,0.00,0.00,0.00,0.00,0.00,721,3,5,0,0,0,42915.00,0.00,3579.00,1790.00,41124.00,1788.00,0.00,0.00,0.00,0.00,0.00,0.00,0.00,0.00,0.00,0.00,0.00,0.00,0.00,0.00,0.00,0.00,0.00,0.00,0.00,0.00,0.00,0.00,0.00,0.00,0.00,0.00,0.00,0.00,0.00,0.00,0.00,0.00,0.00,0.00,0.00,0.00,0.00,0.00,3580.00,1791.00,1792.00,0.00,2.00,0.00,0.00,0.00,0.00,0.00,0.00,3,2,1,0,0.00,0.00,0.00,0.00,0.00,0.00,0.00,0.00,0.00,0.00,0.00,0.00,0.00,0.00,0.00,0.00,0.00,0.00,0.00,0.00,0.00,0.00,0.00,0.00,0.00,0.00,0.00,0.00,0.00,0.00,0.00,0.00,0.00,0.00,0.00,0.00,0.00,0.00,0.00,0.00,0.00,0.00,0.00,0.00,0.00,0.00,0.00,0.00,0.00,0.00,0.00,0.00,0.00,42920.00,0.00,0.00,0.00,0.00,1995.37
0.50,0.00,0.00,0.00,0.00,0.00,8.50,0.00,0.00,91.00,0.00,352.00,0.00,0.00,0.00,0.00,0.00,0.00,20164.00,0.00,0.00,0.00,0.00,0.00,0.00,0.00,0.00,0.00,688292,1158504,1352428,66.27,47728,541144,3745436,183.54,832132,356652,420,599980,100952,7392,28808,0,0,0,0.00,0,0.00,0,0,0.00,26495,7616,36836,0,0,462,0.00,0.00,0.02,0,0.00,0.00,0.00,0.00,0.00,0.00,0.00,0.00,0.00,0.00,0.00,0.00,0.00,0.00,42149.00,1759.00,57660.21,99.63,0.00,0.00,0.00,0.00,0.00,0.00,0.00,0.00,0.00,0.00,0.00,0.00,0.00,0.00,0.00,0.00,0.00,0.00,0.00,0.00,0.00,0.00,0.00,0.00,0.00,0.00,0.00,0.00,0.00,0.00,721,3,5,0,0,0,42167.00,0.00,3513.00,1760.00,40411.00,1757.00,0.00,0.00,0.00,0.00,0.00,0.00,0.00,0.00,0.00,0.00,0.00,0.00,0.00,0.00,0.00,0.00,0.00,0.00,0.00,0.00,0.00,0.00,0.00,0.00,0.00,0.00,0.00,0.00,0.00,0.00,0.00,0.00,0.00,0.00,0.00,0.00,0.00,0.00,3511.00,1759.00,1755.00,0.00,3.00,0.00,0.00,0.00,0.00,0.00,0.00,3,2,1,0,0.00,0.00,0.00,0.00,0.00,0.00,0.00,0.00,0.00,0.00,0.00,0.00,0.00,0.00,0.00,0.00,0.00,0.00,0.00,0.00,0.00,0.00,0.00,0.00,0.00,0.00,0.00,0.00,0.00,0.00,0.00,0.00,0.00,0.00,0.00,0.00,0.00,0.00,0.00,0.00,0.00,0.00,0.00,0.00,0.00,0.00,0.00,0.00,0.00,0.00,0.00,0.00,0.00,42151.00,0.00,0.00,0.00,0.00,1995.37
0.00,0.00,0.00,0.00,0.00,0.00,7.58,0.00,0.00,92.42,0.00,353.00,0.00,0.00,0.00,0.00,0.00,0.00,20740.00,0.00,0.00,0.00,0.00,0.00,0.00,0.00,0.00,0.00,688228,1158440,1352492,66.28,47728,541160,3745436,183.54,832132,356652,436,599980,100952,7392,28808,0,0,0,0.00,0,0.00,0,0,0.00,26495,7616,36836,0,0,462,0.00,0.00,0.02,0,0.00,0.00,0.00,0.00,0.00,0.00,0.00,0.00,0.00,0.00,0.00,0.00,0.00,0.00,41307.00,1721.00,56510.82,97.48,0.00,0.00,0.00,0.00,0.00,0.00,0.00,1.00,0.00,0.00,0.00,0.00,0.00,0.00,0.00,0.00,0.00,0.00,0.00,0.00,0.00,0.00,0.00,0.00,0.00,0.00,0.00,0.00,0.00,0.00,721,3,5,0,0,0,41281.00,0.00,3441.00,1720.00,39560.00,1720.00,0.00,0.00,0.00,0.00,0.00,0.00,0.00,0.00,0.00,0.00,0.00,0.00,0.00,0.00,0.00,0.00,0.00,0.00,0.00,0.00,0.00,0.00,0.00,0.00,0.00,0.00,0.00,0.00,0.00,0.00,0.00,0.00,0.00,0.00,0.00,0.00,0.00,0.00,3441.00,1720.00,1721.00,0.00,0.00,0.00,0.00,0.00,0.00,0.00,0.00,3,2,1,0,0.00,0.00,0.00,0.00,0.00,0.00,0.00,0.00,0.00,0.00,0.00,0.00,0.00,0.00,0.00,0.00,0.00,0.00,0.00,0.00,0.00,0.00,0.00,0.00,0.00,0.00,0.00,0.00,0.00,0.00,0.00,0.00,0.00,0.00,0.00,0.00,0.00,0.00,0.00,0.00,0.00,0.00,0.00,0.00,0.00,0.00,0.00,0.00,0.00,0.00,0.00,0.00,0.00,41282.00,0.00,0.00,0.00,0.00,1995.37
0.51,0.00,0.00,4.55,0.00,0.00,6.57,0.00,0.00,88.38,0.00,353.00,0.00,0.00,0.00,12.00,0.00,0.00,20751.00,0.00,0.00,0.00,0.00,2.00,0.00,2.00,0.00,24.00,688072,1158284,1352648,66.28,47736,541176,3745436,183.54,832132,356652,452,599980,100952,7392,28808,0,0,0,0.00,0,0.00,0,0,0.00,26495,7616,36836,0,0,462,0.00,0.00,0.02,0,0.00,0.00,0.00,0.00,0.00,0.00,2.00,0.00,12.00,6.00,0.00,54.00,0.00,0.00,40992.00,1711.00,56083.79,96.90,0.00,0.00,0.00,0.00,0.00,0.00,0.00,0.00,0.00,0.00,0.00,0.00,0.00,0.00,0.00,0.00,0.00,0.00,0.00,0.00,0.00,0.00,0.00,0.00,0.00,0.00,0.00,0.00,0.00,0.00,721,3,5,0,0,0,40990.00,0.00,3414.00,1710.00,39284.00,1708.00,0.00,0.00,0.00,0.00,0.00,0.00,0.00,0.00,0.00,0.00,0.00,0.00,0.00,0.00,0.00,0.00,0.00,0.00,0.00,0.00,0.00,0.00,0.00,0.00,0.00,0.00,0.00,0.00,0.00,0.00,0.00,0.00,0.00,0.00,0.00,0.00,0.00,0.00,3414.00,1710.00,1706.00,0.00,2.00,0.00,0.00,0.00,0.00,0.00,0.00,3,2,1,0,0.00,0.00,0.00,0.00,0.00,0.00,0.00,0.00,0.00,0.00,0.00,0.00,0.00,0.00,0.00,0.00,0.00,0.00,0.00,0.00,0.00,0.00,0.00,0.00,0.00,0.00,0.00,0.00,0.00,0.00,0.00,0.00,0.00,0.00,0.00,0.00,0.00,0.00,0.00,0.00,0.00,0.00,0.00,0.00,0.00,0.00,0.00,0.00,0.00,0.00,0.00,0.00,0.00,41015.00,0.00,0.00,0.00,0.00,1995.37
0.00,0.00,0.00,0.00,0.50,0.00,9.41,0.00,0.00,90.10,0.00,359.00,0.00,0.00,0.00,0.00,0.00,0.00,20460.00,0.00,0.00,0.00,0.00,0.00,0.00,0.00,0.00,0.00,688104,1158372,1352616,66.28,47736,541188,3745436,183.54,832132,356708,464,599980,100952,7392,28808,0,0,0,0.00,0,0.00,0,0,0.00,26495,7616,36836,0,0,462,0.00,0.00,0.02,0,0.00,0.00,0.00,0.00,0.00,0.00,0.00,0.00,0.00,0.00,0.00,0.00,0.00,0.00,41019.00,1711.00,56116.79,96.91,0.00,0.00,0.00,0.00,0.00,0.00,0.00,1.00,0.00,0.00,0.00,0.00,0.00,0.00,0.00,0.00,0.00,0.00,0.00,0.00,0.00,0.00,0.00,0.00,0.00,0.00,0.00,0.00,0.00,0.00,721,3,5,0,0,0,41017.00,0.00,3419.00,1711.00,39307.00,1709.00,0.00,0.00,0.00,0.00,0.00,0.00,0.00,0.00,0.00,0.00,0.00,0.00,0.00,0.00,0.00,0.00,0.00,0.00,0.00,0.00,0.00,0.00,0.00,0.00,0.00,0.00,0.00,0.00,0.00,0.00,0.00,0.00,0.00,0.00,0.00,0.00,0.00,0.00,3419.00,1711.00,1710.00,0.00,2.00,0.00,0.00,0.00,0.00,0.00,0.00,3,2,1,0,0.00,0.00,0.00,0.00,0.00,0.00,0.00,0.00,0.00,0.00,0.00,0.00,0.00,0.00,0.00,0.00,0.00,0.00,0.00,0.00,0.00,0.00,0.00,0.00,0.00,0.00,0.00,0.00,0.00,0.00,0.00,0.00,0.00,0.00,0.00,0.00,0.00,0.00,0.00,0.00,0.00,0.00,0.00,0.00,0.00,0.00,0.00,0.00,0.00,0.00,0.00,0.00,0.00,41020.00,0.00,0.00,0.00,0.00,1995.37
0.00,0.00,0.00,0.00,0.00,0.00,8.00,0.00,0.00,92.00,0.00,354.00,0.00,0.00,0.00,0.00,0.00,0.00,19595.00,0.00,0.00,0.00,0.00,0.00,0.00,0.00,0.00,0.00,688072,1158340,1352648,66.28,47736,541188,3745436,183.54,832132,356708,464,599980,100952,7392,28808,0,0,0,0.00,0,0.00,0,0,0.00,26495,7616,36836,0,0,462,0.00,0.00,0.02,0,0.00,0.00,0.00,0.00,0.00,0.00,0.00,0.00,0.00,0.00,0.00,0.00,0.00,0.00,39150.00,1634.00,53555.77,92.55,0.00,0.00,0.00,0.00,0.00,0.00,0.00,0.00,0.00,0.00,0.00,0.00,0.00,0.00,0.00,0.00,0.00,0.00,0.00,0.00,0.00,0.00,0.00,0.00,0.00,0.00,0.00,0.00,0.00,0.00,721,3,5,0,0,0,39166.00,0.00,3262.00,1635.00,37536.00,1632.00,0.00,0.00,0.00,0.00,0.00,0.00,0.00,0.00,0.00,0.00,0.00,0.00,0.00,0.00,0.00,0.00,0.00,0.00,0.00,0.00,0.00,0.00,0.00,0.00,0.00,0.00,0.00,0.00,0.00,0.00,0.00,0.00,0.00,0.00,0.00,0.00,0.00,0.00,3262.00,1635.00,1631.00,0.00,3.00,0.00,0.00,0.00,0.00,0.00,0.00,3,2,1,0,0.00,0.00,0.00,0.00,0.00,0.00,0.00,0.00,0.00,0.00,0.00,0.00,0.00,0.00,0.00,0.00,0.00,0.00,0.00,0.00,0.00,0.00,0.00,0.00,0.00,0.00,0.00,0.00,0.00,0.00,0.00,0.00,0.00,0.00,0.00,0.00,0.00,0.00,0.00,0.00,0.00,0.00,0.00,0.00,0.00,0.00,0.00,0.00,0.00,0.00,0.00,0.00,0.00,39174.00,0.00,0.00,0.00,0.00,1995.37
0.00,0.00,0.50,0.00,0.00,0.00,8.46,0.00,0.00,91.04,0.00,357.00,0.00,0.00,0.00,0.00,0.00,0.00,19331.00,0.00,0.00,0.00,0.00,0.00,0.00,0.00,0.00,0.00,688104,1158372,1352616,66.28,47736,541220,3745436,183.54,832132,356708,496,599980,100952,7392,28808,0,0,0,0.00,0,0.00,0,0,0.00,26495,7616,36836,0,0,462,0.00,0.00,0.02,0,0.00,0.00,0.00,0.00,0.00,0.00,0.00,0.00,0.00,0.00,0.00,0.00,0.00,0.00,38572.00,1609.00,52767.59,91.13,0.00,0.00,0.00,0.00,0.00,0.00,0.00,1.00,0.00,0.00,0.00,0.00,0.00,0.00,0.00,0.00,0.00,0.00,0.00,0.00,0.00,0.00,0.00,0.00,0.00,0.00,0.00,0.00,0.00,0.00,721,3,5,0,0,0,38568.00,0.00,3214.00,1609.00,36961.00,1607.00,0.00,0.00,0.00,0.00,0.00,0.00,0.00,0.00,0.00,0.00,0.00,0.00,0.00,0.00,0.00,0.00,0.00,0.00,0.00,0.00,0.00,0.00,0.00,0.00,0.00,0.00,0.00,0.00,0.00,0.00,0.00,0.00,0.00,0.00,0.00,0.00,0.00,0.00,3214.00,1609.00,1606.00,0.00,2.00,0.00,0.00,0.00,0.00,0.00,0.00,3,2,1,0,0.00,0.00,0.00,0.00,0.00,0.00,0.00,0.00,0.00,0.00,0.00,0.00,0.00,0.00,0.00,0.00,0.00,0.00,0.00,0.00,0.00,0.00,0.00,0.00,0.00,0.00,0.00,0.00,0.00,0.00,0.00,0.00,0.00,0.00,0.00,0.00,0.00,0.00,0.00,0.00,0.00,0.00,0.00,0.00,0.00,0.00,0.00,0.00,0.00,0.00,0.00,0.00,0.00,38571.00,0.00,0.00,0.00,0.00,1995.37
0.49,0.00,0.00,0.00,0.00,0.00,8.37,0.00,0.00,91.13,0.00,352.00,0.00,0.00,0.00,488.00,0.00,0.00,18372.00,0.00,0.00,0.00,0.00,2.00,0.00,2.00,0.00,976.00,688136,1158404,1352584,66.28,47736,541220,3745436,183.54,832132,356708,76,599980,100952,7392,28808,0,0,0,0.00,0,0.00,0,0,0.00,26495,7616,36836,0,0,462,0.00,0.00,0.02,0,0.00,0.00,0.00,0.00,0.00,0.00,2.00,0.00,488.00,244.00,0.00,0.00,0.00,0.00,37634.00,1569.00,51486.87,88.87,0.00,0.00,0.00,0.00,0.00,0.00,0.00,0.00,0.00,0.00,0.00,0.00,0.00,0.00,0.00,0.00,0.00,0.00,0.00,0.00,0.00,0.00,0.00,0.00,0.00,0.00,0.00,0.00,0.00,0.00,721,3,5,0,0,0,37608.00,0.00,3134.00,1568.00,36041.00,1567.00,0.00,0.00,0.00,0.00,0.00,0.00,0.00,0.00,0.00,0.00,0.00,0.00,0.00,0.00,0.00,0.00,0.00,0.00,0.00,0.00,0.00,0.00,0.00,0.00,0.00,0.00,0.00,0.00,0.00,0.00,0.00,0.00,0.00,0.00,0.00,0.00,0.00,0.00,3135.00,1568.00,1568.00,0.00,1.00,0.00,0.00,0.00,0.00,0.00,0.00,3,2,1,0,0.00,0.00,0.00,0.00,0.00,0.00,0.00,0.00,0.00,0.00,0.00,0.00,0.00,0.00,0.00,0.00,0.00,0.00,0.00,0.00,0.00,0.00,0.00,0.00,0.00,0.00,0.00,0.00,0.00,0.00,0.00,0.00,0.00,0.00,0.00,0.00,0.00,0.00,0.00,0.00,0.00,0.00,0.00,0.00,0.00,0.00,0.00,0.00,0.00,0.00,0.00,0.00,0.00,37588.00,0.00,0.00,0.00,0.00,1995.37
0.00,0.00,0.00,9.27,0.00,0.00,9.76,0.00,0.00,80.98,0.00,380.00,0.00,0.00,0.00,20.00,0.00,0.00,18028.00,0.00,0.00,0.00,0.00,2.00,0.00,2.00,0.00,40.00,688104,1158428,1352616,66.28,47744,541252,3745436,183.54,832132,356760,48,599980,100960,7392,28808,0,0,0,0.00,0,0.00,0,0,0.00,26495,7616,36836,0,0,462,0.00,0.00,0.02,0,0.00,0.00,0.00,0.00,0.00,0.00,2.00,0.00,20.00,10.00,0.00,110.00,0.00,0.00,36845.00,1535.00,50403.47,86.94,0.00,0.00,0.00,0.00,0.00,0.00,0.00,1.00,0.00,0.00,0.00,0.00,0.00,0.00,0.00,0.00,0.00,0.00,0.00,0.00,0.00,0.00,0.00,0.00,0.00,0.00,0.00,0.00,0.00,0.00,721,3,5,0,0,0,36838.00,0.00,3068.00,1535.00,35305.00,1535.00,0.00,0.00,0.00,0.00,0.00,0.00,0.00,0.00,0.00,0.00,0.00,0.00,0.00,0.00,0.00,0.00,0.00,0.00,0.00,0.00,0.00,0.00,0.00,0.00,0.00,0.00,0.00,0.00,0.00,0.00,0.00,0.00,0.00,0.00,0.00,0.00,0.00,0.00,3068.00,1535.00,1533.00,0.00,0.00,0.00,0.00,0.00,0.00,0.00,0.00,3,2,1,0,0.00,0.00,0.00,0.00,0.00,0.00,0.00,0.00,0.00,0.00,0.00,0.00,0.00,0.00,0.00,0.00,0.00,0.00,0.00,0.00,0.00,0.00,0.00,0.00,0.00,0.00,0.00,0.00,0.00,0.00,0.00,0.00,0.00,0.00,0.00,0.00,0.00,0.00,0.00,0.00,0.00,0.00,0.00,0.00,0.00,0.00,0.00,0.00,0.00,0.00,0.00,0.00,0.00,36845.00,0.00,0.00,0.00,0.00,1995.37
0.50,0.00,0.00,0.00,0.50,0.00,7.43,0.00,0.00,91.58,0.00,339.00,0.00,0.00,0.00,0.00,0.00,0.00,17331.00,0.00,0.00,0.00,0.00,0.00,0.00,0.00,0.00,0.00,688200,1158524,1352520,66.28,47744,541252,3745436,183.54,832132,356760,48,599980,100960,7392,28808,0,0,0,0.00,0,0.00,0,0,0.00,26495,7616,36836,0,0,462,0.00,0.00,0.02,0,0.00,0.00,0.00,0.00,0.00,0.00,0.00,0.00,0.00,0.00,0.00,0.00,0.00,0.00,35363.00,1476.00,48367.97,83.60,0.00,0.00,0.00,0.00,0.00,0.00,0.00,0.00,0.00,0.00,0.00,0.00,0.00,0.00,0.00,0.00,0.00,0.00,0.00,0.00,0.00,0.00,0.00,0.00,0.00,0.00,0.00,0.00,0.00,0.00,721,3,5,0,0,0,35377.00,0.00,2949.00,1476.00,33902.00,1474.00,0.00,0.00,0.00,0.00,0.00,0.00,0.00,0.00,0.00,0.00,0.00,0.00,0.00,0.00,0.00,0.00,0.00,0.00,0.00,0.00,0.00,0.00,0.00,0.00,0.00,0.00,0.00,0.00,0.00,0.00,0.00,0.00,0.00,0.00,0.00,0.00,0.00,0.00,2949.00,1476.00,1475.00,0.00,2.00,0.00,0.00,0.00,0.00,0.00,0.00,3,2,1,0,0.00,0.00,0.00,0.00,0.00,0.00,0.00,0.00,0.00,0.00,0.00,0.00,0.00,0.00,0.00,0.00,0.00,0.00,0.00,0.00,0.00,0.00,0.00,0.00,0.00,0.00,0.00,0.00,0.00,0.00,0.00,0.00,0.00,0.00,0.00,0.00,0.00,0.00,0.00,0.00,0.00,0.00,0.00,0.00,0.00,0.00,0.00,0.00,0.00,0.00,0.00,0.00,0.00,35385.00,0.00,0.00,0.00,0.00,1995.37
0.00,0.00,0.50,0.00,0.00,0.00,7.43,0.00,0.00,92.08,0.00,343.00,0.00,0.00,0.00,0.00,0.00,0.00,18155.00,0.00,0.00,0.00,0.00,0.00,0.00,0.00,0.00,0.00,688104,1158428,1352616,66.28,47744,541284,3745436,183.54,832132,356760,80,599980,100960,7392,28808,0,0,0,0.00,0,0.00,0,0,0.00,26495,7616,36836,0,0,462,0.00,0.00,0.02,0,0.00,0.00,0.00,0.00,0.00,0.00,0.00,0.00,0.00,0.00,0.00,0.00,0.00,0.00,36316.00,1513.00,49681.02,85.70,0.00,0.00,0.00,0.00,0.00,0.00,0.00,1.00,0.00,0.00,0.00,0.00,0.00,0.00,0.00,0.00,0.00,0.00,0.00,0.00,0.00,0.00,0.00,0.00,0.00,0.00,0.00,0.00,0.00,0.00,721,3,5,0,0,0,36311.00,0.00,3025.00,1514.00,34799.00,1513.00,0.00,0.00,0.00,0.00,0.00,0.00,0.00,0.00,0.00,0.00,0.00,0.00,0.00,0.00,0.00,0.00,0.00,0.00,0.00,0.00,0.00,0.00,0.00,0.00,0.00,0.00,0.00,0.00,0.00,0.00,0.00,0.00,0.00,0.00,0.00,0.00,0.00,0.00,3024.00,1514.00,1511.00,0.00,1.00,0.00,0.00,0.00,0.00,0.00,0.00,3,2,1,0,0.00,0.00,0.00,0.00,0.00,0.00,0.00,0.00,0.00,0.00,0.00,0.00,0.00,0.00,0.00,0.00,0.00,0.00,0.00,0.00,0.00,0.00,0.00,0.00,0.00,0.00,0.00,0.00,0.00,0.00,0.00,0.00,0.00,0.00,0.00,0.00,0.00,0.00,0.00,0.00,0.00,0.00,0.00,0.00,0.00,0.00,0.00,0.00,0.00,0.00,0.00,0.00,0.00,36341.00,0.00,0.00,0.00,0.00,1995.37
0.50,0.00,0.00,0.00,0.00,0.00,8.42,0.00,0.00,91.09,0.00,353.00,0.00,0.00,0.00,0.00,0.00,0.00,16564.00,0.00,0.00,0.00,0.00,0.00,0.00,0.00,0.00,0.00,688044,1158368,1352676,66.28,47744,541284,3745436,183.54,832132,356760,80,599980,100960,7392,28808,0,0,0,0.00,0,0.00,0,0,0.00,26495,7616,36836,0,0,462,0.00,0.00,0.02,0,0.00,0.00,0.00,0.00,0.00,0.00,0.00,0.00,0.00,0.00,0.00,0.00,0.00,0.00,33821.00,1411.00,46266.13,79.92,0.00,0.00,0.00,0.00,0.00,0.00,0.00,0.00,0.00,0.00,0.00,0.00,0.00,0.00,0.00,0.00,0.00,0.00,0.00,0.00,0.00,0.00,0.00,0.00,0.00,0.00,0.00,0.00,0.00,0.00,721,3,5,0,1,0,33815.00,0.00,2816.00,1410.00,32407.00,1409.00,0.00,0.00,0.00,0.00,0.00,0.00,0.00,0.00,0.00,0.00,0.00,0.00,0.00,0.00,0.00,0.00,0.00,0.00,0.00,0.00,0.00,0.00,0.00,0.00,0.00,0.00,0.00,0.00,0.00,0.00,0.00,0.00,0.00,0.00,0.00,0.00,0.00,0.00,2817.00,1411.00,1409.00,0.00,2.00,0.00,0.00,0.00,0.00,0.00,0.00,3,2,1,0,0.00,0.00,0.00,0.00,0.00,0.00,0.00,0.00,0.00,0.00,0.00,0.00,0.00,0.00,0.00,0.00,0.00,0.00,0.00,0.00,0.00,0.00,0.00,0.00,0.00,0.00,0.00,0.00,0.00,0.00,0.00,0.00,0.00,0.00,0.00,0.00,0.00,0.00,0.00,0.00,0.00,0.00,0.00,0.00,0.00,0.00,0.00,0.00,0.00,0.00,0.00,0.00,0.00,33797.00,0.00,0.00,0.00,0.00,1995.37
0.50,0.00,0.00,0.00,0.00,0.00,7.46,0.00,0.00,92.04,0.00,337.00,0.00,0.00,0.00,28.00,0.00,0.00,16740.00,0.00,0.00,0.00,0.00,6.00,0.00,6.00,0.00,56.00,687980,1158384,1352740,66.29,47744,541316,3745436,183.54,832132,356840,84,599980,100960,7392,28808,0,0,0,0.00,0,0.00,0,0,0.00,26495,7616,36836,0,0,462,0.00,0.00,0.02,0,0.00,0.00,0.00,0.00,0.00,0.00,6.00,0.00,28.00,4.67,0.00,0.00,0.00,0.00,34439.00,1436.00,47119.56,81.34,0.00,0.00,0.00,0.00,0.00,0.00,0.00,1.00,0.00,0.00,0.00,0.00,0.00,0.00,0.00,0.00,0.00,0.00,0.00,0.00,0.00,0.00,0.00,0.00,0.00,0.00,0.00,0.00,0.00,0.00,721,3,5,0,0,0,34432.00,0.00,2863.00,1437.00,33005.00,1435.00,0.00,0.00,0.00,0.00,0.00,0.00,0.00,0.00,0.00,0.00,0.00,0.00,0.00,0.00,0.00,0.00,0.00,0.00,0.00,0.00,0.00,0.00,0.00,0.00,0.00,0.00,0.00,0.00,0.00,0.00,0.00,0.00,0.00,0.00,0.00,0.00,0.00,0.00,2863.00,1436.00,1427.00,0.00,1.00,0.00,0.00,0.00,0.00,0.00,0.00,3,2,1,0,0.00,0.00,0.00,0.00,0.00,0.00,0.00,0.00,0.00,0.00,0.00,0.00,0.00,0.00,0.00,0.00,0.00,0.00,0.00,0.00,0.00,0.00,0.00,0.00,0.00,0.00,0.00,0.00,0.00,0.00,0.00,0.00,0.00,0.00,0.00,0.00,0.00,0.00,0.00,0.00,0.00,0.00,0.00,0.00,0.00,0.00,0.00,0.00,0.00,0.00,0.00,0.00,0.00,34463.00,0.00,0.00,0.00,0.00,1995.37
0.50,0.00,0.50,0.99,0.50,0.00,7.92,0.00,0.00,89.60,0.00,473.00,0.00,0.00,0.00,12.00,0.00,0.00,16062.00,0.00,0.00,0.00,0.00,2.00,0.00,2.00,0.00,24.00,688012,1158472,1352708,66.29,47752,541328,3745436,183.54,832180,356848,96,599980,100960,7392,28808,0,0,0,0.00,0,0.00,0,0,0.00,26495,7616,36836,0,0,462,0.00,0.00,0.01,0,0.00,0.00,0.00,0.00,0.00,0.00,2.00,0.00,12.00,6.00,0.00,16.00,0.00,0.00,31837.00,1339.00,43541.16,75.84,0.00,0.00,0.00,0.00,0.00,0.00,0.00,0.00,0.00,0.00,0.00,0.00,0.00,0.00,0.00,0.00,0.00,0.00,0.00,0.00,0.00,0.00,0.00,0.00,0.00,0.00,0.00,0.00,0.00,0.00,721,3,5,0,0,0,31811.00,0.00,2661.00,1338.00,30475.00,1325.00,0.00,0.00,0.00,0.00,0.00,0.00,0.00,0.00,0.00,0.00,0.00,0.00,0.00,0.00,0.00,0.00,0.00,0.00,0.00,0.00,0.00,0.00,0.00,0.00,0.00,0.00,0.00,0.00,0.00,0.00,0.00,0.00,0.00,0.00,0.00,0.00,0.00,0.00,2661.00,1339.00,1335.00,0.00,13.00,0.00,0.00,0.00,0.00,0.00,0.00,3,2,1,0,0.00,0.00,0.00,0.00,0.00,0.00,0.00,0.00,0.00,0.00,0.00,0.00,0.00,0.00,0.00,0.00,0.00,0.00,0.00,0.00,0.00,0.00,0.00,0.00,0.00,0.00,0.00,0.00,0.00,0.00,0.00,0.00,0.00,0.00,0.00,0.00,0.00,0.00,0.00,0.00,0.00,0.00,0.00,0.00,0.00,0.00,0.00,0.00,0.00,0.00,0.00,0.00,0.00,31812.00,0.00,0.00,0.00,0.00,1995.37
0.00,0.00,0.00,0.00,0.00,0.00,6.53,0.00,0.00,93.47,0.00,332.00,0.00,0.00,0.00,0.00,0.00,0.00,14764.00,0.00,0.00,0.00,0.00,0.00,0.00,0.00,0.00,0.00,688076,1158536,1352644,66.28,47752,541344,3745436,183.54,832180,356848,112,599980,100960,7392,28808,0,0,0,0.00,0,0.00,0,0,0.00,26495,7616,36836,0,0,462,0.00,0.00,0.01,0,0.00,0.00,0.00,0.00,0.00,0.00,0.00,0.00,0.00,0.00,0.00,0.00,0.00,0.00,30987.00,1292.00,42391.37,73.18,0.00,0.00,0.00,0.00,0.00,0.00,0.00,1.00,0.00,0.00,0.00,0.00,0.00,0.00,0.00,0.00,0.00,0.00,0.00,0.00,0.00,0.00,0.00,0.00,0.00,0.00,0.00,0.00,0.00,0.00,721,3,5,0,0,0,30983.00,0.00,2581.00,1292.00,29693.00,1291.00,0.00,0.00,0.00,0.00,0.00,0.00,0.00,0.00,0.00,0.00,0.00,0.00,0.00,0.00,0.00,0.00,0.00,0.00,0.00,0.00,0.00,0.00,0.00,0.00,0.00,0.00,0.00,0.00,0.00,0.00,0.00,0.00,0.00,0.00,0.00,0.00,0.00,0.00,2582.00,1292.00,1291.00,0.00,1.00,0.00,0.00,0.00,0.00,0.00,0.00,3,2,1,0,0.00,0.00,0.00,0.00,0.00,0.00,0.00,0.00,0.00,0.00,0.00,0.00,0.00,0.00,0.00,0.00,0.00,0.00,0.00,0.00,0.00,0.00,0.00,0.00,0.00,0.00,0.00,0.00,0.00,0.00,0.00,0.00,0.00,0.00,0.00,0.00,0.00,0.00,0.00,0.00,0.00,0.00,0.00,0.00,0.00,0.00,0.00,0.00,0.00,0.00,0.00,0.00,0.00,30987.00,0.00,0.00,0.00,0.00,1995.37
0.00,0.00,0.51,0.00,0.00,0.00,5.56,0.00,0.00,93.94,0.00,323.00,0.00,0.00,0.00,0.00,0.00,0.00,14508.00,0.00,0.00,0.00,0.00,0.00,0.00,0.00,0.00,0.00,687980,1158440,1352740,66.29,47752,541360,3745436,183.54,832180,356848,128,599980,100960,7392,28808,0,0,0,0.00,0,0.00,0,0,0.00,26495,7616,36836,0,0,462,0.00,0.00,0.01,0,0.00,0.00,0.00,0.00,0.00,0.00,0.00,0.00,0.00,0.00,0.00,0.00,0.00,0.00,28706.00,1197.00,39271.90,67.80,0.00,0.00,0.00,0.00,0.00,0.00,0.00,0.00,0.00,0.00,0.00,0.00,0.00,0.00,0.00,0.00,0.00,0.00,0.00,0.00,0.00,0.00,0.00,0.00,0.00,0.00,0.00,0.00,0.00,0.00,721,3,5,0,0,0,28752.00,0.00,2396.00,1199.00,27554.00,1198.00,0.00,0.00,0.00,0.00,0.00,0.00,0.00,0.00,0.00,0.00,0.00,0.00,0.00,0.00,0.00,0.00,0.00,0.00,0.00,0.00,0.00,0.00,0.00,0.00,0.00,0.00,0.00,0.00,0.00,0.00,0.00,0.00,0.00,0.00,0.00,0.00,0.00,0.00,2394.00,1198.00,1197.00,0.00,1.00,0.00,0.00,0.00,0.00,0.00,0.00,3,2,1,0,0.00,0.00,0.00,0.00,0.00,0.00,0.00,0.00,0.00,0.00,0.00,0.00,0.00,0.00,0.00,0.00,0.00,0.00,0.00,0.00,0.00,0.00,0.00,0.00,0.00,0.00,0.00,0.00,0.00,0.00,0.00,0.00,0.00,0.00,0.00,0.00,0.00,0.00,0.00,0.00,0.00,0.00,0.00,0.00,0.00,0.00,0.00,0.00,0.00,0.00,0.00,0.00,0.00,28732.00,0.00,0.00,0.00,0.00,1995.37
0.00,0.00,0.00,0.00,0.00,0.00,7.46,0.00,0.00,92.54,0.00,336.00,0.00,0.00,0.00,0.00,0.00,0.00,15428.00,0.00,0.00,0.00,0.00,0.00,0.00,0.00,0.00,0.00,688076,1158536,1352644,66.28,47752,541376,3745436,183.54,832180,356848,144,599980,100960,7392,28808,0,0,0,0.00,0,0.00,0,0,0.00,26495,7616,36836,0,0,462,0.00,0.00,0.01,0,0.00,0.00,0.00,0.00,0.00,0.00,0.00,0.00,0.00,0.00,0.00,0.00,0.00,0.00,31033.00,1293.00,42456.94,73.23,0.00,0.00,0.00,0.00,0.00,0.00,0.00,1.00,0.00,0.00,0.00,0.00,0.00,0.00,0.00,0.00,0.00,0.00,0.00,0.00,0.00,0.00,0.00,0.00,0.00,0.00,0.00,0.00,0.00,0.00,721,3,5,0,0,0,30983.00,0.00,2581.00,1291.00,29693.00,1291.00,0.00,0.00,0.00,0.00,0.00,0.00,0.00,0.00,0.00,0.00,0.00,0.00,0.00,0.00,0.00,0.00,0.00,0.00,0.00,0.00,0.00,0.00,0.00,0.00,0.00,0.00,0.00,0.00,0.00,0.00,0.00,0.00,0.00,0.00,0.00,0.00,0.00,0.00,2582.00,1291.00,1291.00,0.00,0.00,0.00,0.00,0.00,0.00,0.00,0.00,3,2,1,0,0.00,0.00,0.00,0.00,0.00,0.00,0.00,0.00,0.00,0.00,0.00,0.00,0.00,0.00,0.00,0.00,0.00,0.00,0.00,0.00,0.00,0.00,0.00,0.00,0.00,0.00,0.00,0.00,0.00,0.00,0.00,0.00,0.00,0.00,0.00,0.00,0.00,0.00,0.00,0.00,0.00,0.00,0.00,0.00,0.00,0.00,0.00,0.00,0.00,0.00,0.00,0.00,0.00,31009.00,0.00,0.00,0.00,0.00,1995.37
0.50,0.00,0.00,0.00,0.00,0.00,6.97,0.00,0.00,92.54,0.00,324.75,0.00,0.00,0.00,0.00,0.00,0.00,13730.69,0.00,0.00,0.00,0.00,0.00,0.00,0.00,0.00,0.00,688044,1158560,1352676,66.28,47752,541392,3745436,183.54,832180,356904,160,599980,100960,7392,28808,0,0,0,0.00,0,0.00,0,0,0.00,26495,7616,36836,0,0,462,0.00,0.00,0.01,0,0.00,0.00,0.00,0.00,0.00,0.00,0.00,0.00,0.00,0.00,0.00,0.00,0.00,0.00,27760.40,1158.42,37972.98,65.61,0.00,0.00,0.00,0.00,0.00,0.00,0.00,0.00,0.00,0.00,0.00,0.00,0.00,0.00,0.00,0.00,0.00,0.00,0.00,0.00,0.00,0.00,0.00,0.00,0.00,0.00,0.00,0.00,0.00,0.00,721,3,5,0,0,0,27756.44,0.00,2314.85,1158.42,26598.02,1156.44,0.00,0.00,0.00,0.00,0.00,0.00,0.00,0.00,0.00,0.00,0.00,0.00,0.00,0.00,0.00,0.00,0.00,0.00,0.00,0.00,0.00,0.00,0.00,0.00,0.00,0.00,0.00,0.00,0.00,0.00,0.00,0.00,0.00,0.00,0.00,0.00,0.00,0.00,2313.86,1158.42,1157.43,0.00,1.98,0.00,0.00,0.00,0.00,0.00,0.00,3,2,1,0,0.00,0.00,0.00,0.00,0.00,0.00,0.00,0.00,0.00,0.00,0.00,0.00,0.00,0.00,0.00,0.00,0.00,0.00,0.00,0.00,0.00,0.00,0.00,0.00,0.00,0.00,0.00,0.00,0.00,0.00,0.00,0.00,0.00,0.00,0.00,0.00,0.00,0.00,0.00,0.00,0.00,0.00,0.00,0.00,0.00,0.00,0.00,0.00,0.00,0.00,0.00,0.00,0.00,27735.64,0.00,0.00,0.00,0.00,1995.37
0.00,0.00,0.49,1.48,0.49,0.00,7.39,0.00,0.00,90.15,0.00,345.00,0.00,0.00,0.00,12.00,0.00,0.00,14460.00,0.00,0.00,0.00,0.00,2.00,0.00,2.00,0.00,24.00,688076,1158592,1352644,66.28,47760,541408,3745436,183.54,832180,356904,176,599980,100960,7392,28808,0,0,0,0.00,0,0.00,0,0,0.00,26495,7616,36836,0,0,462,0.00,0.00,0.01,0,0.00,0.00,0.00,0.00,0.00,0.00,2.00,0.00,12.00,6.00,0.00,20.00,0.00,0.00,28666.00,1195.00,39207.90,67.69,0.00,0.00,0.00,0.00,0.00,0.00,0.00,1.00,0.00,0.00,0.00,0.00,0.00,0.00,0.00,0.00,0.00,0.00,0.00,0.00,0.00,0.00,0.00,0.00,0.00,0.00,0.00,0.00,0.00,0.00,721,3,5,0,0,0,28659.00,0.00,2391.00,1195.00,27462.00,1194.00,0.00,0.00,0.00,0.00,0.00,0.00,0.00,0.00,0.00,0.00,0.00,0.00,0.00,0.00,0.00,0.00,0.00,0.00,0.00,0.00,0.00,0.00,0.00,0.00,0.00,0.00,0.00,0.00,0.00,0.00,0.00,0.00,0.00,0.00,0.00,0.00,0.00,0.00,2391.00,1196.00,1196.00,0.00,1.00,0.00,0.00,0.00,0.00,0.00,0.00,3,2,1,0,0.00,0.00,0.00,0.00,0.00,0.00,0.00,0.00,0.00,0.00,0.00,0.00,0.00,0.00,0.00,0.00,0.00,0.00,0.00,0.00,0.00,0.00,0.00,0.00,0.00,0.00,0.00,0.00,0.00,0.00,0.00,0.00,0.00,0.00,0.00,0.00,0.00,0.00,0.00,0.00,0.00,0.00,0.00,0.00,0.00,0.00,0.00,0.00,0.00,0.00,0.00,0.00,0.00,28666.00,0.00,0.00,0.00,0.00,1995.37
0.50,0.00,0.00,0.00,0.00,0.00,6.47,0.00,0.00,93.03,0.00,317.00,0.00,0.00,0.00,0.00,0.00,0.00,12852.00,0.00,0.00,0.00,0.00,0.00,0.00,0.00,0.00,0.00,688044,1158560,1352676,66.28,47760,541424,3745436,183.54,832180,356904,192,599980,100960,7392,28808,0,0,0,0.00,0,0.00,0,0,0.00,26495,7616,36836,0,0,462,0.00,0.00,0.01,0,0.00,0.00,0.00,0.00,0.00,0.00,0.00,0.00,0.00,0.00,0.00,0.00,0.00,0.00,25421.00,1060.00,34773.56,60.04,0.00,0.00,0.00,0.00,0.00,0.00,0.00,0.00,0.00,0.00,0.00,0.00,0.00,0.00,0.00,0.00,0.00,0.00,0.00,0.00,0.00,0.00,0.00,0.00,0.00,0.00,0.00,0.00,0.00,0.00,721,3,5,0,0,0,25415.00,0.00,2117.00,1060.00,24357.00,1059.00,0.00,0.00,0.00,0.00,0.00,0.00,0.00,0.00,0.00,0.00,0.00,0.00,0.00,0.00,0.00,0.00,0.00,0.00,0.00,0.00,0.00,0.00,0.00,0.00,0.00,0.00,0.00,0.00,0.00,0.00,0.00,0.00,0.00,0.00,0.00,0.00,0.00,0.00,2118.00,1060.00,1059.00,0.00,1.00,0.00,0.00,0.00,0.00,0.00,0.00,3,2,1,0,0.00,0.00,0.00,0.00,0.00,0.00,0.00,0.00,0.00,0.00,0.00,0.00,0.00,0.00,0.00,0.00,0.00,0.00,0.00,0.00,0.00,0.00,0.00,0.00,0.00,0.00,0.00,0.00,0.00,0.00,0.00,0.00,0.00,0.00,0.00,0.00,0.00,0.00,0.00,0.00,0.00,0.00,0.00,0.00,0.00,0.00,0.00,0.00,0.00,0.00,0.00,0.00,0.00,25421.00,0.00,0.00,0.00,0.00,1995.37
0.00,0.00,0.50,0.00,0.00,0.00,5.53,0.00,0.00,93.97,0.00,319.00,0.00,0.00,0.00,0.00,0.00,0.00,12364.00,0.00,0.00,0.00,0.00,0.00,0.00,0.00,0.00,0.00,688044,1158616,1352676,66.28,47760,541440,3745436,183.54,832188,356952,208,599980,100960,7392,28808,0,0,0,0.00,0,0.00,0,0,0.00,26495,7616,36836,0,0,462,0.00,0.00,0.01,0,0.00,0.00,0.00,0.00,0.00,0.00,0.00,0.00,0.00,0.00,0.00,0.00,0.00,0.00,24535.00,1024.00,33558.74,58.00,0.00,0.00,0.00,0.00,0.00,0.00,0.00,1.00,0.00,0.00,0.00,0.00,0.00,0.00,0.00,0.00,0.00,0.00,0.00,0.00,0.00,0.00,0.00,0.00,0.00,0.00,0.00,0.00,0.00,0.00,721,3,5,0,0,0,24551.00,0.00,2045.00,1025.00,23529.00,1023.00,0.00,0.00,0.00,0.00,0.00,0.00,0.00,0.00,0.00,0.00,0.00,0.00,0.00,0.00,0.00,0.00,0.00,0.00,0.00,0.00,0.00,0.00,0.00,0.00,0.00,0.00,0.00,0.00,0.00,0.00,0.00,0.00,0.00,0.00,0.00,0.00,0.00,0.00,2043.00,1024.00,1021.00,0.00,2.00,0.00,0.00,0.00,0.00,0.00,0.00,3,2,1,0,0.00,0.00,0.00,0.00,0.00,0.00,0.00,0.00,0.00,0.00,0.00,0.00,0.00,0.00,0.00,0.00,0.00,0.00,0.00,0.00,0.00,0.00,0.00,0.00,0.00,0.00,0.00,0.00,0.00,0.00,0.00,0.00,0.00,0.00,0.00,0.00,0.00,0.00,0.00,0.00,0.00,0.00,0.00,0.00,0.00,0.00,0.00,0.00,0.00,0.00,0.00,0.00,0.00,24558.00,0.00,0.00,0.00,0.00,1995.37
0.50,0.00,0.00,0.00,0.50,0.00,5.03,0.00,0.00,93.97,0.00,336.00,0.00,0.00,0.00,0.00,0.00,0.00,12340.00,0.00,0.00,0.00,0.00,0.00,0.00,0.00,0.00,0.00,687948,1158520,1352772,66.29,47760,541452,3745436,183.54,832188,356952,220,599980,100960,7392,28808,0,0,0,0.00,0,0.00,0,0,0.00,26495,7616,36836,0,0,462,0.00,0.00,0.01,0,0.00,0.00,0.00,0.00,0.00,0.00,0.00,0.00,0.00,0.00,0.00,0.00,0.00,0.00,24602.00,1025.00,33656.97,58.06,0.00,0.00,0.00,0.00,0.00,0.00,0.00,0.00,0.00,0.00,0.00,0.00,0.00,0.00,0.00,0.00,0.00,0.00,0.00,0.00,0.00,0.00,0.00,0.00,0.00,0.00,0.00,0.00,0.00,0.00,721,3,5,0,0,0,24574.00,0.00,2046.00,1024.00,23552.00,1024.00,0.00,0.00,0.00,0.00,0.00,0.00,0.00,0.00,0.00,0.00,0.00,0.00,0.00,0.00,0.00,0.00,0.00,0.00,0.00,0.00,0.00,0.00,0.00,0.00,0.00,0.00,0.00,0.00,0.00,0.00,0.00,0.00,0.00,0.00,0.00,0.00,0.00,0.00,2047.00,1024.00,1023.00,0.00,0.00,0.00,0.00,0.00,0.00,0.00,0.00,3,2,1,0,0.00,0.00,0.00,0.00,0.00,0.00,0.00,0.00,0.00,0.00,0.00,0.00,0.00,0.00,0.00,0.00,0.00,0.00,0.00,0.00,0.00,0.00,0.00,0.00,0.00,0.00,0.00,0.00,0.00,0.00,0.00,0.00,0.00,0.00,0.00,0.00,0.00,0.00,0.00,0.00,0.00,0.00,0.00,0.00,0.00,0.00,0.00,0.00,0.00,0.00,0.00,0.00,0.00,24557.00,0.00,0.00,0.00,0.00,1995.37
0.00,0.00,0.00,0.00,0.00,0.00,5.05,0.00,0.00,94.95,0.00,332.00,0.00,0.00,0.00,0.00,0.00,0.00,11356.00,0.00,0.00,0.00,0.00,0.00,0.00,0.00,0.00,0.00,687980,1158556,1352740,66.29,47760,541468,3745436,183.54,832188,356952,236,599980,100964,7392,28808,0,0,0,0.00,0,0.00,0,0,0.00,26495,7616,36836,0,0,462,0.00,0.00,0.01,0,0.00,0.00,0.00,0.00,0.00,0.00,0.00,0.00,0.00,0.00,0.00,0.00,0.00,0.00,22762.00,951.00,31129.04,53.87,0.00,0.00,0.00,0.00,0.00,0.00,0.00,1.00,0.00,0.00,0.00,0.00,0.00,0.00,0.00,0.00,0.00,0.00,0.00,0.00,0.00,0.00,0.00,0.00,0.00,0.00,0.00,0.00,0.00,0.00,721,3,5,0,0,0,22754.00,0.00,1898.00,951.00,21804.00,948.00,0.00,0.00,0.00,0.00,0.00,0.00,0.00,0.00,0.00,0.00,0.00,0.00,0.00,0.00,0.00,0.00,0.00,0.00,0.00,0.00,0.00,0.00,0.00,0.00,0.00,0.00,0.00,0.00,0.00,0.00,0.00,0.00,0.00,0.00,0.00,0.00,0.00,0.00,1897.00,951.00,949.00,0.00,3.00,0.00,0.00,0.00,0.00,0.00,0.00,3,2,1,0,0.00,0.00,0.00,0.00,0.00,0.00,0.00,0.00,0.00,0.00,0.00,0.00,0.00,0.00,0.00,0.00,0.00,0.00,0.00,0.00,0.00,0.00,0.00,0.00,0.00,0.00,0.00,0.00,0.00,0.00,0.00,0.00,0.00,0.00,0.00,0.00,0.00,0.00,0.00,0.00,0.00,0.00,0.00,0.00,0.00,0.00,0.00,0.00,0.00,0.00,0.00,0.00,0.00,22762.00,0.00,0.00,0.00,0.00,1995.37
0.50,0.00,0.00,0.00,0.00,0.00,5.53,0.00,0.00,93.97,0.00,354.00,0.00,0.00,0.00,0.00,0.00,0.00,11430.00,0.00,0.00,0.00,0.00,0.00,0.00,0.00,0.00,0.00,688108,1158740,1352612,66.28,47760,541484,3745436,183.54,832188,357008,252,599980,100964,7392,28808,0,0,0,0.00,0,0.00,0,0,0.00,26495,7616,36836,0,0,462,0.00,0.00,0.01,0,0.00,0.00,0.00,0.00,0.00,0.00,0.00,0.00,0.00,0.00,0.00,0.00,0.00,0.00,22665.00,944.00,30997.63,53.47,0.00,0.00,0.00,0.00,0.00,0.00,0.00,0.00,0.00,0.00,0.00,0.00,0.00,0.00,0.00,0.00,0.00,0.00,0.00,0.00,0.00,0.00,0.00,0.00,0.00,0.00,0.00,0.00,0.00,0.00,721,3,5,0,0,0,22659.00,0.00,1891.00,944.00,21712.00,944.00,0.00,0.00,0.00,0.00,0.00,0.00,0.00,0.00,0.00,0.00,0.00,0.00,0.00,0.00,0.00,0.00,0.00,0.00,0.00,0.00,0.00,0.00,0.00,0.00,0.00,0.00,0.00,0.00,0.00,0.00,0.00,0.00,0.00,0.00,0.00,0.00,0.00,0.00,1891.00,944.00,947.00,0.00,0.00,0.00,0.00,0.00,0.00,0.00,0.00,3,2,1,0,0.00,0.00,0.00,0.00,0.00,0.00,0.00,0.00,0.00,0.00,0.00,0.00,0.00,0.00,0.00,0.00,0.00,0.00,0.00,0.00,0.00,0.00,0.00,0.00,0.00,0.00,0.00,0.00,0.00,0.00,0.00,0.00,0.00,0.00,0.00,0.00,0.00,0.00,0.00,0.00,0.00,0.00,0.00,0.00,0.00,0.00,0.00,0.00,0.00,0.00,0.00,0.00,0.00,22663.00,0.00,0.00,0.00,0.00,1995.37
0.50,0.00,0.00,2.49,0.50,0.00,4.98,0.00,0.00,91.54,0.00,350.00,0.00,0.00,0.00,12.00,0.00,0.00,10388.00,0.00,0.00,0.00,0.00,2.00,0.00,2.00,0.00,24.00,687824,1158456,1352896,66.30,47768,541500,3745436,183.54,832188,357008,268,599980,100964,7392,28808,0,0,0,0.00,0,0.00,0,0,0.00,26495,7616,36836,0,0,462,0.00,0.00,0.01,0,0.00,0.00,0.00,0.00,0.00,0.00,2.00,0.00,12.00,6.00,0.00,28.00,0.00,0.00,20906.00,871.00,28600.23,49.33,0.00,0.00,0.00,0.00,0.00,0.00,0.00,1.00,0.00,0.00,0.00,0.00,0.00,0.00,0.00,0.00,0.00,0.00,0.00,0.00,0.00,0.00,0.00,0.00,0.00,0.00,0.00,0.00,0.00,0.00,721,3,5,0,0,0,20903.00,0.00,1741.00,871.00,20033.00,871.00,0.00,0.00,0.00,0.00,0.00,0.00,0.00,0.00,0.00,0.00,0.00,0.00,0.00,0.00,0.00,0.00,0.00,0.00,0.00,0.00,0.00,0.00,0.00,0.00,0.00,0.00,0.00,0.00,0.00,0.00,0.00,0.00,0.00,0.00,0.00,0.00,0.00,0.00,1741.00,871.00,870.00,0.00,0.00,0.00,0.00,0.00,0.00,0.00,0.00,3,2,1,0,0.00,0.00,0.00,0.00,0.00,0.00,0.00,0.00,0.00,0.00,0.00,0.00,0.00,0.00,0.00,0.00,0.00,0.00,0.00,0.00,0.00,0.00,0.00,0.00,0.00,0.00,0.00,0.00,0.00,0.00,0.00,0.00,0.00,0.00,0.00,0.00,0.00,0.00,0.00,0.00,0.00,0.00,0.00,0.00,0.00,0.00,0.00,0.00,0.00,0.00,0.00,0.00,0.00,20907.00,0.00,0.00,0.00,0.00,1995.37
0.00,0.00,0.50,0.00,0.00,0.00,5.50,0.00,0.00,94.00,0.00,360.00,0.00,0.00,0.00,0.00,0.00,0.00,10124.00,0.00,0.00,0.00,0.00,0.00,0.00,0.00,0.00,0.00,687984,1158616,1352736,66.29,47768,541516,3745436,183.54,832188,357008,284,599980,100964,7392,28808,0,0,0,0.00,0,0.00,0,0,0.00,26495,7616,36836,0,0,462,0.00,0.00,0.01,0,0.00,0.00,0.00,0.00,0.00,0.00,0.00,0.00,0.00,0.00,0.00,0.00,0.00,0.00,20408.00,852.00,27911.01,48.24,0.00,0.00,0.00,0.00,0.00,0.00,0.00,0.00,0.00,0.00,0.00,0.00,0.00,0.00,0.00,0.00,0.00,0.00,0.00,0.00,0.00,0.00,0.00,0.00,0.00,0.00,0.00,0.00,0.00,0.00,721,3,5,0,0,0,20400.00,0.00,1700.00,851.00,19550.00,850.00,0.00,0.00,0.00,0.00,0.00,0.00,0.00,0.00,0.00,0.00,0.00,0.00,0.00,0.00,0.00,0.00,0.00,0.00,0.00,0.00,0.00,0.00,0.00,0.00,0.00,0.00,0.00,0.00,0.00,0.00,0.00,0.00,0.00,0.00,0.00,0.00,0.00,0.00,1700.00,851.00,850.00,0.00,1.00,0.00,0.00,0.00,0.00,0.00,0.00,3,2,1,0,0.00,0.00,0.00,0.00,0.00,0.00,0.00,0.00,0.00,0.00,0.00,0.00,0.00,0.00,0.00,0.00,0.00,0.00,0.00,0.00,0.00,0.00,0.00,0.00,0.00,0.00,0.00,0.00,0.00,0.00,0.00,0.00,0.00,0.00,0.00,0.00,0.00,0.00,0.00,0.00,0.00,0.00,0.00,0.00,0.00,0.00,0.00,0.00,0.00,0.00,0.00,0.00,0.00,20454.00,0.00,0.00,0.00,0.00,1995.37
0.50,0.00,0.00,0.00,0.50,0.00,4.98,0.00,0.00,94.03,0.00,351.00,0.00,0.00,0.00,0.00,0.00,0.00,9404.00,0.00,0.00,0.00,0.00,0.00,0.00,0.00,0.00,0.00,687824,1158512,1352896,66.30,47768,541532,3745436,183.54,832196,357056,300,599980,100964,7392,28808,0,0,0,0.00,0,0.00,0,0,0.00,26495,7616,36836,0,0,462,0.00,0.00,0.01,0,0.00,0.00,0.00,0.00,0.00,0.00,0.00,0.00,0.00,0.00,0.00,0.00,0.00,0.00,19086.00,796.00,26104.92,45.09,0.00,0.00,0.00,0.00,0.00,0.00,0.00,1.00,0.00,0.00,0.00,0.00,0.00,0.00,0.00,0.00,0.00,0.00,0.00,0.00,0.00,0.00,0.00,0.00,0.00,0.00,0.00,0.00,0.00,0.00,721,3,5,0,0,0,19104.00,0.00,1592.00,797.00,18308.00,796.00,0.00,0.00,0.00,0.00,0.00,0.00,0.00,0.00,0.00,0.00,0.00,0.00,0.00,0.00,0.00,0.00,0.00,0.00,0.00,0.00,0.00,0.00,0.00,0.00,0.00,0.00,0.00,0.00,0.00,0.00,0.00,0.00,0.00,0.00,0.00,0.00,0.00,0.00,1592.00,797.00,796.00,0.00,1.00,0.00,0.00,0.00,0.00,0.00,0.00,3,2,1,0,0.00,0.00,0.00,0.00,0.00,0.00,0.00,0.00,0.00,0.00,0.00,0.00,0.00,0.00,0.00,0.00,0.00,0.00,0.00,0.00,0.00,0.00,0.00,0.00,0.00,0.00,0.00,0.00,0.00,0.00,0.00,0.00,0.00,0.00,0.00,0.00,0.00,0.00,0.00,0.00,0.00,0.00,0.00,0.00,0.00,0.00,0.00,0.00,0.00,0.00,0.00,0.00,0.00,19086.00,0.00,0.00,0.00,0.00,1995.37
0.00,0.00,0.00,0.00,0.00,0.00,5.97,0.00,0.00,94.03,0.00,362.00,0.00,0.00,0.00,0.00,0.00,0.00,9108.00,0.00,0.00,0.00,0.00,0.00,0.00,0.00,0.00,0.00,687824,1158512,1352896,66.30,47768,541548,3745436,183.54,832196,357056,316,599980,100964,7392,28808,0,0,0,0.00,0,0.00,0,0,0.00,26495,7616,36836,0,0,462,0.00,0.00,0.01,0,0.00,0.00,0.00,0.00,0.00,0.00,0.00,0.00,0.00,0.00,0.00,0.00,0.00,0.00,18721.00,780.00,25612.10,44.18,0.00,0.00,0.00,0.00,0.00,0.00,0.00,0.00,0.00,0.00,0.00,0.00,0.00,0.00,0.00,0.00,0.00,0.00,0.00,0.00,0.00,0.00,0.00,0.00,0.00,0.00,0.00,0.00,0.00,0.00,721,3,5,0,0,0,18695.00,0.00,1557.00,779.00,17917.00,779.00,0.00,0.00,0.00,0.00,0.00,0.00,0.00,0.00,0.00,0.00,0.00,0.00,0.00,0.00,0.00,0.00,0.00,0.00,0.00,0.00,0.00,0.00,0.00,0.00,0.00,0.00,0.00,0.00,0.00,0.00,0.00,0.00,0.00,0.00,0.00,0.00,0.00,0.00,1557.00,779.00,778.00,0.00,0.00,0.00,0.00,0.00,0.00,0.00,0.00,3,2,1,0,0.00,0.00,0.00,0.00,0.00,0.00,0.00,0.00,0.00,0.00,0.00,0.00,0.00,0.00,0.00,0.00,0.00,0.00,0.00,0.00,0.00,0.00,0.00,0.00,0.00,0.00,0.00,0.00,0.00,0.00,0.00,0.00,0.00,0.00,0.00,0.00,0.00,0.00,0.00,0.00,0.00,0.00,0.00,0.00,0.00,0.00,0.00,0.00,0.00,0.00,0.00,0.00,0.00,18676.00,0.00,0.00,0.00,0.00,1995.37
0.50,0.00,0.00,0.00,0.00,0.00,4.52,0.00,0.00,94.97,0.00,353.00,0.00,0.00,0.00,0.00,0.00,0.00,9508.00,0.00,0.00,0.00,0.00,0.00,0.00,0.00,0.00,0.00,687888,1158576,1352832,66.29,47768,541564,3745436,183.54,832196,357056,332,599980,100964,7392,28808,0,0,0,0.00,0,0.00,0,0,0.00,26495,7616,36836,0,0,462,0.00,0.00,0.01,0,0.00,0.00,0.00,0.00,0.00,0.00,0.00,0.00,0.00,0.00,0.00,0.00,0.00,0.00,19111.00,796.00,26137.81,45.09,0.00,0.00,0.00,0.00,0.00,0.00,0.00,1.00,0.00,0.00,0.00,0.00,0.00,0.00,0.00,0.00,0.00,0.00,0.00,0.00,0.00,0.00,0.00,0.00,0.00,0.00,0.00,0.00,0.00,0.00,721,3,5,0,0,0,19128.00,0.00,1594.00,797.00,18331.00,797.00,0.00,0.00,0.00,0.00,0.00,0.00,0.00,0.00,0.00,0.00,0.00,0.00,0.00,0.00,0.00,0.00,0.00,0.00,0.00,0.00,0.00,0.00,0.00,0.00,0.00,0.00,0.00,0.00,0.00,0.00,0.00,0.00,0.00,0.00,0.00,0.00,0.00,0.00,1594.00,797.00,797.00,0.00,0.00,0.00,0.00,0.00,0.00,0.00,0.00,3,2,1,0,0.00,0.00,0.00,0.00,0.00,0.00,0.00,0.00,0.00,0.00,0.00,0.00,0.00,0.00,0.00,0.00,0.00,0.00,0.00,0.00,0.00,0.00,0.00,0.00,0.00,0.00,0.00,0.00,0.00,0.00,0.00,0.00,0.00,0.00,0.00,0.00,0.00,0.00,0.00,0.00,0.00,0.00,0.00,0.00,0.00,0.00,0.00,0.00,0.00,0.00,0.00,0.00,0.00,19155.00,0.00,0.00,0.00,0.00,1995.37
0.51,0.00,0.00,5.56,0.51,0.00,2.53,0.00,0.00,90.91,0.00,332.00,0.00,0.00,0.00,12.00,2.00,0.00,7812.00,0.00,0.00,0.00,0.00,2.00,0.00,2.00,0.00,24.00,687888,1158576,1352832,66.29,47776,541576,3745436,183.54,832196,357056,344,599980,100964,7392,28808,0,0,0,0.00,0,0.00,0,0,0.00,26495,7616,36836,0,0,462,0.00,0.00,0.01,0,0.00,0.00,0.00,0.00,0.00,0.00,2.00,0.00,12.00,6.00,0.00,62.00,0.00,0.00,15874.00,664.00,21705.16,37.61,0.00,0.00,0.00,0.00,0.00,0.00,0.00,2.00,0.00,0.00,0.00,0.00,0.00,0.00,0.00,0.00,0.00,0.00,0.00,0.00,0.00,0.00,0.00,0.00,0.00,0.00,0.00,0.00,0.00,0.00,721,3,5,0,0,0,15842.00,0.00,1322.00,663.00,15180.00,660.00,0.00,0.00,0.00,0.00,0.00,0.00,0.00,0.00,0.00,0.00,0.00,0.00,0.00,0.00,0.00,0.00,0.00,0.00,0.00,0.00,0.00,0.00,0.00,0.00,0.00,0.00,0.00,0.00,0.00,0.00,0.00,0.00,0.00,0.00,0.00,0.00,0.00,0.00,1323.00,663.00,663.00,0.00,3.00,0.00,0.00,0.00,0.00,0.00,0.00,3,2,1,0,0.00,0.00,0.00,0.00,0.00,0.00,0.00,0.00,0.00,0.00,0.00,0.00,0.00,0.00,0.00,0.00,0.00,0.00,0.00,0.00,0.00,0.00,0.00,0.00,0.00,0.00,0.00,0.00,0.00,0.00,0.00,0.00,0.00,0.00,0.00,0.00,0.00,0.00,0.00,0.00,0.00,0.00,0.00,0.00,0.00,0.00,0.00,0.00,0.00,0.00,0.00,0.00,0.00,15829.00,0.00,0.00,0.00,0.00,1995.37
0.00,0.00,0.50,0.00,0.00,0.00,4.95,0.00,0.00,94.55,0.00,361.00,0.00,0.00,0.00,0.00,0.00,0.00,7420.00,0.00,0.00,0.00,0.00,0.00,0.00,0.00,0.00,0.00,687888,1158632,1352832,66.29,47776,541592,3745436,183.54,832204,357104,360,599980,100964,7392,28808,0,0,0,0.00,0,0.00,0,0,0.00,26495,7616,36836,0,0,462,0.00,0.00,0.01,0,0.00,0.00,0.00,0.00,0.00,0.00,0.00,0.00,0.00,0.00,0.00,0.00,0.00,0.00,14839.00,618.00,20293.01,35.00,0.00,0.00,0.00,0.00,0.00,0.00,0.00,1.00,0.00,0.00,0.00,0.00,0.00,0.00,0.00,0.00,0.00,0.00,0.00,0.00,0.00,0.00,0.00,0.00,0.00,0.00,0.00,0.00,0.00,0.00,721,3,5,0,0,0,14856.00,0.00,1238.00,619.00,14237.00,619.00,0.00,0.00,0.00,0.00,0.00,0.00,0.00,0.00,0.00,0.00,0.00,0.00,0.00,0.00,0.00,0.00,0.00,0.00,0.00,0.00,0.00,0.00,0.00,0.00,0.00,0.00,0.00,0.00,0.00,0.00,0.00,0.00,0.00,0.00,0.00,0.00,0.00,0.00,1237.00,619.00,618.00,0.00,0.00,0.00,0.00,0.00,0.00,0.00,0.00,3,2,1,0,0.00,0.00,0.00,0.00,0.00,0.00,0.00,0.00,0.00,0.00,0.00,0.00,0.00,0.00,0.00,0.00,0.00,0.00,0.00,0.00,0.00,0.00,0.00,0.00,0.00,0.00,0.00,0.00,0.00,0.00,0.00,0.00,0.00,0.00,0.00,0.00,0.00,0.00,0.00,0.00,0.00,0.00,0.00,0.00,0.00,0.00,0.00,0.00,0.00,0.00,0.00,0.00,0.00,14884.00,0.00,0.00,0.00,0.00,1995.37
0.50,0.00,0.00,0.00,0.00,0.00,4.50,0.00,0.00,95.00,0.00,344.00,0.00,0.00,0.00,0.00,0.00,0.00,7132.00,0.00,0.00,0.00,0.00,0.00,0.00,0.00,0.00,0.00,687700,1158444,1353020,66.30,47776,541608,3745436,183.54,832204,357104,376,599980,100968,7392,28808,0,0,0,0.00,0,0.00,0,0,0.00,26495,7616,36836,0,0,462,0.00,0.00,0.01,0,0.00,0.00,0.00,0.00,0.00,0.00,0.00,0.00,0.00,0.00,0.00,0.00,0.00,0.00,14667.00,611.00,20062.94,34.61,0.00,0.00,0.00,0.00,0.00,0.00,0.00,0.00,0.00,0.00,0.00,0.00,0.00,0.00,0.00,0.00,0.00,0.00,0.00,0.00,0.00,0.00,0.00,0.00,0.00,0.00,0.00,0.00,0.00,0.00,721,3,5,0,0,0,14640.00,0.00,1220.00,610.00,14030.00,610.00,0.00,0.00,0.00,0.00,0.00,0.00,0.00,0.00,0.00,0.00,0.00,0.00,0.00,0.00,0.00,0.00,0.00,0.00,0.00,0.00,0.00,0.00,0.00,0.00,0.00,0.00,0.00,0.00,0.00,0.00,0.00,0.00,0.00,0.00,0.00,0.00,0.00,0.00,1221.00,611.00,610.00,0.00,0.00,0.00,0.00,0.00,0.00,0.00,0.00,3,2,1,0,0.00,0.00,0.00,0.00,0.00,0.00,0.00,0.00,0.00,0.00,0.00,0.00,0.00,0.00,0.00,0.00,0.00,0.00,0.00,0.00,0.00,0.00,0.00,0.00,0.00,0.00,0.00,0.00,0.00,0.00,0.00,0.00,0.00,0.00,0.00,0.00,0.00,0.00,0.00,0.00,0.00,0.00,0.00,0.00,0.00,0.00,0.00,0.00,0.00,0.00,0.00,0.00,0.00,14644.00,0.00,0.00,0.00,0.00,1995.37
0.49,0.00,0.00,0.00,0.49,0.00,5.85,0.00,0.00,93.17,0.00,356.00,0.00,0.00,0.00,0.00,0.00,0.00,6884.00,0.00,0.00,0.00,0.00,0.00,0.00,0.00,0.00,0.00,687732,1158476,1352988,66.30,47776,541624,3745436,183.54,832204,357104,392,599980,100968,7392,28808,0,0,0,0.00,0,0.00,0,0,0.00,26495,7616,36836,0,0,462,0.00,0.00,0.01,0,0.00,0.00,0.00,0.00,0.00,0.00,0.00,0.00,0.00,0.00,0.00,0.00,0.00,0.00,13833.00,577.00,18914.03,32.68,0.00,0.00,0.00,0.00,0.00,0.00,0.00,1.00,0.00,0.00,0.00,0.00,0.00,0.00,0.00,0.00,0.00,0.00,0.00,0.00,0.00,0.00,0.00,0.00,0.00,0.00,0.00,0.00,0.00,0.00,721,3,5,0,0,0,13824.00,0.00,1152.00,577.00,13248.00,576.00,0.00,0.00,0.00,0.00,0.00,0.00,0.00,0.00,0.00,0.00,0.00,0.00,0.00,0.00,0.00,0.00,0.00,0.00,0.00,0.00,0.00,0.00,0.00,0.00,0.00,0.00,0.00,0.00,0.00,0.00,0.00,0.00,0.00,0.00,0.00,0.00,0.00,0.00,1151.00,576.00,576.00,0.00,1.00,0.00,0.00,0.00,0.00,0.00,0.00,3,2,1,0,0.00,0.00,0.00,0.00,0.00,0.00,0.00,0.00,0.00,0.00,0.00,0.00,0.00,0.00,0.00,0.00,0.00,0.00,0.00,0.00,0.00,0.00,0.00,0.00,0.00,0.00,0.00,0.00,0.00,0.00,0.00,0.00,0.00,0.00,0.00,0.00,0.00,0.00,0.00,0.00,0.00,0.00,0.00,0.00,0.00,0.00,0.00,0.00,0.00,0.00,0.00,0.00,0.00,13833.00,0.00,0.00,0.00,0.00,1995.37
0.50,0.00,0.50,0.00,0.00,0.00,4.48,0.00,0.00,94.53,0.00,320.00,0.00,0.00,0.00,0.00,11.00,0.00,6814.00,0.00,0.00,0.00,0.00,0.00,0.00,0.00,0.00,0.00,687796,1158596,1352924,66.30,47776,541640,3745436,183.54,832204,357160,408,599980,100968,7392,28808,0,0,0,0.00,0,0.00,0,0,0.00,26495,7616,36836,0,0,462,0.00,0.00,0.01,0,0.00,0.00,0.00,0.00,0.00,0.00,0.00,0.00,0.00,0.00,0.00,0.00,0.00,0.00,13570.00,565.00,18553.19,32.00,0.00,0.00,0.00,0.00,0.00,0.00,0.00,0.00,0.00,0.00,0.00,0.00,0.00,0.00,0.00,0.00,0.00,0.00,0.00,0.00,0.00,0.00,0.00,0.00,0.00,0.00,0.00,0.00,0.00,0.00,721,3,5,0,0,0,13582.00,0.00,1130.00,566.00,13018.00,566.00,0.00,0.00,0.00,0.00,0.00,0.00,0.00,0.00,0.00,0.00,0.00,0.00,0.00,0.00,0.00,0.00,0.00,0.00,0.00,0.00,0.00,0.00,0.00,0.00,0.00,0.00,0.00,0.00,0.00,0.00,0.00,0.00,0.00,0.00,0.00,0.00,0.00,0.00,1129.00,566.00,563.00,0.00,0.00,0.00,0.00,0.00,0.00,0.00,0.00,3,2,1,0,0.00,0.00,0.00,0.00,0.00,0.00,0.00,0.00,0.00,0.00,0.00,0.00,0.00,0.00,0.00,0.00,0.00,0.00,0.00,0.00,0.00,0.00,0.00,0.00,0.00,0.00,0.00,0.00,0.00,0.00,0.00,0.00,0.00,0.00,0.00,0.00,0.00,0.00,0.00,0.00,0.00,0.00,0.00,0.00,0.00,0.00,0.00,0.00,0.00,0.00,0.00,0.00,0.00,13594.00,0.00,0.00,0.00,0.00,1995.37
1.00,0.00,0.00,5.00,0.00,0.00,3.00,0.00,0.00,91.00,0.00,363.00,0.00,0.00,0.00,12.00,0.00,0.00,5637.00,0.00,0.00,0.00,0.00,2.00,0.00,2.00,0.00,24.00,687764,1158564,1352956,66.30,47784,541656,3745436,183.54,832204,357160,424,599996,100968,7392,28808,0,0,0,0.00,0,0.00,0,0,0.00,26495,7616,36836,0,0,462,0.00,0.00,0.01,0,0.00,0.00,0.00,0.00,0.00,0.00,2.00,0.00,12.00,6.00,0.00,52.00,0.00,0.00,11551.00,482.00,15794.50,27.30,0.00,0.00,0.00,0.00,0.00,0.00,0.00,1.00,0.00,0.00,0.00,0.00,0.00,0.00,0.00,0.00,0.00,0.00,0.00,0.00,0.00,0.00,0.00,0.00,0.00,0.00,0.00,0.00,0.00,0.00,721,3,5,0,0,0,11521.00,0.00,961.00,481.00,11040.00,480.00,0.00,0.00,0.00,0.00,0.00,0.00,0.00,0.00,0.00,0.00,0.00,0.00,0.00,0.00,0.00,0.00,0.00,0.00,0.00,0.00,0.00,0.00,0.00,0.00,0.00,0.00,0.00,0.00,0.00,0.00,0.00,0.00,0.00,0.00,0.00,0.00,0.00,0.00,961.00,481.00,482.00,0.00,1.00,0.00,0.00,0.00,0.00,0.00,0.00,3,2,1,0,0.00,0.00,0.00,0.00,0.00,0.00,0.00,0.00,0.00,0.00,0.00,0.00,0.00,0.00,0.00,0.00,0.00,0.00,0.00,0.00,0.00,0.00,0.00,0.00,0.00,0.00,0.00,0.00,0.00,0.00,0.00,0.00,0.00,0.00,0.00,0.00,0.00,0.00,0.00,0.00,0.00,0.00,0.00,0.00,0.00,0.00,0.00,0.00,0.00,0.00,0.00,0.00,0.00,11506.00,0.00,0.00,0.00,0.00,1995.37
0.00,0.00,0.00,0.00,0.50,0.00,3.98,0.00,0.00,95.52,0.00,308.00,0.00,0.00,0.00,0.00,0.00,0.00,6052.00,0.00,0.00,0.00,0.00,0.00,0.00,0.00,0.00,0.00,687828,1158628,1352892,66.29,47784,541672,3745436,183.54,832204,357160,440,599996,100968,7392,28808,0,0,0,0.00,0,0.00,0,0,0.00,26495,7616,36836,0,0,462,0.00,0.00,0.01,0,0.00,0.00,0.00,0.00,0.00,0.00,0.00,0.00,0.00,0.00,0.00,0.00,0.00,0.00,12009.00,500.00,16418.49,28.32,0.00,0.00,0.00,0.00,0.00,0.00,0.00,0.00,0.00,0.00,0.00,0.00,0.00,0.00,0.00,0.00,0.00,0.00,0.00,0.00,0.00,0.00,0.00,0.00,0.00,0.00,0.00,0.00,0.00,0.00,721,3,5,0,0,0,12001.00,0.00,1001.00,500.00,11500.00,500.00,0.00,0.00,0.00,0.00,0.00,0.00,0.00,0.00,0.00,0.00,0.00,0.00,0.00,0.00,0.00,0.00,0.00,0.00,0.00,0.00,0.00,0.00,0.00,0.00,0.00,0.00,0.00,0.00,0.00,0.00,0.00,0.00,0.00,0.00,0.00,0.00,0.00,0.00,1001.00,500.00,500.00,0.00,0.00,0.00,0.00,0.00,0.00,0.00,0.00,3,2,1,0,0.00,0.00,0.00,0.00,0.00,0.00,0.00,0.00,0.00,0.00,0.00,0.00,0.00,0.00,0.00,0.00,0.00,0.00,0.00,0.00,0.00,0.00,0.00,0.00,0.00,0.00,0.00,0.00,0.00,0.00,0.00,0.00,0.00,0.00,0.00,0.00,0.00,0.00,0.00,0.00,0.00,0.00,0.00,0.00,0.00,0.00,0.00,0.00,0.00,0.00,0.00,0.00,0.00,12030.00,0.00,0.00,0.00,0.00,1995.37
0.50,0.00,0.50,0.00,0.00,0.00,3.50,0.00,0.00,95.50,3.00,375.00,0.00,0.00,0.00,0.00,504.00,0.00,5922.00,0.00,0.00,0.00,0.00,0.00,0.00,0.00,0.00,0.00,687424,1158284,1353296,66.31,47784,541688,3745436,183.54,832240,357208,620,600004,100972,7392,28808,0,0,0,0.00,0,0.00,0,0,0.00,26495,7616,36836,0,0,462,0.00,0.00,0.01,0,0.00,0.00,0.00,0.00,0.00,0.00,0.00,0.00,0.00,0.00,0.00,0.00,0.00,0.00,11048.00,460.00,15105.00,26.05,0.00,0.00,0.00,0.00,0.00,0.00,0.00,1.00,0.00,0.00,0.00,0.00,0.00,0.00,0.00,0.00,0.00,0.00,0.00,0.00,0.00,0.00,0.00,0.00,0.00,0.00,0.00,0.00,0.00,0.00,721,3,5,0,0,0,11040.00,0.00,920.00,460.00,10580.00,460.00,0.00,0.00,0.00,0.00,0.00,0.00,0.00,0.00,0.00,0.00,0.00,0.00,0.00,0.00,0.00,0.00,0.00,0.00,0.00,0.00,0.00,0.00,0.00,0.00,0.00,0.00,0.00,0.00,0.00,0.00,0.00,0.00,0.00,0.00,0.00,0.00,0.00,0.00,920.00,460.00,460.00,0.00,0.00,0.00,0.00,0.00,0.00,0.00,0.00,3,2,1,0,0.00,0.00,0.00,0.00,0.00,0.00,0.00,0.00,0.00,0.00,0.00,0.00,0.00,0.00,0.00,0.00,0.00,0.00,0.00,0.00,0.00,0.00,0.00,0.00,0.00,0.00,0.00,0.00,0.00,0.00,0.00,0.00,0.00,0.00,0.00,0.00,0.00,0.00,0.00,0.00,0.00,0.00,0.00,0.00,0.00,0.00,0.00,0.00,0.00,0.00,0.00,0.00,0.00,11025.00,0.00,0.00,0.00,0.00,1995.37
0.00,0.00,0.00,0.00,0.00,0.00,9.50,0.00,0.00,90.50,0.00,357.00,0.00,0.00,0.00,0.00,4.00,0.00,31808.00,0.00,0.00,0.00,0.00,0.00,0.00,0.00,0.00,0.00,689420,1152572,1351300,66.22,47596,534304,3680260,180.34,839108,349612,12,606900,99760,7336,28640,0,0,0,0.00,0,0.00,0,0,0.00,26609,7584,36860,0,0,459,0.18,0.06,0.03,0,0.00,0.00,0.00,0.00,0.00,0.00,0.00,0.00,0.00,0.00,0.00,0.00,0.00,0.00,63770.00,2659.00,87245.32,150.61,0.00,0.00,0.00,0.00,0.00,0.00,0.00,0.00,0.00,0.00,0.00,0.00,0.00,0.00,0.00,0.00,0.00,0.00,0.00,0.00,0.00,0.00,0.00,0.00,0.00,0.00,0.00,0.00,0.00,0.00,722,3,5,0,0,0,63745.00,0.00,5312.00,2658.00,61088.00,2656.00,0.00,0.00,0.00,0.00,0.00,0.00,0.00,0.00,0.00,0.00,0.00,0.00,0.00,0.00,0.00,0.00,0.00,0.00,0.00,0.00,0.00,0.00,0.00,0.00,0.00,0.00,0.00,0.00,0.00,0.00,0.00,0.00,0.00,0.00,0.00,0.00,0.00,0.00,5312.00,2658.00,2656.00,0.00,2.00,0.00,0.00,0.00,0.00,0.00,0.00,3,2,1,0,0.00,0.00,0.00,0.00,0.00,0.00,0.00,0.00,0.00,0.00,0.00,0.00,0.00,0.00,0.00,0.00,0.00,0.00,0.00,0.00,0.00,0.00,0.00,0.00,0.00,0.00,0.00,0.00,0.00,0.00,0.00,0.00,0.00,0.00,0.00,0.00,0.00,0.00,0.00,0.00,0.00,0.00,0.00,0.00,0.00,0.00,0.00,0.00,0.00,0.00,0.00,0.00,0.00,63749.00,0.00,0.00,0.00,0.00,1995.37
0.00,0.00,0.49,0.00,0.00,0.00,10.84,0.00,0.00,88.67,0.00,369.00,0.00,0.00,0.00,0.00,3.00,0.00,31595.00,0.00,0.00,0.00,0.00,0.00,0.00,0.00,0.00,0.00,689356,1152524,1351364,66.22,47596,534340,3680260,180.34,839120,349628,52,606912,99776,7344,28720,0,0,0,0.00,0,0.00,0,0,0.00,26609,7584,36860,0,0,459,0.18,0.06,0.03,0,0.00,0.00,0.00,0.00,0.00,0.00,0.00,0.00,0.00,0.00,0.00,0.00,0.00,0.00,62503.00,2606.00,85505.20,147.61,0.00,0.00,0.00,0.00,0.00,0.00,0.00,1.00,0.00,0.00,0.00,0.00,0.00,0.00,0.00,0.00,0.00,0.00,0.00,0.00,0.00,0.00,0.00,0.00,0.00,0.00,0.00,0.00,0.00,0.00,722,3,5,0,0,0,62495.00,0.00,5207.00,2606.00,59892.00,2604.00,0.00,0.00,0.00,0.00,0.00,0.00,0.00,0.00,0.00,0.00,0.00,0.00,0.00,0.00,0.00,0.00,0.00,0.00,0.00,0.00,0.00,0.00,0.00,0.00,0.00,0.00,0.00,0.00,0.00,0.00,0.00,0.00,0.00,0.00,0.00,0.00,0.00,0.00,5206.00,2606.00,2602.00,0.00,2.00,0.00,0.00,0.00,0.00,0.00,0.00,3,2,1,0,0.00,0.00,0.00,0.00,0.00,0.00,0.00,0.00,0.00,0.00,0.00,0.00,0.00,0.00,0.00,0.00,0.00,0.00,0.00,0.00,0.00,0.00,0.00,0.00,0.00,0.00,0.00,0.00,0.00,0.00,0.00,0.00,0.00,0.00,0.00,0.00,0.00,0.00,0.00,0.00,0.00,0.00,0.00,0.00,0.00,0.00,0.00,0.00,0.00,0.00,0.00,0.00,0.00,62526.00,0.00,0.00,0.00,0.00,1995.37
0.49,0.00,0.00,0.00,0.00,0.00,10.34,0.00,0.00,89.16,0.00,357.00,0.00,0.00,0.00,0.00,0.00,0.00,30356.00,0.00,0.00,0.00,0.00,0.00,0.00,0.00,0.00,0.00,689452,1152620,1351268,66.22,47596,534352,3680260,180.34,839120,349628,64,606912,99776,7344,28720,0,0,0,0.00,0,0.00,0,0,0.00,26609,7584,36860,0,0,459,0.16,0.06,0.02,0,0.00,0.00,0.00,0.00,0.00,0.00,0.00,0.00,0.00,0.00,0.00,0.00,0.00,0.00,62005.00,2586.00,84816.49,146.47,0.00,0.00,0.00,0.00,0.00,0.00,0.00,0.00,0.00,0.00,0.00,0.00,0.00,0.00,0.00,0.00,0.00,0.00,0.00,0.00,0.00,0.00,0.00,0.00,0.00,0.00,0.00,0.00,0.00,0.00,722,3,5,0,0,0,61998.00,0.00,5168.00,2586.00,59409.00,2583.00,0.00,0.00,0.00,0.00,0.00,0.00,0.00,0.00,0.00,0.00,0.00,0.00,0.00,0.00,0.00,0.00,0.00,0.00,0.00,0.00,0.00,0.00,0.00,0.00,0.00,0.00,0.00,0.00,0.00,0.00,0.00,0.00,0.00,0.00,0.00,0.00,0.00,0.00,5163.00,2585.00,2582.00,0.00,3.00,0.00,0.00,0.00,0.00,0.00,0.00,3,2,1,0,0.00,0.00,0.00,0.00,0.00,0.00,0.00,0.00,0.00,0.00,0.00,0.00,0.00,0.00,0.00,0.00,0.00,0.00,0.00,0.00,0.00,0.00,0.00,0.00,0.00,0.00,0.00,0.00,0.00,0.00,0.00,0.00,0.00,0.00,0.00,0.00,0.00,0.00,0.00,0.00,0.00,0.00,0.00,0.00,0.00,0.00,0.00,0.00,0.00,0.00,0.00,0.00,0.00,61956.00,0.00,0.00,0.00,0.00,1995.37
0.00,0.00,0.00,0.00,0.50,0.00,9.45,0.00,0.00,90.05,0.00,358.00,0.00,0.00,0.00,8.00,0.00,0.00,30084.00,0.00,0.00,0.00,0.00,2.00,0.00,2.00,0.00,16.00,689356,1152524,1351364,66.22,47596,534368,3680260,180.34,839120,349628,80,606912,99776,7344,28720,0,0,0,0.00,0,0.00,0,0,0.00,26609,7584,36860,0,0,459,0.16,0.06,0.02,0,0.00,0.00,0.00,0.00,0.00,0.00,2.00,0.00,8.00,4.00,0.00,4.00,0.00,0.00,60104.00,2509.00,82221.76,142.11,0.00,0.00,0.00,0.00,0.00,0.00,0.00,1.00,0.00,0.00,0.00,0.00,0.00,0.00,0.00,0.00,0.00,0.00,0.00,0.00,0.00,0.00,0.00,0.00,0.00,0.00,0.00,0.00,0.00,0.00,722,3,5,0,0,0,60123.00,0.00,5012.00,2510.00,57615.00,2505.00,0.00,0.00,0.00,0.00,0.00,0.00,0.00,0.00,0.00,0.00,0.00,0.00,0.00,0.00,0.00,0.00,0.00,0.00,0.00,0.00,0.00,0.00,0.00,0.00,0.00,0.00,0.00,0.00,0.00,0.00,0.00,0.00,0.00,0.00,0.00,0.00,0.00,0.00,5014.00,2511.00,2507.00,0.00,5.00,0.00,0.00,0.00,0.00,0.00,0.00,3,2,1,0,0.00,0.00,0.00,0.00,0.00,0.00,0.00,0.00,0.00,0.00,0.00,0.00,0.00,0.00,0.00,0.00,0.00,0.00,0.00,0.00,0.00,0.00,0.00,0.00,0.00,0.00,0.00,0.00,0.00,0.00,0.00,0.00,0.00,0.00,0.00,0.00,0.00,0.00,0.00,0.00,0.00,0.00,0.00,0.00,0.00,0.00,0.00,0.00,0.00,0.00,0.00,0.00,0.00,60153.00,0.00,0.00,0.00,0.00,1995.37
0.00,0.00,0.52,0.00,0.00,0.00,6.70,0.00,0.00,92.78,0.00,337.00,0.00,0.00,0.00,0.00,0.00,0.00,30243.00,0.00,0.00,0.00,0.00,0.00,0.00,0.00,0.00,0.00,689452,1152620,1351268,66.22,47596,534368,3680260,180.34,839120,349628,80,606912,99776,7344,28720,0,0,0,0.00,0,0.00,0,0,0.00,26609,7584,36860,0,0,459,0.16,0.06,0.02,0,0.00,0.00,0.00,0.00,0.00,0.00,0.00,0.00,0.00,0.00,0.00,0.00,0.00,0.00,60579.00,2526.00,82878.09,143.07,0.00,0.00,0.00,0.00,0.00,0.00,0.00,0.00,0.00,0.00,0.00,0.00,0.00,0.00,0.00,0.00,0.00,0.00,0.00,0.00,0.00,0.00,0.00,0.00,0.00,0.00,0.00,0.00,0.00,0.00,722,3,5,0,0,0,60575.00,0.00,5047.00,2525.00,58052.00,2524.00,0.00,0.00,0.00,0.00,0.00,0.00,0.00,0.00,0.00,0.00,0.00,0.00,0.00,0.00,0.00,0.00,0.00,0.00,0.00,0.00,0.00,0.00,0.00,0.00,0.00,0.00,0.00,0.00,0.00,0.00,0.00,0.00,0.00,0.00,0.00,0.00,0.00,0.00,5046.00,2525.00,2522.00,0.00,1.00,0.00,0.00,0.00,0.00,0.00,0.00,3,2,1,0,0.00,0.00,0.00,0.00,0.00,0.00,0.00,0.00,0.00,0.00,0.00,0.00,0.00,0.00,0.00,0.00,0.00,0.00,0.00,0.00,0.00,0.00,0.00,0.00,0.00,0.00,0.00,0.00,0.00,0.00,0.00,0.00,0.00,0.00,0.00,0.00,0.00,0.00,0.00,0.00,0.00,0.00,0.00,0.00,0.00,0.00,0.00,0.00,0.00,0.00,0.00,0.00,0.00,60556.00,0.00,0.00,0.00,0.00,1995.37
1.52,0.00,0.00,1.01,0.00,0.00,8.59,0.00,0.00,88.89,0.00,413.00,0.00,0.00,0.00,36.00,5.00,0.00,28715.00,0.00,0.00,0.00,0.00,2.00,0.00,2.00,0.00,72.00,689232,1152448,1351488,66.23,47604,534400,3680260,180.34,839120,349676,124,606912,99780,7344,28720,0,0,0,0.00,0,0.00,0,0,0.00,26609,7584,36860,0,0,459,0.16,0.06,0.02,0,0.00,0.00,0.00,0.00,0.00,0.00,2.00,0.00,36.00,18.00,0.00,14.00,0.00,0.00,58782.00,2452.00,80415.57,138.88,0.00,0.00,0.00,0.00,0.00,0.00,0.00,1.00,0.00,0.00,0.00,0.00,0.00,0.00,0.00,0.00,0.00,0.00,0.00,0.00,0.00,0.00,0.00,0.00,0.00,0.00,0.00,0.00,0.00,0.00,722,3,5,0,1,0,58774.00,0.00,4895.00,2452.00,56327.00,2449.00,0.00,0.00,0.00,0.00,0.00,0.00,0.00,0.00,0.00,0.00,0.00,0.00,0.00,0.00,0.00,0.00,0.00,0.00,0.00,0.00,0.00,0.00,0.00,0.00,0.00,0.00,0.00,0.00,0.00,0.00,0.00,0.00,0.00,0.00,0.00,0.00,0.00,0.00,4896.00,2452.00,2448.00,0.00,4.00,0.00,0.00,0.00,0.00,0.00,0.00,3,2,1,0,0.00,0.00,0.00,0.00,0.00,0.00,0.00,0.00,0.00,0.00,0.00,0.00,0.00,0.00,0.00,0.00,0.00,0.00,0.00,0.00,0.00,0.00,0.00,0.00,0.00,0.00,0.00,0.00,0.00,0.00,0.00,0.00,0.00,0.00,0.00,0.00,0.00,0.00,0.00,0.00,0.00,0.00,0.00,0.00,0.00,0.00,0.00,0.00,0.00,0.00,0.00,0.00,0.00,58781.00,0.00,0.00,0.00,0.00,1995.37
0.00,0.00,0.50,0.00,0.00,0.00,8.54,0.00,0.00,90.95,0.00,355.00,0.00,0.00,0.00,0.00,0.00,0.00,28724.00,0.00,0.00,0.00,0.00,0.00,0.00,0.00,0.00,0.00,689232,1152504,1351488,66.23,47604,534416,3680260,180.34,839160,349724,140,606892,99780,7344,28720,0,0,0,0.00,0,0.00,0,0,0.00,26609,7584,36860,0,0,459,0.16,0.06,0.02,0,0.00,0.00,0.00,0.00,0.00,0.00,0.00,0.00,0.00,0.00,0.00,0.00,0.00,0.00,57485.00,2396.00,78642.37,135.71,0.00,0.00,0.00,0.00,0.00,0.00,0.00,0.00,0.00,0.00,0.00,0.00,0.00,0.00,0.00,0.00,0.00,0.00,0.00,0.00,0.00,0.00,0.00,0.00,0.00,0.00,0.00,0.00,0.00,0.00,722,3,5,0,0,0,57457.00,0.00,4790.00,2396.00,55062.00,2394.00,0.00,0.00,0.00,0.00,0.00,0.00,0.00,0.00,0.00,0.00,0.00,0.00,0.00,0.00,0.00,0.00,0.00,0.00,0.00,0.00,0.00,0.00,0.00,0.00,0.00,0.00,0.00,0.00,0.00,0.00,0.00,0.00,0.00,0.00,0.00,0.00,0.00,0.00,4789.00,2395.00,2395.00,0.00,1.00,0.00,0.00,0.00,0.00,0.00,0.00,3,2,1,0,0.00,0.00,0.00,0.00,0.00,0.00,0.00,0.00,0.00,0.00,0.00,0.00,0.00,0.00,0.00,0.00,0.00,0.00,0.00,0.00,0.00,0.00,0.00,0.00,0.00,0.00,0.00,0.00,0.00,0.00,0.00,0.00,0.00,0.00,0.00,0.00,0.00,0.00,0.00,0.00,0.00,0.00,0.00,0.00,0.00,0.00,0.00,0.00,0.00,0.00,0.00,0.00,0.00,57462.00,0.00,0.00,0.00,0.00,1995.37
0.50,0.00,0.00,0.00,0.00,0.00,9.95,0.00,0.00,89.55,0.00,362.00,0.00,0.00,0.00,0.00,0.00,0.00,28244.00,0.00,0.00,0.00,0.00,0.00,0.00,0.00,0.00,0.00,689264,1152536,1351456,66.22,47604,534416,3680260,180.34,839160,349724,140,606892,99780,7344,28720,0,0,0,0.00,0,0.00,0,0,0.00,26609,7584,36860,0,0,459,0.15,0.06,0.02,0,0.00,0.00,0.00,0.00,0.00,0.00,0.00,0.00,0.00,0.00,0.00,0.00,0.00,0.00,57436.00,2396.00,78576.76,135.71,0.00,0.00,0.00,0.00,0.00,0.00,0.00,1.00,0.00,0.00,0.00,0.00,0.00,0.00,0.00,0.00,0.00,0.00,0.00,0.00,0.00,0.00,0.00,0.00,0.00,0.00,0.00,0.00,0.00,0.00,722,3,5,0,0,0,57453.00,0.00,4784.00,2397.00,55062.00,2394.00,0.00,0.00,0.00,0.00,0.00,0.00,0.00,0.00,0.00,0.00,0.00,0.00,0.00,0.00,0.00,0.00,0.00,0.00,0.00,0.00,0.00,0.00,0.00,0.00,0.00,0.00,0.00,0.00,0.00,0.00,0.00,0.00,0.00,0.00,0.00,0.00,0.00,0.00,4785.00,2397.00,2391.00,0.00,3.00,0.00,0.00,0.00,0.00,0.00,0.00,3,2,1,0,0.00,0.00,0.00,0.00,0.00,0.00,0.00,0.00,0.00,0.00,0.00,0.00,0.00,0.00,0.00,0.00,0.00,0.00,0.00,0.00,0.00,0.00,0.00,0.00,0.00,0.00,0.00,0.00,0.00,0.00,0.00,0.00,0.00,0.00,0.00,0.00,0.00,0.00,0.00,0.00,0.00,0.00,0.00,0.00,0.00,0.00,0.00,0.00,0.00,0.00,0.00,0.00,0.00,57483.00,0.00,0.00,0.00,0.00,1995.37
0.50,0.00,0.00,0.00,0.50,0.00,9.45,0.00,0.00,89.55,0.00,358.00,0.00,0.00,0.00,0.00,0.00,0.00,28116.00,0.00,0.00,0.00,0.00,0.00,0.00,0.00,0.00,0.00,689392,1152664,1351328,66.22,47604,534448,3680260,180.34,839160,349724,172,606892,99780,7344,28720,0,0,0,0.00,0,0.00,0,0,0.00,26609,7584,36860,0,0,459,0.15,0.06,0.02,0,0.00,0.00,0.00,0.00,0.00,0.00,0.00,0.00,0.00,0.00,0.00,0.00,0.00,0.00,56162.00,2344.00,76836.22,132.77,0.00,0.00,0.00,0.00,0.00,0.00,0.00,0.00,0.00,0.00,0.00,0.00,0.00,0.00,0.00,0.00,0.00,0.00,0.00,0.00,0.00,0.00,0.00,0.00,0.00,0.00,0.00,0.00,0.00,0.00,722,3,5,0,0,0,56159.00,0.00,4679.00,2344.00,53820.00,2340.00,0.00,0.00,0.00,0.00,0.00,0.00,0.00,0.00,0.00,0.00,0.00,0.00,0.00,0.00,0.00,0.00,0.00,0.00,0.00,0.00,0.00,0.00,0.00,0.00,0.00,0.00,0.00,0.00,0.00,0.00,0.00,0.00,0.00,0.00,0.00,0.00,0.00,0.00,4680.00,2345.00,2339.00,0.00,4.00,0.00,0.00,0.00,0.00,0.00,0.00,3,2,1,0,0.00,0.00,0.00,0.00,0.00,0.00,0.00,0.00,0.00,0.00,0.00,0.00,0.00,0.00,0.00,0.00,0.00,0.00,0.00,0.00,0.00,0.00,0.00,0.00,0.00,0.00,0.00,0.00,0.00,0.00,0.00,0.00,0.00,0.00,0.00,0.00,0.00,0.00,0.00,0.00,0.00,0.00,0.00,0.00,0.00,0.00,0.00,0.00,0.00,0.00,0.00,0.00,0.00,56211.00,0.00,0.00,0.00,0.00,1995.37
0.00,0.00,0.50,0.00,0.00,0.00,9.05,0.00,0.00,90.45,0.00,374.00,0.00,0.00,0.00,0.00,0.00,0.00,26916.00,0.00,0.00,0.00,0.00,0.00,0.00,0.00,0.00,0.00,689296,1152568,1351424,66.22,47604,534464,3680260,180.34,839160,349724,188,606892,99780,7344,28720,0,0,0,0.00,0,0.00,0,0,0.00,26609,7584,36860,0,0,459,0.15,0.06,0.02,0,0.00,0.00,0.00,0.00,0.00,0.00,0.00,0.00,0.00,0.00,0.00,0.00,0.00,0.00,55212.00,2304.00,75523.34,130.50,0.00,0.00,0.00,0.00,0.00,0.00,0.00,1.00,0.00,0.00,0.00,0.00,0.00,0.00,0.00,0.00,0.00,0.00,0.00,0.00,0.00,0.00,0.00,0.00,0.00,0.00,0.00,0.00,0.00,0.00,722,3,5,0,0,0,55180.00,0.00,4602.00,2303.00,52877.00,2299.00,0.00,0.00,0.00,0.00,0.00,0.00,0.00,0.00,0.00,0.00,0.00,0.00,0.00,0.00,0.00,0.00,0.00,0.00,0.00,0.00,0.00,0.00,0.00,0.00,0.00,0.00,0.00,0.00,0.00,0.00,0.00,0.00,0.00,0.00,0.00,0.00,0.00,0.00,4599.00,2302.00,2301.00,0.00,4.00,0.00,0.00,0.00,0.00,0.00,0.00,3,2,1,0,0.00,0.00,0.00,0.00,0.00,0.00,0.00,0.00,0.00,0.00,0.00,0.00,0.00,0.00,0.00,0.00,0.00,0.00,0.00,0.00,0.00,0.00,0.00,0.00,0.00,0.00,0.00,0.00,0.00,0.00,0.00,0.00,0.00,0.00,0.00,0.00,0.00,0.00,0.00,0.00,0.00,0.00,0.00,0.00,0.00,0.00,0.00,0.00,0.00,0.00,0.00,0.00,0.00,55116.00,0.00,0.00,0.00,0.00,1995.37
0.00,0.00,0.51,2.55,0.00,0.00,6.63,0.00,0.00,90.31,0.00,367.00,0.00,0.00,0.00,12.00,0.00,0.00,27212.00,0.00,0.00,0.00,0.00,2.00,0.00,2.00,0.00,24.00,689328,1152656,1351392,66.22,47612,534476,3680260,180.34,839164,349776,200,606892,99780,7344,28720,0,0,0,0.00,0,0.00,0,0,0.00,26609,7584,36860,0,0,459,0.15,0.06,0.02,0,0.00,0.00,0.00,0.00,0.00,0.00,2.00,0.00,12.00,6.00,0.00,26.00,0.00,0.00,54027.00,2255.00,73914.00,127.72,0.00,0.00,0.00,0.00,0.00,0.00,0.00,0.00,0.00,0.00,0.00,0.00,0.00,0.00,0.00,0.00,0.00,0.00,0.00,0.00,0.00,0.00,0.00,0.00,0.00,0.00,0.00,0.00,0.00,0.00,722,3,5,0,0,0,54070.00,0.00,4503.00,2256.00,51819.00,2253.00,0.00,0.00,0.00,0.00,0.00,0.00,0.00,0.00,0.00,0.00,0.00,0.00,0.00,0.00,0.00,0.00,0.00,0.00,0.00,0.00,0.00,0.00,0.00,0.00,0.00,0.00,0.00,0.00,0.00,0.00,0.00,0.00,0.00,0.00,0.00,0.00,0.00,0.00,4504.00,2257.00,2250.00,0.00,3.00,0.00,0.00,0.00,0.00,0.00,0.00,3,2,1,0,0.00,0.00,0.00,0.00,0.00,0.00,0.00,0.00,0.00,0.00,0.00,0.00,0.00,0.00,0.00,0.00,0.00,0.00,0.00,0.00,0.00,0.00,0.00,0.00,0.00,0.00,0.00,0.00,0.00,0.00,0.00,0.00,0.00,0.00,0.00,0.00,0.00,0.00,0.00,0.00,0.00,0.00,0.00,0.00,0.00,0.00,0.00,0.00,0.00,0.00,0.00,0.00,0.00,54143.00,0.00,0.00,0.00,0.00,1995.37
0.51,0.00,0.00,0.00,0.00,0.00,6.67,0.00,0.00,92.82,0.00,344.00,0.00,0.00,0.00,0.00,0.00,0.00,26588.00,0.00,0.00,0.00,0.00,0.00,0.00,0.00,0.00,0.00,689296,1152624,1351424,66.22,47612,534492,3680260,180.34,839164,349776,216,606892,99780,7344,28720,0,0,0,0.00,0,0.00,0,0,0.00,26609,7584,36860,0,0,459,0.15,0.06,0.02,0,0.00,0.00,0.00,0.00,0.00,0.00,0.00,0.00,0.00,0.00,0.00,0.00,0.00,0.00,52734.00,2201.00,72140.91,124.67,0.00,0.00,0.00,0.00,0.00,0.00,0.00,1.00,0.00,0.00,0.00,0.00,0.00,0.00,0.00,0.00,0.00,0.00,0.00,0.00,0.00,0.00,0.00,0.00,0.00,0.00,0.00,0.00,0.00,0.00,722,3,5,0,0,0,52703.00,0.00,4391.00,2201.00,50508.00,2196.00,0.00,0.00,0.00,0.00,0.00,0.00,0.00,0.00,0.00,0.00,0.00,0.00,0.00,0.00,0.00,0.00,0.00,0.00,0.00,0.00,0.00,0.00,0.00,0.00,0.00,0.00,0.00,0.00,0.00,0.00,0.00,0.00,0.00,0.00,0.00,0.00,0.00,0.00,4390.00,2200.00,2195.00,0.00,5.00,0.00,0.00,0.00,0.00,0.00,0.00,3,2,1,0,0.00,0.00,0.00,0.00,0.00,0.00,0.00,0.00,0.00,0.00,0.00,0.00,0.00,0.00,0.00,0.00,0.00,0.00,0.00,0.00,0.00,0.00,0.00,0.00,0.00,0.00,0.00,0.00,0.00,0.00,0.00,0.00,0.00,0.00,0.00,0.00,0.00,0.00,0.00,0.00,0.00,0.00,0.00,0.00,0.00,0.00,0.00,0.00,0.00,0.00,0.00,0.00,0.00,52617.00,0.00,0.00,0.00,0.00,1995.37
0.49,0.00,0.49,0.00,0.00,0.00,9.36,0.00,0.00,89.66,0.00,376.00,0.00,0.00,0.00,0.00,0.00,0.00,25772.00,0.00,0.00,0.00,0.00,0.00,0.00,0.00,0.00,0.00,689204,1152532,1351516,66.23,47612,534508,3680260,180.34,839164,349776,232,606892,99780,7344,28720,0,0,0,0.00,0,0.00,0,0,0.00,26609,7584,36860,0,0,459,0.14,0.05,0.02,0,0.00,0.00,0.00,0.00,0.00,0.00,0.00,0.00,0.00,0.00,0.00,0.00,0.00,0.00,52466.00,2188.00,71779.48,123.93,0.00,0.00,0.00,0.00,0.00,0.00,0.00,0.00,0.00,0.00,0.00,0.00,0.00,0.00,0.00,0.00,0.00,0.00,0.00,0.00,0.00,0.00,0.00,0.00,0.00,0.00,0.00,0.00,0.00,0.00,722,3,5,0,0,0,52441.00,0.00,4371.00,2187.00,50255.00,2185.00,0.00,0.00,0.00,0.00,0.00,0.00,0.00,0.00,0.00,0.00,0.00,0.00,0.00,0.00,0.00,0.00,0.00,0.00,0.00,0.00,0.00,0.00,0.00,0.00,0.00,0.00,0.00,0.00,0.00,0.00,0.00,0.00,0.00,0.00,0.00,0.00,0.00,0.00,4374.00,2189.00,2187.00,0.00,2.00,0.00,0.00,0.00,0.00,0.00,0.00,3,2,1,0,0.00,0.00,0.00,0.00,0.00,0.00,0.00,0.00,0.00,0.00,0.00,0.00,0.00,0.00,0.00,0.00,0.00,0.00,0.00,0.00,0.00,0.00,0.00,0.00,0.00,0.00,0.00,0.00,0.00,0.00,0.00,0.00,0.00,0.00,0.00,0.00,0.00,0.00,0.00,0.00,0.00,0.00,0.00,0.00,0.00,0.00,0.00,0.00,0.00,0.00,0.00,0.00,0.00,52561.00,0.00,0.00,0.00,0.00,1995.37
0.00,0.00,0.00,0.00,0.51,0.00,6.67,0.00,0.00,92.82,0.00,361.00,0.00,0.00,0.00,0.00,0.00,0.00,25620.00,0.00,0.00,0.00,0.00,0.00,0.00,0.00,0.00,0.00,689172,1152556,1351548,66.23,47612,534524,3680260,180.34,839164,349832,248,606892,99780,7344,28720,0,0,0,0.00,0,0.00,0,0,0.00,26609,7584,36860,0,0,459,0.14,0.05,0.02,0,0.00,0.00,0.00,0.00,0.00,0.00,0.00,0.00,0.00,0.00,0.00,0.00,0.00,0.00,51588.00,2152.00,70565.23,121.89,0.00,0.00,0.00,0.00,0.00,0.00,0.00,1.00,0.00,0.00,0.00,0.00,0.00,0.00,0.00,0.00,0.00,0.00,0.00,0.00,0.00,0.00,0.00,0.00,0.00,0.00,0.00,0.00,0.00,0.00,722,3,5,0,0,0,51579.00,0.00,4300.00,2152.00,49427.00,2149.00,0.00,0.00,0.00,0.00,0.00,0.00,0.00,0.00,0.00,0.00,0.00,0.00,0.00,0.00,0.00,0.00,0.00,0.00,0.00,0.00,0.00,0.00,0.00,0.00,0.00,0.00,0.00,0.00,0.00,0.00,0.00,0.00,0.00,0.00,0.00,0.00,0.00,0.00,4299.00,2151.00,2151.00,0.00,3.00,0.00,0.00,0.00,0.00,0.00,0.00,3,2,1,0,0.00,0.00,0.00,0.00,0.00,0.00,0.00,0.00,0.00,0.00,0.00,0.00,0.00,0.00,0.00,0.00,0.00,0.00,0.00,0.00,0.00,0.00,0.00,0.00,0.00,0.00,0.00,0.00,0.00,0.00,0.00,0.00,0.00,0.00,0.00,0.00,0.00,0.00,0.00,0.00,0.00,0.00,0.00,0.00,0.00,0.00,0.00,0.00,0.00,0.00,0.00,0.00,0.00,51492.00,0.00,0.00,0.00,0.00,1995.37
0.50,0.00,0.00,0.00,0.00,0.00,8.04,0.00,0.00,91.46,0.00,367.00,0.00,0.00,0.00,0.00,0.00,0.00,25348.00,0.00,0.00,0.00,0.00,0.00,0.00,0.00,0.00,0.00,689268,1152652,1351452,66.22,47612,534524,3680260,180.34,839164,349832,248,606892,99780,7344,28720,0,0,0,0.00,0,0.00,0,0,0.00,26609,7584,36860,0,0,459,0.14,0.05,0.02,0,0.00,0.00,0.00,0.00,0.00,0.00,0.00,0.00,0.00,0.00,0.00,0.00,0.00,0.00,50814.00,2119.00,69514.54,120.02,0.00,0.00,0.00,0.00,0.00,0.00,0.00,0.00,0.00,0.00,0.00,0.00,0.00,0.00,0.00,0.00,0.00,0.00,0.00,0.00,0.00,0.00,0.00,0.00,0.00,0.00,0.00,0.00,0.00,0.00,722,3,5,0,0,0,50806.00,0.00,4230.00,2119.00,48691.00,2117.00,0.00,0.00,0.00,0.00,0.00,0.00,0.00,0.00,0.00,0.00,0.00,0.00,0.00,0.00,0.00,0.00,0.00,0.00,0.00,0.00,0.00,0.00,0.00,0.00,0.00,0.00,0.00,0.00,0.00,0.00,0.00,0.00,0.00,0.00,0.00,0.00,0.00,0.00,4228.00,2118.00,2112.00,0.00,2.00,0.00,0.00,0.00,0.00,0.00,0.00,3,2,1,0,0.00,0.00,0.00,0.00,0.00,0.00,0.00,0.00,0.00,0.00,0.00,0.00,0.00,0.00,0.00,0.00,0.00,0.00,0.00,0.00,0.00,0.00,0.00,0.00,0.00,0.00,0.00,0.00,0.00,0.00,0.00,0.00,0.00,0.00,0.00,0.00,0.00,0.00,0.00,0.00,0.00,0.00,0.00,0.00,0.00,0.00,0.00,0.00,0.00,0.00,0.00,0.00,0.00,50817.00,0.00,0.00,0.00,0.00,1995.37
0.50,0.00,0.50,4.52,0.00,0.00,7.54,0.00,0.00,86.93,0.00,380.20,0.00,0.00,0.00,11.88,0.99,0.00,24172.28,0.00,0.00,0.00,0.00,1.98,0.00,1.98,0.00,23.76,689268,1152656,1351452,66.22,47620,534556,3680260,180.34,839164,349832,280,606892,99784,7344,28720,0,0,0,0.00,0,0.00,0,0,0.00,26609,7584,36860,0,0,459,0.14,0.05,0.02,0,0.00,0.00,0.00,0.00,0.00,0.00,1.98,0.00,11.88,6.00,0.00,46.00,0.00,0.00,49030.69,2043.56,67070.33,115.75,0.00,0.00,0.00,0.00,0.00,0.00,0.00,0.99,0.00,0.00,0.00,0.00,0.00,0.00,0.00,0.00,0.00,0.00,0.00,0.00,0.00,0.00,0.00,0.00,0.00,0.00,0.00,0.00,0.00,0.00,722,3,5,0,0,0,49028.71,0.00,4091.09,2043.56,46980.20,2042.57,0.00,0.00,0.00,0.00,0.00,0.00,0.00,0.00,0.00,0.00,0.00,0.00,0.00,0.00,0.00,0.00,0.00,0.00,0.00,0.00,0.00,0.00,0.00,0.00,0.00,0.00,0.00,0.00,0.00,0.00,0.00,0.00,0.00,0.00,0.00,0.00,0.00,0.00,4093.07,2045.54,2048.51,0.00,0.99,0.00,0.00,0.00,0.00,0.00,0.00,3,2,1,0,0.00,0.00,0.00,0.00,0.00,0.00,0.00,0.00,0.00,0.00,0.00,0.00,0.00,0.00,0.00,0.00,0.00,0.00,0.00,0.00,0.00,0.00,0.00,0.00,0.00,0.00,0.00,0.00,0.00,0.00,0.00,0.00,0.00,0.00,0.00,0.00,0.00,0.00,0.00,0.00,0.00,0.00,0.00,0.00,0.00,0.00,0.00,0.00,0.00,0.00,0.00,0.00,0.00,49121.78,0.00,0.00,0.00,0.00,1995.37
0.51,0.00,0.00,0.00,0.00,0.00,7.58,0.00,0.00,91.92,0.00,353.00,0.00,0.00,0.00,0.00,0.00,0.00,24516.00,0.00,0.00,0.00,0.00,0.00,0.00,0.00,0.00,0.00,689108,1152552,1351612,66.23,47620,534572,3680260,180.34,839172,349880,296,606896,99784,7344,28720,0,0,0,0.00,0,0.00,0,0,0.00,26609,7584,36860,0,0,459,0.14,0.05,0.02,0,0.00,0.00,0.00,0.00,0.00,0.00,0.00,0.00,0.00,0.00,0.00,0.00,0.00,0.00,49055.00,2044.00,67117.05,115.77,0.00,0.00,0.00,0.00,0.00,0.00,0.00,1.00,0.00,0.00,0.00,0.00,0.00,0.00,0.00,0.00,0.00,0.00,0.00,0.00,0.00,0.00,0.00,0.00,0.00,0.00,0.00,0.00,0.00,0.00,722,3,5,0,0,0,49051.00,0.00,4083.00,2044.00,47011.00,2044.00,0.00,0.00,0.00,0.00,0.00,0.00,0.00,0.00,0.00,0.00,0.00,0.00,0.00,0.00,0.00,0.00,0.00,0.00,0.00,0.00,0.00,0.00,0.00,0.00,0.00,0.00,0.00,0.00,0.00,0.00,0.00,0.00,0.00,0.00,0.00,0.00,0.00,0.00,4082.00,2042.00,2040.00,0.00,0.00,0.00,0.00,0.00,0.00,0.00,0.00,3,2,1,0,0.00,0.00,0.00,0.00,0.00,0.00,0.00,0.00,0.00,0.00,0.00,0.00,0.00,0.00,0.00,0.00,0.00,0.00,0.00,0.00,0.00,0.00,0.00,0.00,0.00,0.00,0.00,0.00,0.00,0.00,0.00,0.00,0.00,0.00,0.00,0.00,0.00,0.00,0.00,0.00,0.00,0.00,0.00,0.00,0.00,0.00,0.00,0.00,0.00,0.00,0.00,0.00,0.00,48963.00,0.00,0.00,0.00,0.00,1995.37
0.50,0.00,0.00,0.00,0.00,0.00,8.04,0.00,0.00,91.46,0.00,360.00,0.00,0.00,0.00,0.00,0.00,0.00,24812.00,0.00,0.00,0.00,0.00,0.00,0.00,0.00,0.00,0.00,689140,1152584,1351580,66.23,47620,534572,3680260,180.34,839172,349880,296,606896,99784,7344,28720,0,0,0,0.00,0,0.00,0,0,0.00,26609,7584,36860,0,0,459,0.13,0.05,0.02,0,0.00,0.00,0.00,0.00,0.00,0.00,0.00,0.00,0.00,0.00,0.00,0.00,0.00,0.00,49037.00,2048.00,67084.10,116.00,0.00,0.00,0.00,0.00,0.00,0.00,0.00,1.00,0.00,0.00,0.00,0.00,0.00,0.00,0.00,0.00,0.00,0.00,0.00,0.00,0.00,0.00,0.00,0.00,0.00,0.00,0.00,0.00,0.00,0.00,722,3,5,0,0,0,49035.00,0.00,4089.00,2048.00,46989.00,2043.00,0.00,0.00,0.00,0.00,0.00,0.00,0.00,0.00,0.00,0.00,0.00,0.00,0.00,0.00,0.00,0.00,0.00,0.00,0.00,0.00,0.00,0.00,0.00,0.00,0.00,0.00,0.00,0.00,0.00,0.00,0.00,0.00,0.00,0.00,0.00,0.00,0.00,0.00,4088.00,2048.00,2045.00,0.00,5.00,0.00,0.00,0.00,0.00,0.00,0.00,3,2,1,0,0.00,0.00,0.00,0.00,0.00,0.00,0.00,0.00,0.00,0.00,0.00,0.00,0.00,0.00,0.00,0.00,0.00,0.00,0.00,0.00,0.00,0.00,0.00,0.00,0.00,0.00,0.00,0.00,0.00,0.00,0.00,0.00,0.00,0.00,0.00,0.00,0.00,0.00,0.00,0.00,0.00,0.00,0.00,0.00,0.00,0.00,0.00,0.00,0.00,0.00,0.00,0.00,0.00,49035.00,0.00,0.00,0.00,0.00,1995.37
0.00,0.00,0.50,0.00,0.00,0.00,8.04,0.00,0.00,91.46,0.00,367.00,0.00,0.00,0.00,0.00,0.00,0.00,24076.00,0.00,0.00,0.00,0.00,0.00,0.00,0.00,0.00,0.00,689172,1152616,1351548,66.23,47620,534604,3680260,180.34,839172,349880,328,606896,99784,7344,28720,0,0,0,0.00,0,0.00,0,0,0.00,26609,7584,36860,0,0,459,0.13,0.05,0.02,0,0.00,0.00,0.00,0.00,0.00,0.00,0.00,0.00,0.00,0.00,0.00,0.00,0.00,0.00,48219.00,2011.00,65967.58,113.90,0.00,0.00,0.00,0.00,0.00,0.00,0.00,0.00,0.00,0.00,0.00,0.00,0.00,0.00,0.00,0.00,0.00,0.00,0.00,0.00,0.00,0.00,0.00,0.00,0.00,0.00,0.00,0.00,0.00,0.00,722,3,5,0,0,0,48214.00,0.00,4016.00,2011.00,46207.00,2009.00,0.00,0.00,0.00,0.00,0.00,0.00,0.00,0.00,0.00,0.00,0.00,0.00,0.00,0.00,0.00,0.00,0.00,0.00,0.00,0.00,0.00,0.00,0.00,0.00,0.00,0.00,0.00,0.00,0.00,0.00,0.00,0.00,0.00,0.00,0.00,0.00,0.00,0.00,4016.00,2011.00,2007.00,0.00,2.00,0.00,0.00,0.00,0.00,0.00,0.00,3,2,1,0,0.00,0.00,0.00,0.00,0.00,0.00,0.00,0.00,0.00,0.00,0.00,0.00,0.00,0.00,0.00,0.00,0.00,0.00,0.00,0.00,0.00,0.00,0.00,0.00,0.00,0.00,0.00,0.00,0.00,0.00,0.00,0.00,0.00,0.00,0.00,0.00,0.00,0.00,0.00,0.00,0.00,0.00,0.00,0.00,0.00,0.00,0.00,0.00,0.00,0.00,0.00,0.00,0.00,48218.00,0.00,0.00,0.00,0.00,1995.37
0.50,0.00,0.00,0.00,0.50,0.00,8.00,0.00,0.00,91.00,0.00,372.00,0.00,0.00,0.00,0.00,0.00,0.00,22556.00,0.00,0.00,0.00,0.00,0.00,0.00,0.00,0.00,0.00,688984,1152428,1351736,66.24,47620,534616,3680260,180.34,839172,349880,340,606896,99784,7344,28720,0,0,0,0.00,0,0.00,0,0,0.00,26609,7584,36860,0,0,459,0.13,0.05,0.02,0,0.00,0.00,0.00,0.00,0.00,0.00,0.00,0.00,0.00,0.00,0.00,0.00,0.00,0.00,46369.00,1936.00,63439.22,109.64,0.00,0.00,0.00,0.00,0.00,0.00,0.00,1.00,0.00,0.00,0.00,0.00,0.00,0.00,0.00,0.00,0.00,0.00,0.00,0.00,0.00,0.00,0.00,0.00,0.00,0.00,0.00,0.00,0.00,0.00,722,3,5,0,0,0,46367.00,0.00,3862.00,1935.00,44436.00,1932.00,0.00,0.00,0.00,0.00,0.00,0.00,0.00,0.00,0.00,0.00,0.00,0.00,0.00,0.00,0.00,0.00,0.00,0.00,0.00,0.00,0.00,0.00,0.00,0.00,0.00,0.00,0.00,0.00,0.00,0.00,0.00,0.00,0.00,0.00,0.00,0.00,0.00,0.00,3863.00,1935.00,1931.00,0.00,3.00,0.00,0.00,0.00,0.00,0.00,0.00,3,2,1,0,0.00,0.00,0.00,0.00,0.00,0.00,0.00,0.00,0.00,0.00,0.00,0.00,0.00,0.00,0.00,0.00,0.00,0.00,0.00,0.00,0.00,0.00,0.00,0.00,0.00,0.00,0.00,0.00,0.00,0.00,0.00,0.00,0.00,0.00,0.00,0.00,0.00,0.00,0.00,0.00,0.00,0.00,0.00,0.00,0.00,0.00,0.00,0.00,0.00,0.00,0.00,0.00,0.00,46371.00,0.00,0.00,0.00,0.00,1995.37
0.00,0.00,0.50,0.50,0.00,0.00,8.46,0.00,0.00,90.55,0.00,389.00,0.00,0.00,0.00,12.00,0.00,0.00,23100.00,0.00,0.00,0.00,0.00,2.00,0.00,2.00,0.00,24.00,689048,1152548,1351672,66.24,47628,534632,3680260,180.34,839176,349932,356,606896,99784,7344,28720,0,0,0,0.00,0,0.00,0,0,0.00,26609,7584,36860,0,0,459,0.13,0.05,0.02,0,0.00,0.00,0.00,0.00,0.00,0.00,2.00,0.00,12.00,6.00,0.00,8.00,0.00,0.00,45651.00,1904.00,62454.12,107.84,0.00,0.00,0.00,0.00,0.00,0.00,0.00,0.00,0.00,0.00,0.00,0.00,0.00,0.00,0.00,0.00,0.00,0.00,0.00,0.00,0.00,0.00,0.00,0.00,0.00,0.00,0.00,0.00,0.00,0.00,722,3,5,0,0,0,45672.00,0.00,3806.00,1905.00,43769.00,1903.00,0.00,0.00,0.00,0.00,0.00,0.00,0.00,0.00,0.00,0.00,0.00,0.00,0.00,0.00,0.00,0.00,0.00,0.00,0.00,0.00,0.00,0.00,0.00,0.00,0.00,0.00,0.00,0.00,0.00,0.00,0.00,0.00,0.00,0.00,0.00,0.00,0.00,0.00,3807.00,1905.00,1904.00,0.00,2.00,0.00,0.00,0.00,0.00,0.00,0.00,3,2,1,0,0.00,0.00,0.00,0.00,0.00,0.00,0.00,0.00,0.00,0.00,0.00,0.00,0.00,0.00,0.00,0.00,0.00,0.00,0.00,0.00,0.00,0.00,0.00,0.00,0.00,0.00,0.00,0.00,0.00,0.00,0.00,0.00,0.00,0.00,0.00,0.00,0.00,0.00,0.00,0.00,0.00,0.00,0.00,0.00,0.00,0.00,0.00,0.00,0.00,0.00,0.00,0.00,0.00,45674.00,0.00,0.00,0.00,0.00,1995.37
0.00,0.00,0.00,0.00,0.00,0.00,7.07,0.00,0.00,92.93,0.00,365.00,0.00,0.00,0.00,0.00,0.00,0.00,22004.00,0.00,0.00,0.00,0.00,0.00,0.00,0.00,0.00,0.00,689144,1152644,1351576,66.23,47628,534648,3680260,180.34,839176,349932,372,606896,99784,7344,28720,0,0,0,0.00,0,0.00,0,0,0.00,26609,7584,36860,0,0,459,0.13,0.05,0.02,0,0.00,0.00,0.00,0.00,0.00,0.00,0.00,0.00,0.00,0.00,0.00,0.00,0.00,0.00,44742.00,1865.00,61206.54,105.63,0.00,0.00,0.00,0.00,0.00,0.00,0.00,1.00,0.00,0.00,0.00,0.00,0.00,0.00,0.00,0.00,0.00,0.00,0.00,0.00,0.00,0.00,0.00,0.00,0.00,0.00,0.00,0.00,0.00,0.00,722,3,5,0,0,0,44735.00,0.00,3726.00,1865.00,42872.00,1864.00,0.00,0.00,0.00,0.00,0.00,0.00,0.00,0.00,0.00,0.00,0.00,0.00,0.00,0.00,0.00,0.00,0.00,0.00,0.00,0.00,0.00,0.00,0.00,0.00,0.00,0.00,0.00,0.00,0.00,0.00,0.00,0.00,0.00,0.00,0.00,0.00,0.00,0.00,3728.00,1866.00,1863.00,0.00,1.00,0.00,0.00,0.00,0.00,0.00,0.00,3,2,1,0,0.00,0.00,0.00,0.00,0.00,0.00,0.00,0.00,0.00,0.00,0.00,0.00,0.00,0.00,0.00,0.00,0.00,0.00,0.00,0.00,0.00,0.00,0.00,0.00,0.00,0.00,0.00,0.00,0.00,0.00,0.00,0.00,0.00,0.00,0.00,0.00,0.00,0.00,0.00,0.00,0.00,0.00,0.00,0.00,0.00,0.00,0.00,0.00,0.00,0.00,0.00,0.00,0.00,44767.00,0.00,0.00,0.00,0.00,1995.37
0.50,0.00,0.00,0.00,0.00,0.00,8.46,0.00,0.00,91.04,0.00,371.00,0.00,0.00,0.00,0.00,0.00,0.00,21371.00,0.00,0.00,0.00,0.00,0.00,0.00,0.00,0.00,0.00,689140,1152640,1351580,66.23,47628,534664,3680260,180.34,839176,349932,388,606896,99784,7344,28720,0,0,0,0.00,0,0.00,0,0,0.00,26609,7584,36860,0,0,459,0.12,0.05,0.02,0,0.00,0.00,0.00,0.00,0.00,0.00,0.00,0.00,0.00,0.00,0.00,0.00,0.00,0.00,42219.00,1761.00,57758.71,99.74,0.00,0.00,0.00,0.00,0.00,0.00,0.00,0.00,0.00,0.00,0.00,0.00,0.00,0.00,0.00,0.00,0.00,0.00,0.00,0.00,0.00,0.00,0.00,0.00,0.00,0.00,0.00,0.00,0.00,0.00,722,3,5,0,0,0,42193.00,0.00,3517.00,1760.00,40434.00,1758.00,0.00,0.00,0.00,0.00,0.00,0.00,0.00,0.00,0.00,0.00,0.00,0.00,0.00,0.00,0.00,0.00,0.00,0.00,0.00,0.00,0.00,0.00,0.00,0.00,0.00,0.00,0.00,0.00,0.00,0.00,0.00,0.00,0.00,0.00,0.00,0.00,0.00,0.00,3514.00,1759.00,1757.00,0.00,2.00,0.00,0.00,0.00,0.00,0.00,0.00,3,2,1,0,0.00,0.00,0.00,0.00,0.00,0.00,0.00,0.00,0.00,0.00,0.00,0.00,0.00,0.00,0.00,0.00,0.00,0.00,0.00,0.00,0.00,0.00,0.00,0.00,0.00,0.00,0.00,0.00,0.00,0.00,0.00,0.00,0.00,0.00,0.00,0.00,0.00,0.00,0.00,0.00,0.00,0.00,0.00,0.00,0.00,0.00,0.00,0.00,0.00,0.00,0.00,0.00,0.00,42146.00,0.00,0.00,0.00,0.00,1995.37
0.00,0.00,0.00,0.00,0.49,0.00,9.76,0.00,0.00,89.76,0.00,361.00,0.00,0.00,0.00,0.00,0.00,0.00,21051.00,0.00,0.00,0.00,0.00,0.00,0.00,0.00,0.00,0.00,689204,1152760,1351516,66.23,47628,534680,3680260,180.34,839176,349988,404,606896,99788,7344,28720,0,0,0,0.00,0,0.00,0,0,0.00,26609,7584,36860,0,0,459,0.12,0.05,0.02,0,0.00,0.00,0.00,0.00,0.00,0.00,0.00,0.00,0.00,0.00,0.00,0.00,0.00,0.00,42628.00,1778.00,58316.86,100.71,0.00,0.00,0.00,0.00,0.00,0.00,0.00,1.00,0.00,0.00,0.00,0.00,0.00,0.00,0.00,0.00,0.00,0.00,0.00,0.00,0.00,0.00,0.00,0.00,0.00,0.00,0.00,0.00,0.00,0.00,722,3,5,0,1,0,42648.00,0.00,3554.00,1779.00,40871.00,1777.00,0.00,0.00,0.00,0.00,0.00,0.00,0.00,0.00,0.00,0.00,0.00,0.00,0.00,0.00,0.00,0.00,0.00,0.00,0.00,0.00,0.00,0.00,0.00,0.00,0.00,0.00,0.00,0.00,0.00,0.00,0.00,0.00,0.00,0.00,0.00,0.00,0.00,0.00,3553.00,1779.00,1776.00,0.00,2.00,0.00,0.00,0.00,0.00,0.00,0.00,3,2,1,0,0.00,0.00,0.00,0.00,0.00,0.00,0.00,0.00,0.00,0.00,0.00,0.00,0.00,0.00,0.00,0.00,0.00,0.00,0.00,0.00,0.00,0.00,0.00,0.00,0.00,0.00,0.00,0.00,0.00,0.00,0.00,0.00,0.00,0.00,0.00,0.00,0.00,0.00,0.00,0.00,0.00,0.00,0.00,0.00,0.00,0.00,0.00,0.00,0.00,0.00,0.00,0.00,0.00,42652.00,0.00,0.00,0.00,0.00,1995.37
0.00,0.00,0.50,0.00,0.00,0.00,7.54,0.00,0.00,91.96,0.00,328.00,0.00,0.00,0.00,0.00,0.00,0.00,21956.00,0.00,0.00,0.00,0.00,0.00,0.00,0.00,0.00,0.00,689172,1152728,1351548,66.23,47628,534680,3680260,180.34,839176,349988,404,606896,99788,7344,28720,0,0,0,0.00,0,0.00,0,0,0.00,26609,7584,36860,0,0,459,0.12,0.05,0.02,0,0.00,0.00,0.00,0.00,0.00,0.00,0.00,0.00,0.00,0.00,0.00,0.00,0.00,0.00,44191.00,1845.00,60451.36,104.50,0.00,0.00,0.00,0.00,0.00,0.00,0.00,0.00,0.00,0.00,0.00,0.00,0.00,0.00,0.00,0.00,0.00,0.00,0.00,0.00,0.00,0.00,0.00,0.00,0.00,0.00,0.00,0.00,0.00,0.00,722,3,5,0,0,0,44162.00,0.00,3682.00,1844.00,42320.00,1840.00,0.00,0.00,0.00,0.00,0.00,0.00,0.00,0.00,0.00,0.00,0.00,0.00,0.00,0.00,0.00,0.00,0.00,0.00,0.00,0.00,0.00,0.00,0.00,0.00,0.00,0.00,0.00,0.00,0.00,0.00,0.00,0.00,0.00,0.00,0.00,0.00,0.00,0.00,3682.00,1844.00,1842.00,0.00,4.00,0.00,0.00,0.00,0.00,0.00,0.00,3,2,1,0,0.00,0.00,0.00,0.00,0.00,0.00,0.00,0.00,0.00,0.00,0.00,0.00,0.00,0.00,0.00,0.00,0.00,0.00,0.00,0.00,0.00,0.00,0.00,0.00,0.00,0.00,0.00,0.00,0.00,0.00,0.00,0.00,0.00,0.00,0.00,0.00,0.00,0.00,0.00,0.00,0.00,0.00,0.00,0.00,0.00,0.00,0.00,0.00,0.00,0.00,0.00,0.00,0.00,44167.00,0.00,0.00,0.00,0.00,1995.37
0.50,0.00,0.00,2.51,0.00,0.00,7.04,0.00,0.00,89.95,0.00,382.00,0.00,0.00,0.00,12.00,0.00,0.00,19846.00,0.00,0.00,0.00,0.00,2.00,0.00,2.00,0.00,24.00,689108,1152664,1351612,66.23,47636,534712,3680260,180.34,839176,349988,436,606896,99788,7344,28720,0,0,0,0.00,0,0.00,0,0,0.00,26609,7584,36860,0,0,459,0.12,0.05,0.02,0,0.00,0.00,0.00,0.00,0.00,0.00,2.00,0.00,12.00,6.00,0.00,24.00,0.00,0.00,40999.00,1711.00,56084.31,96.91,0.00,0.00,0.00,0.00,0.00,0.00,0.00,1.00,0.00,0.00,0.00,0.00,0.00,0.00,0.00,0.00,0.00,0.00,0.00,0.00,0.00,0.00,0.00,0.00,0.00,0.00,0.00,0.00,0.00,0.00,722,3,5,0,0,0,41016.00,0.00,3417.00,1712.00,39307.00,1709.00,0.00,0.00,0.00,0.00,0.00,0.00,0.00,0.00,0.00,0.00,0.00,0.00,0.00,0.00,0.00,0.00,0.00,0.00,0.00,0.00,0.00,0.00,0.00,0.00,0.00,0.00,0.00,0.00,0.00,0.00,0.00,0.00,0.00,0.00,0.00,0.00,0.00,0.00,3419.00,1713.00,1709.00,0.00,3.00,0.00,0.00,0.00,0.00,0.00,0.00,3,2,1,0,0.00,0.00,0.00,0.00,0.00,0.00,0.00,0.00,0.00,0.00,0.00,0.00,0.00,0.00,0.00,0.00,0.00,0.00,0.00,0.00,0.00,0.00,0.00,0.00,0.00,0.00,0.00,0.00,0.00,0.00,0.00,0.00,0.00,0.00,0.00,0.00,0.00,0.00,0.00,0.00,0.00,0.00,0.00,0.00,0.00,0.00,0.00,0.00,0.00,0.00,0.00,0.00,0.00,41058.00,0.00,0.00,0.00,0.00,1995.37
0.00,0.00,0.51,0.00,0.00,0.00,5.58,0.00,0.00,93.91,0.00,336.00,0.00,0.00,0.00,0.00,0.00,0.00,20292.00,0.00,0.00,0.00,0.00,0.00,0.00,0.00,0.00,0.00,688984,1152596,1351736,66.24,47636,534728,3680260,180.34,839184,350036,452,606896,99788,7344,28720,0,0,0,0.00,0,0.00,0,0,0.00,26609,7584,36860,0,0,459,0.12,0.05,0.02,0,0.00,0.00,0.00,0.00,0.00,0.00,0.00,0.00,0.00,0.00,0.00,0.00,0.00,0.00,40514.00,1690.00,55427.19,95.72,0.00,0.00,0.00,0.00,0.00,0.00,0.00,0.00,0.00,0.00,0.00,0.00,0.00,0.00,0.00,0.00,0.00,0.00,0.00,0.00,0.00,0.00,0.00,0.00,0.00,0.00,0.00,0.00,0.00,0.00,722,3,5,0,0,0,40512.00,0.00,3376.00,1690.00,38824.00,1688.00,0.00,0.00,0.00,0.00,0.00,0.00,0.00,0.00,0.00,0.00,0.00,0.00,0.00,0.00,0.00,0.00,0.00,0.00,0.00,0.00,0.00,0.00,0.00,0.00,0.00,0.00,0.00,0.00,0.00,0.00,0.00,0.00,0.00,0.00,0.00,0.00,0.00,0.00,3374.00,1689.00,1687.00,0.00,2.00,0.00,0.00,0.00,0.00,0.00,0.00,3,2,1,0,0.00,0.00,0.00,0.00,0.00,0.00,0.00,0.00,0.00,0.00,0.00,0.00,0.00,0.00,0.00,0.00,0.00,0.00,0.00,0.00,0.00,0.00,0.00,0.00,0.00,0.00,0.00,0.00,0.00,0.00,0.00,0.00,0.00,0.00,0.00,0.00,0.00,0.00,0.00,0.00,0.00,0.00,0.00,0.00,0.00,0.00,0.00,0.00,0.00,0.00,0.00,0.00,0.00,40480.00,0.00,0.00,0.00,0.00,1995.37
0.00,0.00,0.00,0.00,0.00,0.00,7.11,0.00,0.00,92.89,0.00,355.00,0.00,0.00,0.00,0.00,0.00,0.00,19956.00,0.00,0.00,0.00,0.00,0.00,0.00,0.00,0.00,0.00,689080,1152692,1351640,66.23,47636,534728,3680260,180.34,839184,350036,452,606896,99788,7344,28720,0,0,0,0.00,0,0.00,0,0,0.00,26609,7584,36860,0,0,459,0.11,0.05,0.02,0,0.00,0.00,0.00,0.00,0.00,0.00,0.00,0.00,0.00,0.00,0.00,0.00,0.00,0.00,40272.00,1680.00,55098.71,95.15,0.00,0.00,0.00,0.00,0.00,0.00,0.00,1.00,0.00,0.00,0.00,0.00,0.00,0.00,0.00,0.00,0.00,0.00,0.00,0.00,0.00,0.00,0.00,0.00,0.00,0.00,0.00,0.00,0.00,0.00,722,3,5,0,0,0,40246.00,0.00,3352.00,1679.00,38571.00,1677.00,0.00,0.00,0.00,0.00,0.00,0.00,0.00,0.00,0.00,0.00,0.00,0.00,0.00,0.00,0.00,0.00,0.00,0.00,0.00,0.00,0.00,0.00,0.00,0.00,0.00,0.00,0.00,0.00,0.00,0.00,0.00,0.00,0.00,0.00,0.00,0.00,0.00,0.00,3353.00,1679.00,1676.00,0.00,2.00,0.00,0.00,0.00,0.00,0.00,0.00,3,2,1,0,0.00,0.00,0.00,0.00,0.00,0.00,0.00,0.00,0.00,0.00,0.00,0.00,0.00,0.00,0.00,0.00,0.00,0.00,0.00,0.00,0.00,0.00,0.00,0.00,0.00,0.00,0.00,0.00,0.00,0.00,0.00,0.00,0.00,0.00,0.00,0.00,0.00,0.00,0.00,0.00,0.00,0.00,0.00,0.00,0.00,0.00,0.00,0.00,0.00,0.00,0.00,0.00,0.00,40271.00,0.00,0.00,0.00,0.00,1995.37
0.00,0.00,0.48,0.00,0.48,0.00,10.10,0.00,0.00,88.94,0.00,384.00,0.00,0.00,0.00,0.00,0.00,0.00,19652.00,0.00,0.00,0.00,0.00,0.00,0.00,0.00,0.00,0.00,689080,1152692,1351640,66.23,47636,534756,3680260,180.34,839184,350036,480,606896,99788,7344,28720,0,0,0,0.00,0,0.00,0,0,0.00,26609,7584,36860,0,0,459,0.11,0.05,0.02,0,0.00,0.00,0.00,0.00,0.00,0.00,0.00,0.00,0.00,0.00,0.00,0.00,0.00,0.00,38861.00,1622.00,53161.78,91.87,0.00,0.00,0.00,0.00,0.00,0.00,0.00,0.00,0.00,0.00,0.00,0.00,0.00,0.00,0.00,0.00,0.00,0.00,0.00,0.00,0.00,0.00,0.00,0.00,0.00,0.00,0.00,0.00,0.00,0.00,722,3,5,0,0,0,38882.00,0.00,3241.00,1623.00,37260.00,1620.00,0.00,0.00,0.00,0.00,0.00,0.00,0.00,0.00,0.00,0.00,0.00,0.00,0.00,0.00,0.00,0.00,0.00,0.00,0.00,0.00,0.00,0.00,0.00,0.00,0.00,0.00,0.00,0.00,0.00,0.00,0.00,0.00,0.00,0.00,0.00,0.00,0.00,0.00,3240.00,1623.00,1620.00,0.00,3.00,0.00,0.00,0.00,0.00,0.00,0.00,3,2,1,0,0.00,0.00,0.00,0.00,0.00,0.00,0.00,0.00,0.00,0.00,0.00,0.00,0.00,0.00,0.00,0.00,0.00,0.00,0.00,0.00,0.00,0.00,0.00,0.00,0.00,0.00,0.00,0.00,0.00,0.00,0.00,0.00,0.00,0.00,0.00,0.00,0.00,0.00,0.00,0.00,0.00,0.00,0.00,0.00,0.00,0.00,0.00,0.00,0.00,0.00,0.00,0.00,0.00,38860.00,0.00,0.00,0.00,0.00,1995.37
0.50,0.00,0.00,0.00,0.00,0.00,7.50,0.00,0.00,92.00,0.00,373.00,0.00,0.00,0.00,0.00,0.00,0.00,18964.00,0.00,0.00,0.00,0.00,0.00,0.00,0.00,0.00,0.00,688952,1152564,1351768,66.24,47636,534772,3680260,180.34,839184,350036,496,606896,99788,7344,28720,0,0,0,0.00,0,0.00,0,0,0.00,26609,7584,36860,0,0,459,0.11,0.05,0.02,0,0.00,0.00,0.00,0.00,0.00,0.00,0.00,0.00,0.00,0.00,0.00,0.00,0.00,0.00,37829.00,1577.00,51749.77,89.32,0.00,0.00,0.00,0.00,0.00,0.00,0.00,3.00,0.00,0.00,0.00,0.00,0.00,0.00,0.00,0.00,0.00,0.00,0.00,0.00,0.00,0.00,0.00,0.00,0.00,0.00,0.00,0.00,0.00,0.00,722,3,5,0,1,0,37823.00,0.00,3150.00,1576.00,36248.00,1576.00,0.00,0.00,0.00,0.00,0.00,0.00,0.00,0.00,0.00,0.00,0.00,0.00,0.00,0.00,0.00,0.00,0.00,0.00,0.00,0.00,0.00,0.00,0.00,0.00,0.00,0.00,0.00,0.00,0.00,0.00,0.00,0.00,0.00,0.00,0.00,0.00,0.00,0.00,3152.00,1577.00,1576.00,0.00,1.00,0.00,0.00,0.00,0.00,0.00,0.00,3,2,1,0,0.00,0.00,0.00,0.00,0.00,0.00,0.00,0.00,0.00,0.00,0.00,0.00,0.00,0.00,0.00,0.00,0.00,0.00,0.00,0.00,0.00,0.00,0.00,0.00,0.00,0.00,0.00,0.00,0.00,0.00,0.00,0.00,0.00,0.00,0.00,0.00,0.00,0.00,0.00,0.00,0.00,0.00,0.00,0.00,0.00,0.00,0.00,0.00,0.00,0.00,0.00,0.00,0.00,37830.00,0.00,0.00,0.00,0.00,1995.37
0.50,0.00,0.00,7.50,0.00,0.00,7.00,0.00,0.00,85.00,0.00,369.00,0.00,0.00,0.00,12.00,0.00,0.00,19044.00,0.00,0.00,0.00,0.00,2.00,0.00,2.00,0.00,24.00,689144,1152812,1351576,66.23,47644,534788,3680260,180.34,839184,350092,512,606896,99788,7344,28720,0,0,0,0.00,0,0.00,0,0,0.00,26609,7584,36860,0,0,459,0.11,0.05,0.02,0,0.00,0.00,0.00,0.00,0.00,0.00,2.00,0.00,12.00,6.00,0.00,74.00,0.00,0.00,37663.00,1572.00,51519.99,89.04,0.00,0.00,0.00,0.00,0.00,0.00,0.00,0.00,0.00,0.00,0.00,0.00,0.00,0.00,0.00,0.00,0.00,0.00,0.00,0.00,0.00,0.00,0.00,0.00,0.00,0.00,0.00,0.00,0.00,0.00,722,3,5,0,0,0,37658.00,0.00,3141.00,1573.00,36087.00,1569.00,0.00,0.00,0.00,0.00,0.00,0.00,0.00,0.00,0.00,0.00,0.00,0.00,0.00,0.00,0.00,0.00,0.00,0.00,0.00,0.00,0.00,0.00,0.00,0.00,0.00,0.00,0.00,0.00,0.00,0.00,0.00,0.00,0.00,0.00,0.00,0.00,0.00,0.00,3139.00,1572.00,1570.00,0.00,3.00,0.00,0.00,0.00,0.00,0.00,0.00,3,2,1,0,0.00,0.00,0.00,0.00,0.00,0.00,0.00,0.00,0.00,0.00,0.00,0.00,0.00,0.00,0.00,0.00,0.00,0.00,0.00,0.00,0.00,0.00,0.00,0.00,0.00,0.00,0.00,0.00,0.00,0.00,0.00,0.00,0.00,0.00,0.00,0.00,0.00,0.00,0.00,0.00,0.00,0.00,0.00,0.00,0.00,0.00,0.00,0.00,0.00,0.00,0.00,0.00,0.00,37664.00,0.00,0.00,0.00,0.00,1995.37
0.00,0.00,0.50,0.00,0.00,0.00,7.50,0.00,0.00,92.00,0.00,356.00,0.00,0.00,0.00,0.00,0.00,0.00,17988.00,0.00,0.00,0.00,0.00,0.00,0.00,0.00,0.00,0.00,688984,1152652,1351736,66.24,47644,534804,3680260,180.34,839184,350092,528,606896,99788,7344,28720,0,0,0,0.00,0,0.00,0,0,0.00,26609,7584,36860,0,0,459,0.11,0.05,0.02,0,0.00,0.00,0.00,0.00,0.00,0.00,0.00,0.00,0.00,0.00,0.00,0.00,0.00,0.00,35953.00,1499.00,49188.42,84.90,0.00,0.00,0.00,0.00,0.00,0.00,0.00,1.00,0.00,0.00,0.00,0.00,0.00,0.00,0.00,0.00,0.00,0.00,0.00,0.00,0.00,0.00,0.00,0.00,0.00,0.00,0.00,0.00,0.00,0.00,722,3,5,0,0,0,35927.00,0.00,2992.00,1498.00,34431.00,1497.00,0.00,0.00,0.00,0.00,0.00,0.00,0.00,0.00,0.00,0.00,0.00,0.00,0.00,0.00,0.00,0.00,0.00,0.00,0.00,0.00,0.00,0.00,0.00,0.00,0.00,0.00,0.00,0.00,0.00,0.00,0.00,0.00,0.00,0.00,0.00,0.00,0.00,0.00,2992.00,1498.00,1495.00,0.00,1.00,0.00,0.00,0.00,0.00,0.00,0.00,3,2,1,0,0.00,0.00,0.00,0.00,0.00,0.00,0.00,0.00,0.00,0.00,0.00,0.00,0.00,0.00,0.00,0.00,0.00,0.00,0.00,0.00,0.00,0.00,0.00,0.00,0.00,0.00,0.00,0.00,0.00,0.00,0.00,0.00,0.00,0.00,0.00,0.00,0.00,0.00,0.00,0.00,0.00,0.00,0.00,0.00,0.00,0.00,0.00,0.00,0.00,0.00,0.00,0.00,0.00,35952.00,0.00,0.00,0.00,0.00,1995.37
0.00,0.00,0.00,0.00,0.00,0.00,6.06,0.00,0.00,93.94,0.00,343.00,0.00,0.00,0.00,0.00,0.00,0.00,17796.00,0.00,0.00,0.00,0.00,0.00,0.00,0.00,0.00,0.00,689104,1152780,1351616,66.23,47644,534820,3680260,180.34,839184,350092,544,606896,99800,7344,28720,0,0,0,0.00,0,0.00,0,0,0.00,26609,7584,36860,0,0,459,0.10,0.05,0.02,0,0.00,0.00,0.00,0.00,0.00,0.00,0.00,0.00,0.00,0.00,0.00,0.00,0.00,0.00,35164.00,1470.00,48104.87,83.24,0.00,0.00,0.00,0.00,0.00,0.00,0.00,0.00,0.00,0.00,0.00,0.00,0.00,0.00,0.00,0.00,0.00,0.00,0.00,0.00,0.00,0.00,0.00,0.00,0.00,0.00,0.00,0.00,0.00,0.00,722,3,5,0,0,0,35186.00,0.00,2934.00,1470.00,33718.00,1466.00,0.00,0.00,0.00,0.00,0.00,0.00,0.00,0.00,0.00,0.00,0.00,0.00,0.00,0.00,0.00,0.00,0.00,0.00,0.00,0.00,0.00,0.00,0.00,0.00,0.00,0.00,0.00,0.00,0.00,0.00,0.00,0.00,0.00,0.00,0.00,0.00,0.00,0.00,2934.00,1470.00,1468.00,0.00,4.00,0.00,0.00,0.00,0.00,0.00,0.00,3,2,1,0,0.00,0.00,0.00,0.00,0.00,0.00,0.00,0.00,0.00,0.00,0.00,0.00,0.00,0.00,0.00,0.00,0.00,0.00,0.00,0.00,0.00,0.00,0.00,0.00,0.00,0.00,0.00,0.00,0.00,0.00,0.00,0.00,0.00,0.00,0.00,0.00,0.00,0.00,0.00,0.00,0.00,0.00,0.00,0.00,0.00,0.00,0.00,0.00,0.00,0.00,0.00,0.00,0.00,35210.00,0.00,0.00,0.00,0.00,1995.37
0.00,0.00,0.49,0.00,0.49,0.00,7.88,0.00,0.00,91.13,0.00,364.00,0.00,0.00,0.00,0.00,0.00,0.00,16684.00,0.00,0.00,0.00,0.00,0.00,0.00,0.00,0.00,0.00,688976,1152652,1351744,66.24,47644,534820,3680260,180.34,839184,350092,544,606896,99800,7344,28720,0,0,0,0.00,0,0.00,0,0,0.00,26609,7584,36860,0,0,459,0.10,0.05,0.02,0,0.00,0.00,0.00,0.00,0.00,0.00,0.00,0.00,0.00,0.00,0.00,0.00,0.00,0.00,33819.00,1413.00,46266.02,80.03,0.00,0.00,0.00,0.00,0.00,0.00,0.00,1.00,0.00,0.00,0.00,0.00,0.00,0.00,0.00,0.00,0.00,0.00,0.00,0.00,0.00,0.00,0.00,0.00,0.00,0.00,0.00,0.00,0.00,0.00,722,3,5,0,0,0,33838.00,0.00,2818.00,1413.00,32430.00,1410.00,0.00,0.00,0.00,0.00,0.00,0.00,0.00,0.00,0.00,0.00,0.00,0.00,0.00,0.00,0.00,0.00,0.00,0.00,0.00,0.00,0.00,0.00,0.00,0.00,0.00,0.00,0.00,0.00,0.00,0.00,0.00,0.00,0.00,0.00,0.00,0.00,0.00,0.00,2819.00,1413.00,1409.00,0.00,3.00,0.00,0.00,0.00,0.00,0.00,0.00,3,2,1,0,0.00,0.00,0.00,0.00,0.00,0.00,0.00,0.00,0.00,0.00,0.00,0.00,0.00,0.00,0.00,0.00,0.00,0.00,0.00,0.00,0.00,0.00,0.00,0.00,0.00,0.00,0.00,0.00,0.00,0.00,0.00,0.00,0.00,0.00,0.00,0.00,0.00,0.00,0.00,0.00,0.00,0.00,0.00,0.00,0.00,0.00,0.00,0.00,0.00,0.00,0.00,0.00,0.00,33844.00,0.00,0.00,0.00,0.00,1995.37
0.00,0.00,0.50,0.00,0.00,0.00,6.53,0.00,0.00,92.96,0.00,352.00,0.00,0.00,0.00,552.00,0.00,0.00,16252.00,0.00,0.00,0.00,0.00,2.00,0.00,2.00,0.00,1104.00,688916,1152676,1351804,66.24,47644,534852,3680260,180.34,839200,350160,24,606896,99800,7344,28720,0,0,0,0.00,0,0.00,0,0,0.00,26609,7584,36860,0,0,459,0.10,0.05,0.02,0,0.00,0.00,0.00,0.00,0.00,0.00,2.00,0.00,552.00,276.00,0.00,4.00,0.00,0.00,32238.00,1344.00,44099.12,76.12,0.00,0.00,0.00,0.00,0.00,0.00,0.00,0.00,0.00,0.00,0.00,0.00,0.00,0.00,0.00,0.00,0.00,0.00,0.00,0.00,0.00,0.00,0.00,0.00,0.00,0.00,0.00,0.00,0.00,0.00,722,3,5,0,0,0,32188.00,0.00,2685.00,1343.00,30843.00,1341.00,0.00,0.00,0.00,0.00,0.00,0.00,0.00,0.00,0.00,0.00,0.00,0.00,0.00,0.00,0.00,0.00,0.00,0.00,0.00,0.00,0.00,0.00,0.00,0.00,0.00,0.00,0.00,0.00,0.00,0.00,0.00,0.00,0.00,0.00,0.00,0.00,0.00,0.00,2684.00,1343.00,1343.00,0.00,2.00,0.00,0.00,0.00,0.00,0.00,0.00,3,2,1,0,0.00,0.00,0.00,0.00,0.00,0.00,0.00,0.00,0.00,0.00,0.00,0.00,0.00,0.00,0.00,0.00,0.00,0.00,0.00,0.00,0.00,0.00,0.00,0.00,0.00,0.00,0.00,0.00,0.00,0.00,0.00,0.00,0.00,0.00,0.00,0.00,0.00,0.00,0.00,0.00,0.00,0.00,0.00,0.00,0.00,0.00,0.00,0.00,0.00,0.00,0.00,0.00,0.00,32143.00,0.00,0.00,0.00,0.00,1995.37
0.50,0.00,0.50,2.00,0.00,0.00,6.50,0.00,0.00,90.50,0.00,379.00,0.00,0.00,0.00,20.00,0.00,0.00,15998.00,0.00,0.00,0.00,0.00,2.00,0.00,2.00,0.00,40.00,688884,1152644,1351836,66.24,47652,534868,3680260,180.34,839200,350160,52,606896,99800,7344,28720,0,0,0,0.00,0,0.00,0,0,0.00,26609,7584,36860,0,0,459,0.10,0.05,0.02,0,0.00,0.00,0.00,0.00,0.00,0.00,2.00,0.00,20.00,10.00,0.00,24.00,0.00,0.00,32428.00,1352.00,44361.90,76.58,0.00,0.00,0.00,0.00,0.00,0.00,0.00,1.00,0.00,0.00,0.00,0.00,0.00,0.00,0.00,0.00,0.00,0.00,0.00,0.00,0.00,0.00,0.00,0.00,0.00,0.00,0.00,0.00,0.00,0.00,722,3,5,0,0,0,32424.00,0.00,2702.00,1352.00,31073.00,1351.00,0.00,0.00,0.00,0.00,0.00,0.00,0.00,0.00,0.00,0.00,0.00,0.00,0.00,0.00,0.00,0.00,0.00,0.00,0.00,0.00,0.00,0.00,0.00,0.00,0.00,0.00,0.00,0.00,0.00,0.00,0.00,0.00,0.00,0.00,0.00,0.00,0.00,0.00,2702.00,1353.00,1350.00,0.00,1.00,0.00,0.00,0.00,0.00,0.00,0.00,3,2,1,0,0.00,0.00,0.00,0.00,0.00,0.00,0.00,0.00,0.00,0.00,0.00,0.00,0.00,0.00,0.00,0.00,0.00,0.00,0.00,0.00,0.00,0.00,0.00,0.00,0.00,0.00,0.00,0.00,0.00,0.00,0.00,0.00,0.00,0.00,0.00,0.00,0.00,0.00,0.00,0.00,0.00,0.00,0.00,0.00,0.00,0.00,0.00,0.00,0.00,0.00,0.00,0.00,0.00,32450.00,0.00,0.00,0.00,0.00,1995.37
0.51,0.00,0.00,0.00,0.00,0.00,6.57,0.00,0.00,92.93,0.00,464.00,0.00,0.00,0.00,0.00,0.00,0.00,15412.00,0.00,0.00,0.00,0.00,0.00,0.00,0.00,0.00,0.00,688820,1152580,1351900,66.25,47652,534880,3680260,180.34,839200,350160,64,606896,99800,7344,28720,0,0,0,0.00,0,0.00,0,0,0.00,26609,7584,36860,0,0,459,0.10,0.05,0.02,0,0.00,0.00,0.00,0.00,0.00,0.00,0.00,0.00,0.00,0.00,0.00,0.00,0.00,0.00,30771.00,1283.00,42095.85,72.67,0.00,0.00,0.00,0.00,0.00,0.00,0.00,0.00,0.00,0.00,0.00,0.00,0.00,0.00,0.00,0.00,0.00,0.00,0.00,0.00,0.00,0.00,0.00,0.00,0.00,0.00,0.00,0.00,0.00,0.00,722,3,5,0,0,0,30791.00,0.00,2565.00,1284.00,29509.00,1283.00,0.00,0.00,0.00,0.00,0.00,0.00,0.00,0.00,0.00,0.00,0.00,0.00,0.00,0.00,0.00,0.00,0.00,0.00,0.00,0.00,0.00,0.00,0.00,0.00,0.00,0.00,0.00,0.00,0.00,0.00,0.00,0.00,0.00,0.00,0.00,0.00,0.00,0.00,2565.00,1283.00,1283.00,0.00,1.00,0.00,0.00,0.00,0.00,0.00,0.00,3,2,1,0,0.00,0.00,0.00,0.00,0.00,0.00,0.00,0.00,0.00,0.00,0.00,0.00,0.00,0.00,0.00,0.00,0.00,0.00,0.00,0.00,0.00,0.00,0.00,0.00,0.00,0.00,0.00,0.00,0.00,0.00,0.00,0.00,0.00,0.00,0.00,0.00,0.00,0.00,0.00,0.00,0.00,0.00,0.00,0.00,0.00,0.00,0.00,0.00,0.00,0.00,0.00,0.00,0.00,30750.00,0.00,0.00,0.00,0.00,1995.37
0.00,0.00,0.49,0.00,0.49,0.00,7.39,0.00,0.00,91.63,0.00,359.00,0.00,0.00,0.00,0.00,0.00,0.00,14276.00,0.00,0.00,0.00,0.00,0.00,0.00,0.00,0.00,0.00,688916,1152676,1351804,66.24,47652,534896,3680260,180.34,839200,350160,80,606896,99800,7344,28720,0,0,0,0.00,0,0.00,0,0,0.00,26609,7584,36860,0,0,459,0.09,0.05,0.02,0,0.00,0.00,0.00,0.00,0.00,0.00,0.00,0.00,0.00,0.00,0.00,0.00,0.00,0.00,29121.00,1213.00,39830.64,68.71,0.00,0.00,0.00,0.00,0.00,0.00,0.00,1.00,0.00,0.00,0.00,0.00,0.00,0.00,0.00,0.00,0.00,0.00,0.00,0.00,0.00,0.00,0.00,0.00,0.00,0.00,0.00,0.00,0.00,0.00,722,3,5,0,0,0,29114.00,0.00,2427.00,1213.00,27899.00,1213.00,0.00,0.00,0.00,0.00,0.00,0.00,0.00,0.00,0.00,0.00,0.00,0.00,0.00,0.00,0.00,0.00,0.00,0.00,0.00,0.00,0.00,0.00,0.00,0.00,0.00,0.00,0.00,0.00,0.00,0.00,0.00,0.00,0.00,0.00,0.00,0.00,0.00,0.00,2426.00,1213.00,1213.00,0.00,0.00,0.00,0.00,0.00,0.00,0.00,0.00,3,2,1,0,0.00,0.00,0.00,0.00,0.00,0.00,0.00,0.00,0.00,0.00,0.00,0.00,0.00,0.00,0.00,0.00,0.00,0.00,0.00,0.00,0.00,0.00,0.00,0.00,0.00,0.00,0.00,0.00,0.00,0.00,0.00,0.00,0.00,0.00,0.00,0.00,0.00,0.00,0.00,0.00,0.00,0.00,0.00,0.00,0.00,0.00,0.00,0.00,0.00,0.00,0.00,0.00,0.00,29143.00,0.00,0.00,0.00,0.00,1995.37
0.00,0.00,0.00,0.00,0.00,0.00,6.47,0.00,0.00,93.53,0.00,343.00,0.00,0.00,0.00,0.00,0.00,0.00,13940.00,0.00,0.00,0.00,0.00,0.00,0.00,0.00,0.00,0.00,688916,1152732,1351804,66.24,47652,534912,3680260,180.34,839208,350208,96,606896,99800,7344,28720,0,0,0,0.00,0,0.00,0,0,0.00,26609,7584,36860,0,0,459,0.09,0.05,0.02,0,0.00,0.00,0.00,0.00,0.00,0.00,0.00,0.00,0.00,0.00,0.00,0.00,0.00,0.00,28157.00,1178.00,38517.14,66.72,0.00,0.00,0.00,0.00,0.00,0.00,0.00,0.00,0.00,0.00,0.00,0.00,0.00,0.00,0.00,0.00,0.00,0.00,0.00,0.00,0.00,0.00,0.00,0.00,0.00,0.00,0.00,0.00,0.00,0.00,722,3,5,0,0,0,28154.00,0.00,2348.00,1178.00,26979.00,1173.00,0.00,0.00,0.00,0.00,0.00,0.00,0.00,0.00,0.00,0.00,0.00,0.00,0.00,0.00,0.00,0.00,0.00,0.00,0.00,0.00,0.00,0.00,0.00,0.00,0.00,0.00,0.00,0.00,0.00,0.00,0.00,0.00,0.00,0.00,0.00,0.00,0.00,0.00,2348.00,1178.00,1175.00,0.00,5.00,0.00,0.00,0.00,0.00,0.00,0.00,3,2,1,0,0.00,0.00,0.00,0.00,0.00,0.00,0.00,0.00,0.00,0.00,0.00,0.00,0.00,0.00,0.00,0.00,0.00,0.00,0.00,0.00,0.00,0.00,0.00,0.00,0.00,0.00,0.00,0.00,0.00,0.00,0.00,0.00,0.00,0.00,0.00,0.00,0.00,0.00,0.00,0.00,0.00,0.00,0.00,0.00,0.00,0.00,0.00,0.00,0.00,0.00,0.00,0.00,0.00,28180.00,0.00,0.00,0.00,0.00,1995.37
0.00,0.00,0.00,0.00,0.00,0.00,5.53,0.00,0.00,94.47,0.00,344.00,0.00,0.00,0.00,32.00,0.00,0.00,14604.00,0.00,0.00,0.00,0.00,6.00,0.00,6.00,0.00,64.00,688884,1152700,1351836,66.24,47652,534928,3680260,180.34,839208,350208,112,606896,99800,7344,28720,0,0,0,0.00,0,0.00,0,0,0.00,26609,7584,36860,0,0,459,0.09,0.05,0.02,0,0.00,0.00,0.00,0.00,0.00,0.00,6.00,0.00,32.00,5.33,0.00,0.00,0.00,0.00,28894.00,1206.00,39534.38,68.29,0.00,0.00,0.00,0.00,0.00,0.00,0.00,1.00,0.00,0.00,0.00,0.00,0.00,0.00,0.00,0.00,0.00,0.00,0.00,0.00,0.00,0.00,0.00,0.00,0.00,0.00,0.00,0.00,0.00,0.00,722,3,5,0,0,0,28869.00,0.00,2403.00,1204.00,27669.00,1203.00,0.00,0.00,0.00,0.00,0.00,0.00,0.00,0.00,0.00,0.00,0.00,0.00,0.00,0.00,0.00,0.00,0.00,0.00,0.00,0.00,0.00,0.00,0.00,0.00,0.00,0.00,0.00,0.00,0.00,0.00,0.00,0.00,0.00,0.00,0.00,0.00,0.00,0.00,2402.00,1204.00,1199.00,0.00,1.00,0.00,0.00,0.00,0.00,0.00,0.00,3,2,1,0,0.00,0.00,0.00,0.00,0.00,0.00,0.00,0.00,0.00,0.00,0.00,0.00,0.00,0.00,0.00,0.00,0.00,0.00,0.00,0.00,0.00,0.00,0.00,0.00,0.00,0.00,0.00,0.00,0.00,0.00,0.00,0.00,0.00,0.00,0.00,0.00,0.00,0.00,0.00,0.00,0.00,0.00,0.00,0.00,0.00,0.00,0.00,0.00,0.00,0.00,0.00,0.00,0.00,28826.00,0.00,0.00,0.00,0.00,1995.37
0.48,0.00,0.48,0.97,0.48,0.00,8.70,0.00,0.00,88.89,0.00,377.00,0.00,0.00,0.00,12.00,0.00,0.00,13884.00,0.00,0.00,0.00,0.00,2.00,0.00,2.00,0.00,24.00,688980,1152796,1351740,66.24,47660,534920,3680260,180.34,839208,350208,112,606896,99800,7344,28720,0,0,0,0.00,0,0.00,0,0,0.00,26609,7584,36860,0,0,459,0.09,0.05,0.02,0,0.00,0.00,0.00,0.00,0.00,0.00,2.00,0.00,12.00,6.00,0.00,12.00,0.00,0.00,27433.00,1144.00,37531.65,64.80,0.00,0.00,0.00,0.00,0.00,0.00,0.00,0.00,0.00,0.00,0.00,0.00,0.00,0.00,0.00,0.00,0.00,0.00,0.00,0.00,0.00,0.00,0.00,0.00,0.00,0.00,0.00,0.00,0.00,0.00,722,3,5,0,0,0,27433.00,0.00,2286.00,1144.00,26289.00,1143.00,0.00,0.00,0.00,0.00,0.00,0.00,0.00,0.00,0.00,0.00,0.00,0.00,0.00,0.00,0.00,0.00,0.00,0.00,0.00,0.00,0.00,0.00,0.00,0.00,0.00,0.00,0.00,0.00,0.00,0.00,0.00,0.00,0.00,0.00,0.00,0.00,0.00,0.00,2286.00,1144.00,1143.00,0.00,1.00,0.00,0.00,0.00,0.00,0.00,0.00,3,2,1,0,0.00,0.00,0.00,0.00,0.00,0.00,0.00,0.00,0.00,0.00,0.00,0.00,0.00,0.00,0.00,0.00,0.00,0.00,0.00,0.00,0.00,0.00,0.00,0.00,0.00,0.00,0.00,0.00,0.00,0.00,0.00,0.00,0.00,0.00,0.00,0.00,0.00,0.00,0.00,0.00,0.00,0.00,0.00,0.00,0.00,0.00,0.00,0.00,0.00,0.00,0.00,0.00,0.00,27456.00,0.00,0.00,0.00,0.00,1995.37
0.00,0.00,0.00,0.00,0.00,0.00,6.50,0.00,0.00,93.50,0.00,353.00,0.00,0.00,0.00,0.00,0.00,0.00,12708.00,0.00,0.00,0.00,0.00,0.00,0.00,0.00,0.00,0.00,688792,1152636,1351928,66.25,47660,534960,3680260,180.34,839208,350236,112,606896,99804,7344,28720,0,0,0,0.00,0,0.00,0,0,0.00,26609,7584,36860,0,0,459,0.09,0.05,0.02,0,0.00,0.00,0.00,0.00,0.00,0.00,0.00,0.00,0.00,0.00,0.00,0.00,0.00,0.00,25807.00,1078.00,35299.03,61.06,0.00,0.00,0.00,0.00,0.00,0.00,0.00,1.00,0.00,0.00,0.00,0.00,0.00,0.00,0.00,0.00,0.00,0.00,0.00,0.00,0.00,0.00,0.00,0.00,0.00,0.00,0.00,0.00,0.00,0.00,722,3,5,0,0,0,25802.00,0.00,2152.00,1078.00,24725.00,1075.00,0.00,0.00,0.00,0.00,0.00,0.00,0.00,0.00,0.00,0.00,0.00,0.00,0.00,0.00,0.00,0.00,0.00,0.00,0.00,0.00,0.00,0.00,0.00,0.00,0.00,0.00,0.00,0.00,0.00,0.00,0.00,0.00,0.00,0.00,0.00,0.00,0.00,0.00,2152.00,1078.00,1077.00,0.00,3.00,0.00,0.00,0.00,0.00,0.00,0.00,3,2,1,0,0.00,0.00,0.00,0.00,0.00,0.00,0.00,0.00,0.00,0.00,0.00,0.00,0.00,0.00,0.00,0.00,0.00,0.00,0.00,0.00,0.00,0.00,0.00,0.00,0.00,0.00,0.00,0.00,0.00,0.00,0.00,0.00,0.00,0.00,0.00,0.00,0.00,0.00,0.00,0.00,0.00,0.00,0.00,0.00,0.00,0.00,0.00,0.00,0.00,0.00,0.00,0.00,0.00,25806.00,0.00,0.00,0.00,0.00,1995.37
0.50,0.00,0.00,0.00,0.00,0.00,6.44,0.00,0.00,93.07,0.00,344.00,0.00,0.00,0.00,0.00,0.00,0.00,13244.00,0.00,0.00,0.00,0.00,0.00,0.00,0.00,0.00,0.00,688760,1152660,1351960,66.25,47660,534976,3680260,180.34,839216,350284,128,606896,99804,7344,28720,0,0,0,0.00,0,0.00,0,0,0.00,26609,7584,36860,0,0,459,0.08,0.05,0.02,0,0.00,0.00,0.00,0.00,0.00,0.00,0.00,0.00,0.00,0.00,0.00,0.00,0.00,0.00,26383.00,1100.00,36087.62,62.30,0.00,0.00,0.00,0.00,0.00,0.00,0.00,0.00,0.00,0.00,0.00,0.00,0.00,0.00,0.00,0.00,0.00,0.00,0.00,0.00,0.00,0.00,0.00,0.00,0.00,0.00,0.00,0.00,0.00,0.00,722,3,5,0,0,0,26382.00,0.00,2200.00,1100.00,25277.00,1099.00,0.00,0.00,0.00,0.00,0.00,0.00,0.00,0.00,0.00,0.00,0.00,0.00,0.00,0.00,0.00,0.00,0.00,0.00,0.00,0.00,0.00,0.00,0.00,0.00,0.00,0.00,0.00,0.00,0.00,0.00,0.00,0.00,0.00,0.00,0.00,0.00,0.00,0.00,2197.00,1100.00,1098.00,0.00,1.00,0.00,0.00,0.00,0.00,0.00,0.00,3,2,1,0,0.00,0.00,0.00,0.00,0.00,0.00,0.00,0.00,0.00,0.00,0.00,0.00,0.00,0.00,0.00,0.00,0.00,0.00,0.00,0.00,0.00,0.00,0.00,0.00,0.00,0.00,0.00,0.00,0.00,0.00,0.00,0.00,0.00,0.00,0.00,0.00,0.00,0.00,0.00,0.00,0.00,0.00,0.00,0.00,0.00,0.00,0.00,0.00,0.00,0.00,0.00,0.00,0.00,26361.00,0.00,0.00,0.00,0.00,1995.37
0.50,0.00,0.00,0.00,0.50,0.00,5.50,0.00,0.00,93.50,0.00,343.00,0.00,0.00,0.00,0.00,0.00,0.00,12236.00,0.00,0.00,0.00,0.00,0.00,0.00,0.00,0.00,0.00,688792,1152692,1351928,66.25,47660,534976,3680260,180.34,839216,350284,128,606896,99804,7344,28720,0,0,0,0.00,0,0.00,0,0,0.00,26609,7584,36860,0,0,459,0.08,0.05,0.02,0,0.00,0.00,0.00,0.00,0.00,0.00,0.00,0.00,0.00,0.00,0.00,0.00,0.00,0.00,24820.00,1037.00,33952.71,58.74,0.00,0.00,0.00,0.00,0.00,0.00,0.00,1.00,0.00,0.00,0.00,0.00,0.00,0.00,0.00,0.00,0.00,0.00,0.00,0.00,0.00,0.00,0.00,0.00,0.00,0.00,0.00,0.00,0.00,0.00,722,3,5,0,0,0,24841.00,0.00,2070.00,1038.00,23805.00,1035.00,0.00,0.00,0.00,0.00,0.00,0.00,0.00,0.00,0.00,0.00,0.00,0.00,0.00,0.00,0.00,0.00,0.00,0.00,0.00,0.00,0.00,0.00,0.00,0.00,0.00,0.00,0.00,0.00,0.00,0.00,0.00,0.00,0.00,0.00,0.00,0.00,0.00,0.00,2070.00,1038.00,1035.00,0.00,3.00,0.00,0.00,0.00,0.00,0.00,0.00,3,2,1,0,0.00,0.00,0.00,0.00,0.00,0.00,0.00,0.00,0.00,0.00,0.00,0.00,0.00,0.00,0.00,0.00,0.00,0.00,0.00,0.00,0.00,0.00,0.00,0.00,0.00,0.00,0.00,0.00,0.00,0.00,0.00,0.00,0.00,0.00,0.00,0.00,0.00,0.00,0.00,0.00,0.00,0.00,0.00,0.00,0.00,0.00,0.00,0.00,0.00,0.00,0.00,0.00,0.00,24891.00,0.00,0.00,0.00,0.00,1995.37
0.00,0.00,0.50,0.00,0.00,0.00,5.53,0.00,0.00,93.97,0.00,339.00,0.00,0.00,0.00,0.00,0.00,0.00,12172.00,0.00,0.00,0.00,0.00,0.00,0.00,0.00,0.00,0.00,688824,1152724,1351896,66.25,47660,535004,3680260,180.34,839216,350284,156,606896,99804,7344,28720,0,0,0,0.00,0,0.00,0,0,0.00,26609,7584,36860,0,0,459,0.08,0.05,0.02,0,0.00,0.00,0.00,0.00,0.00,0.00,0.00,0.00,0.00,0.00,0.00,0.00,0.00,0.00,25105.00,1046.00,34346.45,59.25,0.00,0.00,0.00,0.00,0.00,0.00,0.00,0.00,0.00,0.00,0.00,0.00,0.00,0.00,0.00,0.00,0.00,0.00,0.00,0.00,0.00,0.00,0.00,0.00,0.00,0.00,0.00,0.00,0.00,0.00,722,3,5,0,0,0,25080.00,0.00,2090.00,1045.00,24035.00,1045.00,0.00,0.00,0.00,0.00,0.00,0.00,0.00,0.00,0.00,0.00,0.00,0.00,0.00,0.00,0.00,0.00,0.00,0.00,0.00,0.00,0.00,0.00,0.00,0.00,0.00,0.00,0.00,0.00,0.00,0.00,0.00,0.00,0.00,0.00,0.00,0.00,0.00,0.00,2090.00,1046.00,1044.00,0.00,0.00,0.00,0.00,0.00,0.00,0.00,0.00,3,2,1,0,0.00,0.00,0.00,0.00,0.00,0.00,0.00,0.00,0.00,0.00,0.00,0.00,0.00,0.00,0.00,0.00,0.00,0.00,0.00,0.00,0.00,0.00,0.00,0.00,0.00,0.00,0.00,0.00,0.00,0.00,0.00,0.00,0.00,0.00,0.00,0.00,0.00,0.00,0.00,0.00,0.00,0.00,0.00,0.00,0.00,0.00,0.00,0.00,0.00,0.00,0.00,0.00,0.00,25079.00,0.00,0.00,0.00,0.00,1995.37
0.00,0.00,0.50,1.51,0.50,0.00,4.52,0.00,0.00,92.96,0.00,345.00,0.00,0.00,0.00,12.00,0.00,0.00,11134.00,0.00,0.00,0.00,0.00,2.00,0.00,2.00,0.00,24.00,688920,1152820,1351800,66.24,47668,535020,3680260,180.34,839216,350284,172,606896,99804,7344,28720,0,0,0,0.00,0,0.00,0,0,0.00,26609,7584,36860,0,0,459,0.08,0.05,0.02,0,0.00,0.00,0.00,0.00,0.00,0.00,2.00,0.00,12.00,6.00,0.00,16.00,0.00,0.00,23072.00,964.00,31555.80,54.60,0.00,0.00,0.00,0.00,0.00,0.00,0.00,1.00,0.00,0.00,0.00,0.00,0.00,0.00,0.00,0.00,0.00,0.00,0.00,0.00,0.00,0.00,0.00,0.00,0.00,0.00,0.00,0.00,0.00,0.00,722,3,5,0,0,0,23087.00,0.00,1922.00,965.00,22126.00,962.00,0.00,0.00,0.00,0.00,0.00,0.00,0.00,0.00,0.00,0.00,0.00,0.00,0.00,0.00,0.00,0.00,0.00,0.00,0.00,0.00,0.00,0.00,0.00,0.00,0.00,0.00,0.00,0.00,0.00,0.00,0.00,0.00,0.00,0.00,0.00,0.00,0.00,0.00,1923.00,964.00,962.00,0.00,3.00,0.00,0.00,0.00,0.00,0.00,0.00,3,2,1,0,0.00,0.00,0.00,0.00,0.00,0.00,0.00,0.00,0.00,0.00,0.00,0.00,0.00,0.00,0.00,0.00,0.00,0.00,0.00,0.00,0.00,0.00,0.00,0.00,0.00,0.00,0.00,0.00,0.00,0.00,0.00,0.00,0.00,0.00,0.00,0.00,0.00,0.00,0.00,0.00,0.00,0.00,0.00,0.00,0.00,0.00,0.00,0.00,0.00,0.00,0.00,0.00,0.00,23085.00,0.00,0.00,0.00,0.00,1995.37
0.50,0.00,0.00,0.00,0.00,0.00,5.97,0.00,0.00,93.53,0.00,343.00,0.00,0.00,0.00,0.00,0.00,0.00,10612.00,0.00,0.00,0.00,0.00,0.00,0.00,0.00,0.00,0.00,688792,1152748,1351928,66.25,47668,535036,3680260,180.34,839224,350332,188,606896,99804,7344,28720,0,0,0,0.00,0,0.00,0,0,0.00,26609,7584,36860,0,0,459,0.08,0.05,0.02,0,0.00,0.00,0.00,0.00,0.00,0.00,0.00,0.00,0.00,0.00,0.00,0.00,0.00,0.00,21797.00,910.00,29815.43,51.54,0.00,0.00,0.00,0.00,0.00,0.00,0.00,0.00,0.00,0.00,0.00,0.00,0.00,0.00,0.00,0.00,0.00,0.00,0.00,0.00,0.00,0.00,0.00,0.00,0.00,0.00,0.00,0.00,0.00,0.00,722,3,5,0,0,0,21772.00,0.00,1818.00,909.00,20861.00,907.00,0.00,0.00,0.00,0.00,0.00,0.00,0.00,0.00,0.00,0.00,0.00,0.00,0.00,0.00,0.00,0.00,0.00,0.00,0.00,0.00,0.00,0.00,0.00,0.00,0.00,0.00,0.00,0.00,0.00,0.00,0.00,0.00,0.00,0.00,0.00,0.00,0.00,0.00,1816.00,909.00,909.00,0.00,2.00,0.00,0.00,0.00,0.00,0.00,0.00,3,2,1,0,0.00,0.00,0.00,0.00,0.00,0.00,0.00,0.00,0.00,0.00,0.00,0.00,0.00,0.00,0.00,0.00,0.00,0.00,0.00,0.00,0.00,0.00,0.00,0.00,0.00,0.00,0.00,0.00,0.00,0.00,0.00,0.00,0.00,0.00,0.00,0.00,0.00,0.00,0.00,0.00,0.00,0.00,0.00,0.00,0.00,0.00,0.00,0.00,0.00,0.00,0.00,0.00,0.00,21737.00,0.00,0.00,0.00,0.00,1995.37
0.50,0.00,0.50,0.00,0.00,0.00,4.98,0.00,0.00,94.03,0.00,332.00,0.00,0.00,0.00,0.00,0.00,0.00,9684.00,0.00,0.00,0.00,0.00,0.00,0.00,0.00,0.00,0.00,688824,1152780,1351896,66.25,47668,535036,3680260,180.34,839224,350332,188,606896,99804,7344,28720,0,0,0,0.00,0,0.00,0,0,0.00,26609,7584,36860,0,0,459,0.08,0.05,0.02,0,0.00,0.00,0.00,0.00,0.00,0.00,0.00,0.00,0.00,0.00,0.00,0.00,0.00,0.00,20069.00,838.00,27451.14,47.46,0.00,0.00,0.00,0.00,0.00,0.00,0.00,1.00,0.00,0.00,0.00,0.00,0.00,0.00,0.00,0.00,0.00,0.00,0.00,0.00,0.00,0.00,0.00,0.00,0.00,0.00,0.00,0.00,0.00,0.00,722,3,5,0,0,0,20064.00,0.00,1672.00,838.00,19228.00,836.00,0.00,0.00,0.00,0.00,0.00,0.00,0.00,0.00,0.00,0.00,0.00,0.00,0.00,0.00,0.00,0.00,0.00,0.00,0.00,0.00,0.00,0.00,0.00,0.00,0.00,0.00,0.00,0.00,0.00,0.00,0.00,0.00,0.00,0.00,0.00,0.00,0.00,0.00,1673.00,838.00,837.00,0.00,2.00,0.00,0.00,0.00,0.00,0.00,0.00,3,2,1,0,0.00,0.00,0.00,0.00,0.00,0.00,0.00,0.00,0.00,0.00,0.00,0.00,0.00,0.00,0.00,0.00,0.00,0.00,0.00,0.00,0.00,0.00,0.00,0.00,0.00,0.00,0.00,0.00,0.00,0.00,0.00,0.00,0.00,0.00,0.00,0.00,0.00,0.00,0.00,0.00,0.00,0.00,0.00,0.00,0.00,0.00,0.00,0.00,0.00,0.00,0.00,0.00,0.00,20070.00,0.00,0.00,0.00,0.00,1995.37
0.00,0.00,0.00,0.00,0.50,0.00,5.00,0.00,0.00,94.50,0.00,331.00,0.00,0.00,0.00,0.00,0.00,0.00,10708.00,0.00,0.00,0.00,0.00,0.00,0.00,0.00,0.00,0.00,688636,1152592,1352084,66.26,47668,535068,3680260,180.34,839224,350332,220,606896,99804,7344,28720,0,0,0,0.00,0,0.00,0,0,0.00,26609,7584,36860,0,0,459,0.08,0.05,0.02,0,0.00,0.00,0.00,0.00,0.00,0.00,0.00,0.00,0.00,0.00,0.00,0.00,0.00,0.00,21244.00,887.00,29060.04,50.24,0.00,0.00,0.00,0.00,0.00,0.00,0.00,0.00,0.00,0.00,0.00,0.00,0.00,0.00,0.00,0.00,0.00,0.00,0.00,0.00,0.00,0.00,0.00,0.00,0.00,0.00,0.00,0.00,0.00,0.00,722,3,5,0,0,0,21263.00,0.00,1771.00,887.00,20378.00,886.00,0.00,0.00,0.00,0.00,0.00,0.00,0.00,0.00,0.00,0.00,0.00,0.00,0.00,0.00,0.00,0.00,0.00,0.00,0.00,0.00,0.00,0.00,0.00,0.00,0.00,0.00,0.00,0.00,0.00,0.00,0.00,0.00,0.00,0.00,0.00,0.00,0.00,0.00,1770.00,887.00,884.00,0.00,1.00,0.00,0.00,0.00,0.00,0.00,0.00,3,2,1,0,0.00,0.00,0.00,0.00,0.00,0.00,0.00,0.00,0.00,0.00,0.00,0.00,0.00,0.00,0.00,0.00,0.00,0.00,0.00,0.00,0.00,0.00,0.00,0.00,0.00,0.00,0.00,0.00,0.00,0.00,0.00,0.00,0.00,0.00,0.00,0.00,0.00,0.00,0.00,0.00,0.00,0.00,0.00,0.00,0.00,0.00,0.00,0.00,0.00,0.00,0.00,0.00,0.00,21313.00,0.00,0.00,0.00,0.00,1995.37
0.00,0.00,0.00,0.00,0.00,0.00,5.53,0.00,0.00,94.47,0.00,345.00,0.00,0.00,0.00,0.00,0.00,0.00,9876.00,0.00,0.00,0.00,0.00,0.00,0.00,0.00,0.00,0.00,688604,1152616,1352116,66.26,47668,535084,3680260,180.34,839224,350388,236,606896,99804,7344,28720,0,0,0,0.00,0,0.00,0,0,0.00,26609,7584,36860,0,0,459,0.08,0.05,0.02,0,0.00,0.00,0.00,0.00,0.00,0.00,0.00,0.00,0.00,0.00,0.00,0.00,0.00,0.00,19765.00,823.00,27024.85,46.62,0.00,0.00,0.00,0.00,0.00,0.00,0.00,1.00,0.00,0.00,0.00,0.00,0.00,0.00,0.00,0.00,0.00,0.00,0.00,0.00,0.00,0.00,0.00,0.00,0.00,0.00,0.00,0.00,0.00,0.00,722,3,5,0,0,0,19731.00,0.00,1646.00,823.00,18906.00,822.00,0.00,0.00,0.00,0.00,0.00,0.00,0.00,0.00,0.00,0.00,0.00,0.00,0.00,0.00,0.00,0.00,0.00,0.00,0.00,0.00,0.00,0.00,0.00,0.00,0.00,0.00,0.00,0.00,0.00,0.00,0.00,0.00,0.00,0.00,0.00,0.00,0.00,0.00,1646.00,823.00,824.00,0.00,1.00,0.00,0.00,0.00,0.00,0.00,0.00,3,2,1,0,0.00,0.00,0.00,0.00,0.00,0.00,0.00,0.00,0.00,0.00,0.00,0.00,0.00,0.00,0.00,0.00,0.00,0.00,0.00,0.00,0.00,0.00,0.00,0.00,0.00,0.00,0.00,0.00,0.00,0.00,0.00,0.00,0.00,0.00,0.00,0.00,0.00,0.00,0.00,0.00,0.00,0.00,0.00,0.00,0.00,0.00,0.00,0.00,0.00,0.00,0.00,0.00,0.00,19695.00,0.00,0.00,0.00,0.00,1995.37
0.50,0.00,0.50,5.00,0.50,0.00,4.00,0.00,0.00,89.50,0.00,368.00,0.00,0.00,0.00,12.00,0.00,0.00,9284.00,0.00,0.00,0.00,0.00,2.00,0.00,2.00,0.00,24.00,688604,1152620,1352116,66.26,47676,535100,3680260,180.34,839224,350388,252,606896,99808,7344,28720,0,0,0,0.00,0,0.00,0,0,0.00,26609,7584,36860,0,0,459,0.08,0.05,0.02,0,0.00,0.00,0.00,0.00,0.00,0.00,2.00,0.00,12.00,6.00,0.00,54.00,0.00,0.00,18745.00,781.00,25644.96,44.23,0.00,0.00,0.00,0.00,0.00,0.00,0.00,0.00,0.00,0.00,0.00,0.00,0.00,0.00,0.00,0.00,0.00,0.00,0.00,0.00,0.00,0.00,0.00,0.00,0.00,0.00,0.00,0.00,0.00,0.00,722,3,5,0,0,0,18762.00,0.00,1558.00,782.00,17986.00,782.00,0.00,0.00,0.00,0.00,0.00,0.00,0.00,0.00,0.00,0.00,0.00,0.00,0.00,0.00,0.00,0.00,0.00,0.00,0.00,0.00,0.00,0.00,0.00,0.00,0.00,0.00,0.00,0.00,0.00,0.00,0.00,0.00,0.00,0.00,0.00,0.00,0.00,0.00,1560.00,782.00,778.00,0.00,0.00,0.00,0.00,0.00,0.00,0.00,0.00,3,2,1,0,0.00,0.00,0.00,0.00,0.00,0.00,0.00,0.00,0.00,0.00,0.00,0.00,0.00,0.00,0.00,0.00,0.00,0.00,0.00,0.00,0.00,0.00,0.00,0.00,0.00,0.00,0.00,0.00,0.00,0.00,0.00,0.00,0.00,0.00,0.00,0.00,0.00,0.00,0.00,0.00,0.00,0.00,0.00,0.00,0.00,0.00,0.00,0.00,0.00,0.00,0.00,0.00,0.00,18771.00,0.00,0.00,0.00,0.00,1995.37
0.50,0.00,0.50,0.00,0.00,0.00,5.00,0.00,0.00,94.00,0.00,344.00,0.00,0.00,0.00,0.00,2.00,0.00,9492.00,0.00,0.00,0.00,0.00,0.00,0.00,0.00,0.00,0.00,688668,1152684,1352052,66.25,47676,535116,3680260,180.34,839224,350388,268,606896,99808,7344,28720,0,0,0,0.00,0,0.00,0,0,0.00,26609,7584,36860,0,0,459,0.08,0.05,0.02,0,0.00,0.00,0.00,0.00,0.00,0.00,0.00,0.00,0.00,0.00,0.00,0.00,0.00,0.00,18992.00,795.00,25973.67,45.03,0.00,0.00,0.00,0.00,0.00,0.00,0.00,1.00,0.00,0.00,0.00,0.00,0.00,0.00,0.00,0.00,0.00,0.00,0.00,0.00,0.00,0.00,0.00,0.00,0.00,0.00,0.00,0.00,0.00,0.00,722,3,5,0,1,0,18988.00,0.00,1585.00,794.00,18193.00,791.00,0.00,0.00,0.00,0.00,0.00,0.00,0.00,0.00,0.00,0.00,0.00,0.00,0.00,0.00,0.00,0.00,0.00,0.00,0.00,0.00,0.00,0.00,0.00,0.00,0.00,0.00,0.00,0.00,0.00,0.00,0.00,0.00,0.00,0.00,0.00,0.00,0.00,0.00,1584.00,795.00,793.00,0.00,4.00,0.00,0.00,0.00,0.00,0.00,0.00,3,2,1,0,0.00,0.00,0.00,0.00,0.00,0.00,0.00,0.00,0.00,0.00,0.00,0.00,0.00,0.00,0.00,0.00,0.00,0.00,0.00,0.00,0.00,0.00,0.00,0.00,0.00,0.00,0.00,0.00,0.00,0.00,0.00,0.00,0.00,0.00,0.00,0.00,0.00,0.00,0.00,0.00,0.00,0.00,0.00,0.00,0.00,0.00,0.00,0.00,0.00,0.00,0.00,0.00,0.00,18989.00,0.00,0.00,0.00,0.00,1995.37
0.00,0.00,0.00,0.00,0.50,0.00,4.02,0.00,0.00,95.48,0.00,341.00,0.00,0.00,0.00,0.00,0.00,0.00,8476.00,0.00,0.00,0.00,0.00,0.00,0.00,0.00,0.00,0.00,688636,1152696,1352084,66.26,47676,535128,3680260,180.34,839232,350424,280,606896,99808,7344,28720,0,0,0,0.00,0,0.00,0,0,0.00,26609,7584,36860,0,0,459,0.07,0.05,0.02,0,0.00,0.00,0.00,0.00,0.00,0.00,0.00,0.00,0.00,0.00,0.00,0.00,0.00,0.00,16828.00,701.00,23018.34,39.71,0.00,0.00,0.00,0.00,0.00,0.00,0.00,0.00,0.00,0.00,0.00,0.00,0.00,0.00,0.00,0.00,0.00,0.00,0.00,0.00,0.00,0.00,0.00,0.00,0.00,0.00,0.00,0.00,0.00,0.00,722,3,5,0,0,0,16825.00,0.00,1403.00,702.00,16123.00,701.00,0.00,0.00,0.00,0.00,0.00,0.00,0.00,0.00,0.00,0.00,0.00,0.00,0.00,0.00,0.00,0.00,0.00,0.00,0.00,0.00,0.00,0.00,0.00,0.00,0.00,0.00,0.00,0.00,0.00,0.00,0.00,0.00,0.00,0.00,0.00,0.00,0.00,0.00,1402.00,701.00,701.00,0.00,0.00,0.00,0.00,0.00,0.00,0.00,0.00,3,2,1,0,0.00,0.00,0.00,0.00,0.00,0.00,0.00,0.00,0.00,0.00,0.00,0.00,0.00,0.00,0.00,0.00,0.00,0.00,0.00,0.00,0.00,0.00,0.00,0.00,0.00,0.00,0.00,0.00,0.00,0.00,0.00,0.00,0.00,0.00,0.00,0.00,0.00,0.00,0.00,0.00,0.00,0.00,0.00,0.00,0.00,0.00,0.00,0.00,0.00,0.00,0.00,0.00,0.00,16875.00,0.00,0.00,0.00,0.00,1995.37
0.51,0.00,0.00,0.00,0.00,0.00,3.05,0.00,0.00,96.45,0.00,330.00,0.00,0.00,0.00,0.00,0.00,0.00,7972.00,0.00,0.00,0.00,0.00,0.00,0.00,0.00,0.00,0.00,688700,1152760,1352020,66.25,47676,535144,3680260,180.34,839232,350424,296,606896,99808,7344,28720,0,0,0,0.00,0,0.00,0,0,0.00,26609,7584,36860,0,0,459,0.07,0.05,0.02,0,0.00,0.00,0.00,0.00,0.00,0.00,0.00,0.00,0.00,0.00,0.00,0.00,0.00,0.00,16521.00,691.00,22591.65,39.14,0.00,0.00,0.00,0.00,0.00,0.00,0.00,1.00,0.00,0.00,0.00,0.00,0.00,0.00,0.00,0.00,0.00,0.00,0.00,0.00,0.00,0.00,0.00,0.00,0.00,0.00,0.00,0.00,0.00,0.00,722,3,5,0,1,0,16512.00,0.00,1375.00,690.00,15824.00,688.00,0.00,0.00,0.00,0.00,0.00,0.00,0.00,0.00,0.00,0.00,0.00,0.00,0.00,0.00,0.00,0.00,0.00,0.00,0.00,0.00,0.00,0.00,0.00,0.00,0.00,0.00,0.00,0.00,0.00,0.00,0.00,0.00,0.00,0.00,0.00,0.00,0.00,0.00,1376.00,691.00,688.00,0.00,3.00,0.00,0.00,0.00,0.00,0.00,0.00,3,2,1,0,0.00,0.00,0.00,0.00,0.00,0.00,0.00,0.00,0.00,0.00,0.00,0.00,0.00,0.00,0.00,0.00,0.00,0.00,0.00,0.00,0.00,0.00,0.00,0.00,0.00,0.00,0.00,0.00,0.00,0.00,0.00,0.00,0.00,0.00,0.00,0.00,0.00,0.00,0.00,0.00,0.00,0.00,0.00,0.00,0.00,0.00,0.00,0.00,0.00,0.00,0.00,0.00,0.00,16475.00,0.00,0.00,0.00,0.00,1995.37
0.00,0.00,0.50,0.00,0.00,0.00,3.50,0.00,0.00,96.00,0.00,310.00,0.00,0.00,0.00,0.00,0.00,0.00,6956.00,0.00,0.00,0.00,0.00,0.00,0.00,0.00,0.00,0.00,688604,1152664,1352116,66.26,47676,535160,3680260,180.34,839232,350424,312,606896,99808,7344,28720,0,0,0,0.00,0,0.00,0,0,0.00,26609,7584,36860,0,0,459,0.07,0.05,0.02,0,0.00,0.00,0.00,0.00,0.00,0.00,0.00,0.00,0.00,0.00,0.00,0.00,0.00,0.00,14163.00,591.00,19373.38,33.47,0.00,0.00,0.00,0.00,0.00,0.00,0.00,0.00,0.00,0.00,0.00,0.00,0.00,0.00,0.00,0.00,0.00,0.00,0.00,0.00,0.00,0.00,0.00,0.00,0.00,0.00,0.00,0.00,0.00,0.00,722,3,5,0,0,0,14136.00,0.00,1179.00,591.00,13547.00,589.00,0.00,0.00,0.00,0.00,0.00,0.00,0.00,0.00,0.00,0.00,0.00,0.00,0.00,0.00,0.00,0.00,0.00,0.00,0.00,0.00,0.00,0.00,0.00,0.00,0.00,0.00,0.00,0.00,0.00,0.00,0.00,0.00,0.00,0.00,0.00,0.00,0.00,0.00,1178.00,590.00,589.00,0.00,1.00,0.00,0.00,0.00,0.00,0.00,0.00,3,2,1,0,0.00,0.00,0.00,0.00,0.00,0.00,0.00,0.00,0.00,0.00,0.00,0.00,0.00,0.00,0.00,0.00,0.00,0.00,0.00,0.00,0.00,0.00,0.00,0.00,0.00,0.00,0.00,0.00,0.00,0.00,0.00,0.00,0.00,0.00,0.00,0.00,0.00,0.00,0.00,0.00,0.00,0.00,0.00,0.00,0.00,0.00,0.00,0.00,0.00,0.00,0.00,0.00,0.00,14139.00,0.00,0.00,0.00,0.00,1995.37
0.00,0.00,0.51,1.52,0.51,0.00,2.03,0.00,0.00,95.43,0.00,326.00,0.00,0.00,0.00,12.00,11.00,0.00,7454.00,0.00,0.00,0.00,0.00,2.00,0.00,2.00,0.00,24.00,688576,1152692,1352144,66.26,47684,535176,3680260,180.34,839240,350472,328,606896,99808,7344,28720,0,0,0,0.00,0,0.00,0,0,0.00,26609,7584,36860,0,0,459,0.07,0.05,0.02,0,0.00,0.00,0.00,0.00,0.00,0.00,2.00,0.00,12.00,6.00,0.00,14.00,0.00,0.00,14764.00,617.00,20194.45,34.95,0.00,0.00,0.00,0.00,0.00,0.00,0.00,1.00,0.00,0.00,0.00,0.00,0.00,0.00,0.00,0.00,0.00,0.00,0.00,0.00,0.00,0.00,0.00,0.00,0.00,0.00,0.00,0.00,0.00,0.00,722,3,5,0,0,0,14761.00,0.00,1230.00,617.00,14145.00,615.00,0.00,0.00,0.00,0.00,0.00,0.00,0.00,0.00,0.00,0.00,0.00,0.00,0.00,0.00,0.00,0.00,0.00,0.00,0.00,0.00,0.00,0.00,0.00,0.00,0.00,0.00,0.00,0.00,0.00,0.00,0.00,0.00,0.00,0.00,0.00,0.00,0.00,0.00,1230.00,617.00,615.00,0.00,2.00,0.00,0.00,0.00,0.00,0.00,0.00,3,2,1,0,0.00,0.00,0.00,0.00,0.00,0.00,0.00,0.00,0.00,0.00,0.00,0.00,0.00,0.00,0.00,0.00,0.00,0.00,0.00,0.00,0.00,0.00,0.00,0.00,0.00,0.00,0.00,0.00,0.00,0.00,0.00,0.00,0.00,0.00,0.00,0.00,0.00,0.00,0.00,0.00,0.00,0.00,0.00,0.00,0.00,0.00,0.00,0.00,0.00,0.00,0.00,0.00,0.00,14787.00,0.00,0.00,0.00,0.00,1995.37
0.50,0.00,0.00,0.00,0.00,0.00,4.48,0.00,0.00,95.02,0.00,320.00,0.00,0.00,0.00,0.00,0.00,0.00,6564.00,0.00,0.00,0.00,0.00,0.00,0.00,0.00,0.00,0.00,688576,1152692,1352144,66.26,47684,535192,3680260,180.34,839240,350472,344,606912,99808,7344,28720,0,0,0,0.00,0,0.00,0,0,0.00,26609,7584,36860,0,0,459,0.07,0.05,0.02,0,0.00,0.00,0.00,0.00,0.00,0.00,0.00,0.00,0.00,0.00,0.00,0.00,0.00,0.00,13541.00,565.00,18519.77,32.00,0.00,0.00,0.00,0.00,0.00,0.00,0.00,0.00,0.00,0.00,0.00,0.00,0.00,0.00,0.00,0.00,0.00,0.00,0.00,0.00,0.00,0.00,0.00,0.00,0.00,0.00,0.00,0.00,0.00,0.00,722,3,5,0,0,0,13535.00,0.00,1127.00,565.00,12972.00,564.00,0.00,0.00,0.00,0.00,0.00,0.00,0.00,0.00,0.00,0.00,0.00,0.00,0.00,0.00,0.00,0.00,0.00,0.00,0.00,0.00,0.00,0.00,0.00,0.00,0.00,0.00,0.00,0.00,0.00,0.00,0.00,0.00,0.00,0.00,0.00,0.00,0.00,0.00,1127.00,565.00,563.00,0.00,1.00,0.00,0.00,0.00,0.00,0.00,0.00,3,2,1,0,0.00,0.00,0.00,0.00,0.00,0.00,0.00,0.00,0.00,0.00,0.00,0.00,0.00,0.00,0.00,0.00,0.00,0.00,0.00,0.00,0.00,0.00,0.00,0.00,0.00,0.00,0.00,0.00,0.00,0.00,0.00,0.00,0.00,0.00,0.00,0.00,0.00,0.00,0.00,0.00,0.00,0.00,0.00,0.00,0.00,0.00,0.00,0.00,0.00,0.00,0.00,0.00,0.00,13518.00,0.00,0.00,0.00,0.00,1995.37
0.00,0.00,0.00,0.00,0.00,0.00,2.54,0.00,0.00,97.46,0.00,305.00,0.00,0.00,0.00,0.00,0.00,0.00,6084.00,0.00,0.00,0.00,0.00,0.00,0.00,0.00,0.00,0.00,688544,1152660,1352176,66.26,47684,535192,3680260,180.34,839240,350472,344,606912,99808,7344,28720,0,0,0,0.00,0,0.00,0,0,0.00,26609,7584,36860,0,0,459,0.06,0.05,0.02,0,0.00,0.00,0.00,0.00,0.00,0.00,0.00,0.00,0.00,0.00,0.00,0.00,0.00,0.00,12245.00,514.00,16746.63,29.11,0.00,0.00,0.00,0.00,0.00,0.00,0.00,1.00,0.00,0.00,0.00,0.00,0.00,0.00,0.00,0.00,0.00,0.00,0.00,0.00,0.00,0.00,0.00,0.00,0.00,0.00,0.00,0.00,0.00,0.00,722,3,5,0,0,0,12238.00,0.00,1018.00,514.00,11730.00,510.00,0.00,0.00,0.00,0.00,0.00,0.00,0.00,0.00,0.00,0.00,0.00,0.00,0.00,0.00,0.00,0.00,0.00,0.00,0.00,0.00,0.00,0.00,0.00,0.00,0.00,0.00,0.00,0.00,0.00,0.00,0.00,0.00,0.00,0.00,0.00,0.00,0.00,0.00,1019.00,514.00,509.00,0.00,4.00,0.00,0.00,0.00,0.00,0.00,0.00,3,2,1,0,0.00,0.00,0.00,0.00,0.00,0.00,0.00,0.00,0.00,0.00,0.00,0.00,0.00,0.00,0.00,0.00,0.00,0.00,0.00,0.00,0.00,0.00,0.00,0.00,0.00,0.00,0.00,0.00,0.00,0.00,0.00,0.00,0.00,0.00,0.00,0.00,0.00,0.00,0.00,0.00,0.00,0.00,0.00,0.00,0.00,0.00,0.00,0.00,0.00,0.00,0.00,0.00,0.00,12246.00,0.00,0.00,0.00,0.00,1995.37
0.50,0.00,0.50,0.00,0.50,0.00,3.47,0.00,0.00,95.05,0.00,368.00,0.00,0.00,0.00,0.00,0.00,0.00,5261.00,0.00,0.00,0.00,0.00,0.00,0.00,0.00,0.00,0.00,688576,1152748,1352144,66.26,47684,535224,3680260,180.34,839240,350528,376,606912,99808,7344,28720,0,0,0,0.00,0,0.00,0,0,0.00,26609,7584,36860,0,0,459,0.06,0.05,0.02,0,0.00,0.00,0.00,0.00,0.00,0.00,0.00,0.00,0.00,0.00,0.00,0.00,0.00,0.00,11001.00,459.00,15039.51,26.00,0.00,0.00,0.00,0.00,0.00,0.00,0.00,0.00,0.00,0.00,0.00,0.00,0.00,0.00,0.00,0.00,0.00,0.00,0.00,0.00,0.00,0.00,0.00,0.00,0.00,0.00,0.00,0.00,0.00,0.00,722,3,5,0,0,0,10992.00,0.00,915.00,459.00,10534.00,458.00,0.00,0.00,0.00,0.00,0.00,0.00,0.00,0.00,0.00,0.00,0.00,0.00,0.00,0.00,0.00,0.00,0.00,0.00,0.00,0.00,0.00,0.00,0.00,0.00,0.00,0.00,0.00,0.00,0.00,0.00,0.00,0.00,0.00,0.00,0.00,0.00,0.00,0.00,915.00,459.00,457.00,0.00,1.00,0.00,0.00,0.00,0.00,0.00,0.00,3,2,1,0,0.00,0.00,0.00,0.00,0.00,0.00,0.00,0.00,0.00,0.00,0.00,0.00,0.00,0.00,0.00,0.00,0.00,0.00,0.00,0.00,0.00,0.00,0.00,0.00,0.00,0.00,0.00,0.00,0.00,0.00,0.00,0.00,0.00,0.00,0.00,0.00,0.00,0.00,0.00,0.00,0.00,0.00,0.00,0.00,0.00,0.00,0.00,0.00,0.00,0.00,0.00,0.00,0.00,11024.00,0.00,0.00,0.00,0.00,1995.37
0.50,0.00,0.50,3.02,0.00,0.00,3.52,0.00,0.00,92.46,3.00,449.00,0.00,0.00,0.00,40.00,506.00,0.00,6242.00,0.00,0.00,0.00,0.00,3.00,0.00,3.00,0.00,80.00,688164,1152348,1352556,66.28,47692,535240,3684356,180.54,839332,350532,560,606948,99796,7344,28704,0,0,0,0.00,0,0.00,0,0,0.00,26609,7616,36860,0,0,459,0.06,0.05,0.02,0,0.00,0.00,0.00,0.00,0.00,0.00,3.00,0.00,40.00,13.33,0.00,22.67,0.00,0.00,11720.00,491.00,16024.43,27.79,0.00,0.00,0.00,0.00,0.00,0.00,0.00,3.00,0.00,0.00,0.00,0.00,0.00,0.00,0.00,0.00,0.00,0.00,0.00,0.00,0.00,0.00,0.00,0.00,0.00,0.00,0.00,0.00,0.00,0.00,722,3,5,0,0,0,11713.00,0.00,977.00,490.00,11224.00,488.00,0.00,0.00,0.00,0.00,0.00,0.00,0.00,0.00,0.00,0.00,0.00,0.00,0.00,0.00,0.00,0.00,0.00,0.00,0.00,0.00,0.00,0.00,0.00,0.00,0.00,0.00,0.00,0.00,0.00,0.00,0.00,0.00,0.00,0.00,0.00,0.00,0.00,0.00,976.00,490.00,489.00,0.00,2.00,0.00,0.00,0.00,0.00,0.00,0.00,3,2,1,0,0.00,0.00,0.00,0.00,0.00,0.00,0.00,0.00,0.00,0.00,0.00,0.00,0.00,0.00,0.00,0.00,0.00,0.00,0.00,0.00,0.00,0.00,0.00,0.00,0.00,0.00,0.00,0.00,0.00,0.00,0.00,0.00,0.00,0.00,0.00,0.00,0.00,0.00,0.00,0.00,0.00,0.00,0.00,0.00,0.00,0.00,0.00,0.00,0.00,0.00,0.00,0.00,0.00,11725.00,0.00,0.00,0.00,0.00,1995.37
