%usr,%nice,%sys,%iowait,%steal,%irq,%soft,%guest,%gnice,%idle,proc/s,cswch/s,pswpin/s,pswpout/s,pgpgin/s,pgpgout/s,fault/s,majflt/s,pgfree/s,pgscank/s,pgscand/s,pgsteal/s,%vmeff,tps,rtps,wtps,bread/s,bwrtn/s,kbmemfree,kbavail,kbmemused,%memused,kbbuffers,kbcached,kbcommit,%commit,kbactive,kbinact,kbdirty,kbanonpg,kbslab,kbkstack,kbpgtbl,kbvmused,kbswpfree,kbswpused,%swpused,kbswpcad,%swpcad,kbhugfree,kbhugused,%hugused,dentunusd,file-nr,inode-nr,pty-nr,runq-sz,plist-sz,ldavg-1,ldavg-5,ldavg-15,blocked,rcvin/s,xmtin/s,framerr/s,prtyerr/s,brk/s,ovrun/s,tps,rkB/s,wkB/s,areq-sz,aqu-sz,await,svctm,%util,rxpck/s,txpck/s,rxkB/s,txkB/s,rxcmp/s,txcmp/s,rxmcst/s,%ifutil,rxerr/s,txerr/s,coll/s,rxdrop/s,txdrop/s,txcarr/s,rxfram/s,rxfifo/s,txfifo/s,call/s,retrans/s,read/s,write/s,access/s,getatt/s,scall/s,badcall/s,packet/s,udp/s,tcp/s,hit/s,miss/s,sread/s,swrite/s,saccess/s,sgetatt/s,totsck,tcpsck,udpsck,rawsck,ip-frag,tcp-tw,irec/s,fwddgm/s,idel/s,orq/s,asmrq/s,asmok/s,fragok/s,fragcrt/s,ihdrerr/s,iadrerr/s,iukwnpr/s,idisc/s,odisc/s,onort/s,asmf/s,fragf/s,imsg/s,omsg/s,iech/s,iechr/s,oech/s,oechr/s,itm/s,itmr/s,otm/s,otmr/s,iadrmk/s,iadrmkr/s,oadrmk/s,oadrmkr/s,ierr/s,oerr/s,idstunr/s,odstunr/s,itmex/s,otmex/s,iparmpb/s,oparmpb/s,isrcq/s,osrcq/s,iredir/s,oredir/s,active/s,passive/s,iseg/s,oseg/s,atmptf/s,estres/s,retrans/s,isegerr/s,orsts/s,idgm/s,odgm/s,noport/s,idgmerr/s,tcp6sck,udp6sck,raw6sck,ip6-frag,irec6/s,fwddgm6/s,idel6/s,orq6/s,asmrq6/s,asmok6/s,imcpck6/s,omcpck6/s,fragok6/s,fragcr6/s,ihdrer6/s,iadrer6/s,iukwnp6/s,i2big6/s,idisc6/s,odisc6/s,inort6/s,onort6/s,asmf6/s,fragf6/s,itrpck6/s,imsg6/s,omsg6/s,iech6/s,iechr6/s,oechr6/s,igmbq6/s,igmbr6/s,ogmbr6/s,igmbrd6/s,ogmbrd6/s,irtsol6/s,ortsol6/s,irtad6/s,inbsol6/s,onbsol6/s,inbad6/s,onbad6/s,ierr6/s,idtunr6/s,odtunr6/s,itmex6/s,otmex6/s,iprmpb6/s,oprmpb6/s,iredir6/s,oredir6/s,ipck2b6/s,opck2b6/s,idgm6/s,odgm6/s,noport6/s,idgmer6/s,total/s,dropd/s,squeezd/s,rx_rps/s,flw_lim/s,MHz
0.51,0.00,0.00,0.00,0.51,0.00,3.54,0.00,0.00,95.45,0.00,367.00,0.00,0.00,0.00,0.00,31.00,0.00,16488.00,0.00,0.00,0.00,0.00,0.00,0.00,0.00,0.00,0.00,673980,1147276,1366740,66.97,47200,544552,3724400,182.50,843216,359672,248,611208,100992,7328,28992,0,0,0,0.00,0,0.00,0,0,0.00,26496,7648,36839,0,0,458,0.00,0.00,0.00,0,0.00,0.00,0.00,0.00,0.00,0.00,0.00,0.00,0.00,0.00,0.00,0.00,0.00,0.00,32491.00,0.00,47272.02,0.00,0.00,0.00,0.00,0.00,0.00,0.00,0.00,0.00,0.00,0.00,0.00,0.00,0.00,0.00,0.00,0.00,0.00,0.00,0.00,0.00,0.00,0.00,0.00,0.00,0.00,0.00,0.00,0.00,0.00,0.00,724,3,5,0,0,0,32490.00,0.00,722.00,0.00,32490.00,722.00,0.00,0.00,0.00,0.00,0.00,0.00,0.00,0.00,0.00,0.00,0.00,0.00,0.00,0.00,0.00,0.00,0.00,0.00,0.00,0.00,0.00,0.00,0.00,0.00,0.00,0.00,0.00,0.00,0.00,0.00,0.00,0.00,0.00,0.00,0.00,0.00,0.00,0.00,721.00,0.00,0.00,0.00,0.00,0.00,0.00,0.00,0.00,0.00,0.00,3,2,1,0,0.00,0.00,0.00,0.00,0.00,0.00,0.00,0.00,0.00,0.00,0.00,0.00,0.00,0.00,0.00,0.00,0.00,0.00,0.00,0.00,0.00,0.00,0.00,0.00,0.00,0.00,0.00,0.00,0.00,0.00,0.00,0.00,0.00,0.00,0.00,0.00,0.00,0.00,0.00,0.00,0.00,0.00,0.00,0.00,0.00,0.00,0.00,0.00,0.00,0.00,0.00,0.00,0.00,32446.00,0.00,0.00,0.00,0.00,1995.37
0.50,0.00,0.00,0.00,0.00,0.00,4.00,0.00,0.00,95.50,0.00,369.00,0.00,0.00,0.00,0.00,4.00,0.00,17281.00,0.00,0.00,0.00,0.00,0.00,0.00,0.00,0.00,0.00,674044,1147340,1366676,66.97,47200,544564,3724400,182.50,843216,359672,260,611216,100992,7328,28992,0,0,0,0.00,0,0.00,0,0,0.00,26496,7648,36839,0,0,458,0.00,0.00,0.00,0,0.00,0.00,0.00,0.00,0.00,0.00,0.00,0.00,0.00,0.00,0.00,0.00,0.00,0.00,34337.00,0.00,49956.50,0.00,0.00,0.00,0.00,0.00,0.00,0.00,0.00,1.00,0.00,0.00,0.00,0.00,0.00,0.00,0.00,0.00,0.00,0.00,0.00,0.00,0.00,0.00,0.00,0.00,0.00,0.00,0.00,0.00,0.00,0.00,724,3,5,0,0,0,34335.00,0.00,763.00,0.00,34335.00,763.00,0.00,0.00,0.00,0.00,0.00,0.00,0.00,0.00,0.00,0.00,0.00,0.00,0.00,0.00,0.00,0.00,0.00,0.00,0.00,0.00,0.00,0.00,0.00,0.00,0.00,0.00,0.00,0.00,0.00,0.00,0.00,0.00,0.00,0.00,0.00,0.00,0.00,0.00,763.00,0.00,0.00,0.00,0.00,0.00,0.00,0.00,0.00,0.00,0.00,3,2,1,0,0.00,0.00,0.00,0.00,0.00,0.00,0.00,0.00,0.00,0.00,0.00,0.00,0.00,0.00,0.00,0.00,0.00,0.00,0.00,0.00,0.00,0.00,0.00,0.00,0.00,0.00,0.00,0.00,0.00,0.00,0.00,0.00,0.00,0.00,0.00,0.00,0.00,0.00,0.00,0.00,0.00,0.00,0.00,0.00,0.00,0.00,0.00,0.00,0.00,0.00,0.00,0.00,0.00,34337.00,0.00,0.00,0.00,0.00,1995.37
0.00,0.00,0.00,0.00,0.51,0.00,3.55,0.00,0.00,95.94,0.00,371.00,0.00,0.00,0.00,0.00,0.00,0.00,16409.00,0.00,0.00,0.00,0.00,0.00,0.00,0.00,0.00,0.00,673980,1147276,1366740,66.97,47200,544580,3724400,182.50,843216,359672,276,611216,100992,7328,28992,0,0,0,0.00,0,0.00,0,0,0.00,26496,7648,36839,0,0,458,0.00,0.00,0.00,0,0.00,0.00,0.00,0.00,0.00,0.00,0.00,0.00,0.00,0.00,0.00,0.00,0.00,0.00,32581.00,0.00,47402.97,0.00,0.00,0.00,0.00,0.00,0.00,0.00,0.00,0.00,0.00,0.00,0.00,0.00,0.00,0.00,0.00,0.00,0.00,0.00,0.00,0.00,0.00,0.00,0.00,0.00,0.00,0.00,0.00,0.00,0.00,0.00,724,3,5,0,0,0,32625.00,0.00,725.00,0.00,32625.00,725.00,0.00,0.00,0.00,0.00,0.00,0.00,0.00,0.00,0.00,0.00,0.00,0.00,0.00,0.00,0.00,0.00,0.00,0.00,0.00,0.00,0.00,0.00,0.00,0.00,0.00,0.00,0.00,0.00,0.00,0.00,0.00,0.00,0.00,0.00,0.00,0.00,0.00,0.00,725.00,0.00,0.00,0.00,0.00,0.00,0.00,0.00,0.00,0.00,0.00,3,2,1,0,0.00,0.00,0.00,0.00,0.00,0.00,0.00,0.00,0.00,0.00,0.00,0.00,0.00,0.00,0.00,0.00,0.00,0.00,0.00,0.00,0.00,0.00,0.00,0.00,0.00,0.00,0.00,0.00,0.00,0.00,0.00,0.00,0.00,0.00,0.00,0.00,0.00,0.00,0.00,0.00,0.00,0.00,0.00,0.00,0.00,0.00,0.00,0.00,0.00,0.00,0.00,0.00,0.00,32626.00,0.00,0.00,0.00,0.00,1995.37
0.00,0.00,0.99,3.96,0.00,0.00,5.94,0.00,0.00,89.11,0.00,396.00,0.00,0.00,0.00,212.00,0.00,0.00,19025.00,0.00,0.00,0.00,0.00,45.00,0.00,45.00,0.00,424.00,674044,1147388,1366676,66.97,47200,544596,3724400,182.50,843224,359720,132,611216,100992,7328,28992,0,0,0,0.00,0,0.00,0,0,0.00,26496,7648,36839,0,0,458,0.00,0.00,0.00,0,0.00,0.00,0.00,0.00,0.00,0.00,45.00,0.00,212.00,4.71,0.33,9.33,1.60,7.20,37853.00,0.00,55063.79,0.00,0.00,0.00,0.00,0.00,0.00,0.00,0.00,1.00,0.00,0.00,0.00,0.00,0.00,0.00,0.00,0.00,0.00,0.00,0.00,0.00,0.00,0.00,0.00,0.00,0.00,0.00,0.00,0.00,0.00,0.00,724,3,5,0,0,0,37845.00,0.00,841.00,0.00,37845.00,841.00,0.00,0.00,0.00,0.00,0.00,0.00,0.00,0.00,0.00,0.00,0.00,0.00,0.00,0.00,0.00,0.00,0.00,0.00,0.00,0.00,0.00,0.00,0.00,0.00,0.00,0.00,0.00,0.00,0.00,0.00,0.00,0.00,0.00,0.00,0.00,0.00,0.00,0.00,842.00,0.00,0.00,0.00,0.00,0.00,0.00,0.00,0.00,0.00,0.00,3,2,1,0,0.00,0.00,0.00,0.00,0.00,0.00,0.00,0.00,0.00,0.00,0.00,0.00,0.00,0.00,0.00,0.00,0.00,0.00,0.00,0.00,0.00,0.00,0.00,0.00,0.00,0.00,0.00,0.00,0.00,0.00,0.00,0.00,0.00,0.00,0.00,0.00,0.00,0.00,0.00,0.00,0.00,0.00,0.00,0.00,0.00,0.00,0.00,0.00,0.00,0.00,0.00,0.00,0.00,37944.00,0.00,0.00,0.00,0.00,1995.37
0.00,0.00,0.51,0.00,0.00,0.00,4.57,0.00,0.00,94.92,0.00,377.00,0.00,0.00,0.00,0.00,0.00,0.00,18361.00,0.00,0.00,0.00,0.00,0.00,0.00,0.00,0.00,0.00,674076,1147420,1366644,66.97,47200,544612,3724400,182.50,843224,359720,84,611216,100992,7328,28992,0,0,0,0.00,0,0.00,0,0,0.00,26496,7648,36839,0,0,458,0.00,0.00,0.00,0,0.00,0.00,0.00,0.00,0.00,0.00,0.00,0.00,0.00,0.00,0.00,0.00,0.00,0.00,36451.00,0.00,53033.70,0.00,0.00,0.00,0.00,0.00,0.00,0.00,0.00,0.00,0.00,0.00,0.00,0.00,0.00,0.00,0.00,0.00,0.00,0.00,0.00,0.00,0.00,0.00,0.00,0.00,0.00,0.00,0.00,0.00,0.00,0.00,724,3,5,0,0,0,36405.00,0.00,809.00,0.00,36405.00,809.00,0.00,0.00,0.00,0.00,0.00,0.00,0.00,0.00,0.00,0.00,0.00,0.00,0.00,0.00,0.00,0.00,0.00,0.00,0.00,0.00,0.00,0.00,0.00,0.00,0.00,0.00,0.00,0.00,0.00,0.00,0.00,0.00,0.00,0.00,0.00,0.00,0.00,0.00,809.00,0.00,0.00,0.00,0.00,0.00,0.00,0.00,0.00,0.00,0.00,3,2,1,0,0.00,0.00,0.00,0.00,0.00,0.00,0.00,0.00,0.00,0.00,0.00,0.00,0.00,0.00,0.00,0.00,0.00,0.00,0.00,0.00,0.00,0.00,0.00,0.00,0.00,0.00,0.00,0.00,0.00,0.00,0.00,0.00,0.00,0.00,0.00,0.00,0.00,0.00,0.00,0.00,0.00,0.00,0.00,0.00,0.00,0.00,0.00,0.00,0.00,0.00,0.00,0.00,0.00,36315.00,0.00,0.00,0.00,0.00,1995.37
0.00,0.00,0.49,1.97,0.49,0.00,5.91,0.00,0.00,91.13,0.00,398.00,0.00,0.00,0.00,40.00,0.00,0.00,18369.00,0.00,0.00,0.00,0.00,2.00,0.00,2.00,0.00,80.00,673668,1147012,1367052,66.99,47208,544628,3724400,182.50,843224,359720,128,611216,100996,7328,28992,0,0,0,0.00,0,0.00,0,0,0.00,26496,7648,36839,0,0,458,0.00,0.00,0.00,0,0.00,0.00,0.00,0.00,0.00,0.00,2.00,0.00,40.00,20.00,0.00,24.00,0.00,0.00,36546.00,0.00,53164.94,0.00,0.00,0.00,0.00,0.00,0.00,0.00,0.00,1.00,0.00,0.00,0.00,0.00,0.00,0.00,0.00,0.00,0.00,0.00,0.00,0.00,0.00,0.00,0.00,0.00,0.00,0.00,0.00,0.00,0.00,0.00,724,3,5,0,0,0,36540.00,0.00,812.00,0.00,36540.00,812.00,0.00,0.00,0.00,0.00,0.00,0.00,0.00,0.00,0.00,0.00,0.00,0.00,0.00,0.00,0.00,0.00,0.00,0.00,0.00,0.00,0.00,0.00,0.00,0.00,0.00,0.00,0.00,0.00,0.00,0.00,0.00,0.00,0.00,0.00,0.00,0.00,0.00,0.00,811.00,0.00,0.00,0.00,0.00,0.00,0.00,0.00,0.00,0.00,0.00,3,2,1,0,0.00,0.00,0.00,0.00,0.00,0.00,0.00,0.00,0.00,0.00,0.00,0.00,0.00,0.00,0.00,0.00,0.00,0.00,0.00,0.00,0.00,0.00,0.00,0.00,0.00,0.00,0.00,0.00,0.00,0.00,0.00,0.00,0.00,0.00,0.00,0.00,0.00,0.00,0.00,0.00,0.00,0.00,0.00,0.00,0.00,0.00,0.00,0.00,0.00,0.00,0.00,0.00,0.00,36546.00,0.00,0.00,0.00,0.00,1995.37
0.00,0.00,0.50,0.00,0.00,0.00,5.94,0.00,0.00,93.56,0.00,384.00,0.00,0.00,0.00,0.00,0.00,0.00,17067.00,0.00,0.00,0.00,0.00,0.00,0.00,0.00,0.00,0.00,673668,1147012,1367052,66.99,47208,544640,3724400,182.50,843224,359720,140,611216,100996,7328,28992,0,0,0,0.00,0,0.00,0,0,0.00,26496,7648,36839,0,0,458,0.00,0.00,0.00,0,0.00,0.00,0.00,0.00,0.00,0.00,0.00,0.00,0.00,0.00,0.00,0.00,0.00,0.00,33887.00,0.00,49301.76,0.00,0.00,0.00,0.00,0.00,0.00,0.00,0.00,0.00,0.00,0.00,0.00,0.00,0.00,0.00,0.00,0.00,0.00,0.00,0.00,0.00,0.00,0.00,0.00,0.00,0.00,0.00,0.00,0.00,0.00,0.00,724,3,5,0,0,0,33885.00,0.00,753.00,0.00,33885.00,753.00,0.00,0.00,0.00,0.00,0.00,0.00,0.00,0.00,0.00,0.00,0.00,0.00,0.00,0.00,0.00,0.00,0.00,0.00,0.00,0.00,0.00,0.00,0.00,0.00,0.00,0.00,0.00,0.00,0.00,0.00,0.00,0.00,0.00,0.00,0.00,0.00,0.00,0.00,753.00,0.00,0.00,0.00,0.00,0.00,0.00,0.00,0.00,0.00,0.00,3,2,1,0,0.00,0.00,0.00,0.00,0.00,0.00,0.00,0.00,0.00,0.00,0.00,0.00,0.00,0.00,0.00,0.00,0.00,0.00,0.00,0.00,0.00,0.00,0.00,0.00,0.00,0.00,0.00,0.00,0.00,0.00,0.00,0.00,0.00,0.00,0.00,0.00,0.00,0.00,0.00,0.00,0.00,0.00,0.00,0.00,0.00,0.00,0.00,0.00,0.00,0.00,0.00,0.00,0.00,33887.00,0.00,0.00,0.00,0.00,1995.37
0.49,0.00,0.00,0.00,0.49,0.00,6.83,0.00,0.00,92.20,0.00,388.00,0.00,0.00,0.00,0.00,0.00,0.00,16737.00,0.00,0.00,0.00,0.00,0.00,0.00,0.00,0.00,0.00,673764,1147164,1366956,66.98,47208,544656,3724400,182.50,843232,359768,156,611216,100996,7328,28992,0,0,0,0.00,0,0.00,0,0,0.00,26496,7648,36839,0,0,458,0.00,0.00,0.00,0,0.00,0.00,0.00,0.00,0.00,0.00,0.00,0.00,0.00,0.00,0.00,0.00,0.00,0.00,33263.00,0.00,48385.48,0.00,0.00,0.00,0.00,0.00,0.00,0.00,0.00,1.00,0.00,0.00,0.00,0.00,0.00,0.00,0.00,0.00,0.00,0.00,0.00,0.00,0.00,0.00,0.00,0.00,0.00,0.00,0.00,0.00,0.00,0.00,724,3,5,0,0,0,33255.00,0.00,739.00,0.00,33255.00,739.00,0.00,0.00,0.00,0.00,0.00,0.00,0.00,0.00,0.00,0.00,0.00,0.00,0.00,0.00,0.00,0.00,0.00,0.00,0.00,0.00,0.00,0.00,0.00,0.00,0.00,0.00,0.00,0.00,0.00,0.00,0.00,0.00,0.00,0.00,0.00,0.00,0.00,0.00,739.00,0.00,0.00,0.00,0.00,0.00,0.00,0.00,0.00,0.00,0.00,3,2,1,0,0.00,0.00,0.00,0.00,0.00,0.00,0.00,0.00,0.00,0.00,0.00,0.00,0.00,0.00,0.00,0.00,0.00,0.00,0.00,0.00,0.00,0.00,0.00,0.00,0.00,0.00,0.00,0.00,0.00,0.00,0.00,0.00,0.00,0.00,0.00,0.00,0.00,0.00,0.00,0.00,0.00,0.00,0.00,0.00,0.00,0.00,0.00,0.00,0.00,0.00,0.00,0.00,0.00,33218.00,0.00,0.00,0.00,0.00,1995.37
0.00,0.00,0.50,0.00,0.00,0.00,5.47,0.00,0.00,94.03,0.00,382.00,0.00,0.00,0.00,0.00,0.00,0.00,15537.00,0.00,0.00,0.00,0.00,0.00,0.00,0.00,0.00,0.00,673732,1147132,1366988,66.99,47208,544672,3724400,182.50,843232,359768,172,611216,100996,7328,28992,0,0,0,0.00,0,0.00,0,0,0.00,26496,7648,36839,0,0,458,0.00,0.00,0.00,0,0.00,0.00,0.00,0.00,0.00,0.00,0.00,0.00,0.00,0.00,0.00,0.00,0.00,0.00,30917.00,0.00,44980.68,0.00,0.00,0.00,0.00,0.00,0.00,0.00,0.00,0.00,0.00,0.00,0.00,0.00,0.00,0.00,0.00,0.00,0.00,0.00,0.00,0.00,0.00,0.00,0.00,0.00,0.00,0.00,0.00,0.00,0.00,0.00,724,3,5,0,0,0,30916.00,0.00,688.00,0.00,30915.00,687.00,0.00,0.00,0.00,0.00,0.00,0.00,0.00,0.00,0.00,0.00,0.00,0.00,0.00,0.00,0.00,0.00,0.00,0.00,0.00,0.00,0.00,0.00,0.00,0.00,0.00,0.00,0.00,0.00,0.00,0.00,0.00,0.00,0.00,0.00,0.00,0.00,0.00,0.00,687.00,0.00,0.00,0.00,0.00,0.00,0.00,0.00,0.00,0.00,0.00,3,2,1,0,0.00,0.00,0.00,0.00,0.00,0.00,0.00,0.00,0.00,0.00,0.00,0.00,0.00,0.00,0.00,0.00,0.00,0.00,0.00,0.00,0.00,0.00,0.00,0.00,0.00,0.00,0.00,0.00,0.00,0.00,0.00,0.00,0.00,0.00,0.00,0.00,0.00,0.00,0.00,0.00,0.00,0.00,0.00,0.00,0.00,0.00,0.00,0.00,0.00,0.00,0.00,0.00,0.00,30962.00,0.00,0.00,0.00,0.00,1995.37
0.00,0.00,0.49,0.00,0.49,0.00,6.37,0.00,0.00,92.65,0.00,309.00,0.00,0.00,0.00,0.00,0.00,0.00,15091.00,0.00,0.00,0.00,0.00,0.00,0.00,0.00,0.00,0.00,673700,1147100,1367020,66.99,47208,544688,3724400,182.50,843232,359768,188,611216,100996,7328,28992,0,0,0,0.00,0,0.00,0,0,0.00,26496,7648,36839,0,0,458,0.00,0.00,0.00,0,0.00,0.00,0.00,0.00,0.00,0.00,0.00,0.00,0.00,0.00,0.00,0.00,0.00,0.00,30020.00,0.00,43671.27,0.00,0.00,0.00,0.00,0.00,0.00,0.00,0.00,1.00,0.00,0.00,0.00,0.00,0.00,0.00,0.00,0.00,0.00,0.00,0.00,0.00,0.00,0.00,0.00,0.00,0.00,0.00,0.00,0.00,0.00,0.00,724,3,5,0,0,0,30017.00,0.00,669.00,0.00,30015.00,667.00,0.00,0.00,0.00,0.00,0.00,0.00,0.00,0.00,0.00,0.00,0.00,0.00,0.00,0.00,0.00,0.00,0.00,0.00,0.00,0.00,0.00,0.00,0.00,0.00,0.00,0.00,0.00,0.00,0.00,0.00,0.00,0.00,0.00,0.00,0.00,0.00,0.00,0.00,667.00,0.00,0.00,0.00,0.00,0.00,0.00,0.00,0.00,0.00,0.00,3,2,1,0,0.00,0.00,0.00,0.00,0.00,0.00,0.00,0.00,0.00,0.00,0.00,0.00,0.00,0.00,0.00,0.00,0.00,0.00,0.00,0.00,0.00,0.00,0.00,0.00,0.00,0.00,0.00,0.00,0.00,0.00,0.00,0.00,0.00,0.00,0.00,0.00,0.00,0.00,0.00,0.00,0.00,0.00,0.00,0.00,0.00,0.00,0.00,0.00,0.00,0.00,0.00,0.00,0.00,30020.00,0.00,0.00,0.00,0.00,1995.37
0.50,0.00,0.50,2.49,0.00,0.00,3.48,0.00,0.00,93.03,0.00,311.00,0.00,0.00,0.00,12.00,0.00,0.00,13867.00,0.00,0.00,0.00,0.00,2.00,0.00,2.00,0.00,24.00,673732,1147188,1366988,66.99,47216,544696,3724400,182.50,843232,359824,204,611216,100996,7328,28992,0,0,0,0.00,0,0.00,0,0,0.00,26496,7648,36839,0,0,458,0.00,0.00,0.00,0,0.00,0.00,0.00,0.00,0.00,0.00,2.00,0.00,12.00,6.00,0.00,26.00,0.00,0.00,27548.00,1.00,40070.39,0.04,0.00,0.00,0.00,0.00,0.00,0.00,0.00,2.00,0.00,0.00,0.00,0.00,0.00,0.00,0.00,0.00,0.00,0.00,0.00,0.00,0.00,0.00,0.00,0.00,0.00,0.00,0.00,0.00,0.00,0.00,724,3,5,0,0,0,27541.00,0.00,613.00,0.00,27540.00,612.00,0.00,0.00,0.00,0.00,0.00,0.00,0.00,0.00,0.00,0.00,0.00,0.00,0.00,0.00,0.00,0.00,0.00,0.00,0.00,0.00,0.00,0.00,0.00,0.00,0.00,0.00,0.00,0.00,0.00,0.00,0.00,0.00,0.00,0.00,0.00,0.00,0.00,0.00,612.00,0.00,0.00,0.00,0.00,0.00,0.00,0.00,0.00,0.00,0.00,3,2,1,0,0.00,0.00,0.00,0.00,0.00,0.00,0.00,0.00,0.00,0.00,0.00,0.00,0.00,0.00,0.00,0.00,0.00,0.00,0.00,0.00,0.00,0.00,0.00,0.00,0.00,0.00,0.00,0.00,0.00,0.00,0.00,0.00,0.00,0.00,0.00,0.00,0.00,0.00,0.00,0.00,0.00,0.00,0.00,0.00,0.00,0.00,0.00,0.00,0.00,0.00,0.00,0.00,0.00,27548.00,0.00,0.00,0.00,0.00,1995.37
0.00,0.00,0.00,0.00,0.00,0.00,3.54,0.00,0.00,96.46,0.00,306.00,0.00,0.00,0.00,0.00,0.00,0.00,13331.00,0.00,0.00,0.00,0.00,0.00,0.00,0.00,0.00,0.00,673700,1147156,1367020,66.99,47216,544716,3724400,182.50,843232,359824,220,611216,100996,7328,28992,0,0,0,0.00,0,0.00,0,0,0.00,26496,7648,36839,0,0,458,0.00,0.00,0.00,0,0.00,0.00,0.00,0.00,0.00,0.00,0.00,0.00,0.00,0.00,0.00,0.00,0.00,0.00,26511.00,0.00,38564.35,0.00,0.00,0.00,0.00,0.00,0.00,0.00,0.00,1.00,0.00,0.00,0.00,0.00,0.00,0.00,0.00,0.00,0.00,0.00,0.00,0.00,0.00,0.00,0.00,0.00,0.00,0.00,0.00,0.00,0.00,0.00,724,3,5,0,0,0,26506.00,0.00,590.00,0.00,26505.00,589.00,0.00,0.00,0.00,0.00,0.00,0.00,0.00,0.00,0.00,0.00,0.00,0.00,0.00,0.00,0.00,0.00,0.00,0.00,0.00,0.00,0.00,0.00,0.00,0.00,0.00,0.00,0.00,0.00,0.00,0.00,0.00,0.00,0.00,0.00,0.00,0.00,0.00,0.00,589.00,0.00,0.00,0.00,0.00,0.00,0.00,0.00,0.00,0.00,0.00,3,2,1,0,0.00,0.00,0.00,0.00,0.00,0.00,0.00,0.00,0.00,0.00,0.00,0.00,0.00,0.00,0.00,0.00,0.00,0.00,0.00,0.00,0.00,0.00,0.00,0.00,0.00,0.00,0.00,0.00,0.00,0.00,0.00,0.00,0.00,0.00,0.00,0.00,0.00,0.00,0.00,0.00,0.00,0.00,0.00,0.00,0.00,0.00,0.00,0.00,0.00,0.00,0.00,0.00,0.00,26466.00,0.00,0.00,0.00,0.00,1995.37
0.50,0.00,0.00,0.00,0.50,0.00,3.98,0.00,0.00,95.02,0.00,300.00,0.00,0.00,0.00,0.00,0.00,0.00,12115.00,0.00,0.00,0.00,0.00,0.00,0.00,0.00,0.00,0.00,673796,1147252,1366924,66.98,47216,544732,3724400,182.50,843232,359824,236,611216,100996,7328,28992,0,0,0,0.00,0,0.00,0,0,0.00,26496,7648,36839,0,0,458,0.00,0.00,0.00,0,0.00,0.00,0.00,0.00,0.00,0.00,0.00,0.00,0.00,0.00,0.00,0.00,0.00,0.00,24079.00,0.00,35028.69,0.00,0.00,0.00,0.00,0.00,0.00,0.00,0.00,0.00,0.00,0.00,0.00,0.00,0.00,0.00,0.00,0.00,0.00,0.00,0.00,0.00,0.00,0.00,0.00,0.00,0.00,0.00,0.00,0.00,0.00,0.00,724,3,5,0,0,0,24077.00,0.00,537.00,0.00,24075.00,535.00,0.00,0.00,0.00,0.00,0.00,0.00,0.00,0.00,0.00,0.00,0.00,0.00,0.00,0.00,0.00,0.00,0.00,0.00,0.00,0.00,0.00,0.00,0.00,0.00,0.00,0.00,0.00,0.00,0.00,0.00,0.00,0.00,0.00,0.00,0.00,0.00,0.00,0.00,536.00,0.00,0.00,0.00,0.00,0.00,0.00,0.00,0.00,0.00,0.00,3,2,1,0,0.00,0.00,0.00,0.00,0.00,0.00,0.00,0.00,0.00,0.00,0.00,0.00,0.00,0.00,0.00,0.00,0.00,0.00,0.00,0.00,0.00,0.00,0.00,0.00,0.00,0.00,0.00,0.00,0.00,0.00,0.00,0.00,0.00,0.00,0.00,0.00,0.00,0.00,0.00,0.00,0.00,0.00,0.00,0.00,0.00,0.00,0.00,0.00,0.00,0.00,0.00,0.00,0.00,24124.00,0.00,0.00,0.00,0.00,1995.37
0.00,0.00,0.00,0.00,0.00,0.00,4.50,0.00,0.00,95.50,0.00,293.00,0.00,0.00,0.00,0.00,0.00,0.00,11131.00,0.00,0.00,0.00,0.00,0.00,0.00,0.00,0.00,0.00,673640,1147152,1367080,66.99,47216,544748,3724400,182.50,843240,359872,252,611216,100996,7328,28992,0,0,0,0.00,0,0.00,0,0,0.00,26496,7648,36839,0,0,458,0.00,0.00,0.00,0,0.00,0.00,0.00,0.00,0.00,0.00,0.00,0.00,0.00,0.00,0.00,0.00,0.00,0.00,22142.00,0.00,32213.14,0.00,0.00,0.00,0.00,0.00,0.00,0.00,0.00,1.00,0.00,0.00,0.00,0.00,0.00,0.00,0.00,0.00,0.00,0.00,0.00,0.00,0.00,0.00,0.00,0.00,0.00,0.00,0.00,0.00,0.00,0.00,724,3,5,0,0,0,22140.00,0.00,492.00,0.00,22140.00,492.00,0.00,0.00,0.00,0.00,0.00,0.00,0.00,0.00,0.00,0.00,0.00,0.00,0.00,0.00,0.00,0.00,0.00,0.00,0.00,0.00,0.00,0.00,0.00,0.00,0.00,0.00,0.00,0.00,0.00,0.00,0.00,0.00,0.00,0.00,0.00,0.00,0.00,0.00,491.00,0.00,0.00,0.00,0.00,0.00,0.00,0.00,0.00,0.00,0.00,3,2,1,0,0.00,0.00,0.00,0.00,0.00,0.00,0.00,0.00,0.00,0.00,0.00,0.00,0.00,0.00,0.00,0.00,0.00,0.00,0.00,0.00,0.00,0.00,0.00,0.00,0.00,0.00,0.00,0.00,0.00,0.00,0.00,0.00,0.00,0.00,0.00,0.00,0.00,0.00,0.00,0.00,0.00,0.00,0.00,0.00,0.00,0.00,0.00,0.00,0.00,0.00,0.00,0.00,0.00,22097.00,0.00,0.00,0.00,0.00,1995.37
0.49,0.00,0.49,0.00,0.00,0.00,4.43,0.00,0.00,94.58,0.00,305.00,0.00,0.00,0.00,0.00,0.00,0.00,10499.00,0.00,0.00,0.00,0.00,0.00,0.00,0.00,0.00,0.00,673672,1147184,1367048,66.99,47216,544764,3724400,182.50,843240,359872,268,611216,100996,7328,28992,0,0,0,0.00,0,0.00,0,0,0.00,26496,7648,36839,0,0,458,0.00,0.00,0.00,0,0.00,0.00,0.00,0.00,0.00,0.00,0.00,0.00,0.00,0.00,0.00,0.00,0.00,0.00,20792.00,0.00,30248.94,0.00,0.00,0.00,0.00,0.00,0.00,0.00,0.00,0.00,0.00,0.00,0.00,0.00,0.00,0.00,0.00,0.00,0.00,0.00,0.00,0.00,0.00,0.00,0.00,0.00,0.00,0.00,0.00,0.00,0.00,0.00,724,3,5,0,0,0,20790.00,0.00,462.00,0.00,20790.00,462.00,0.00,0.00,0.00,0.00,0.00,0.00,0.00,0.00,0.00,0.00,0.00,0.00,0.00,0.00,0.00,0.00,0.00,0.00,0.00,0.00,0.00,0.00,0.00,0.00,0.00,0.00,0.00,0.00,0.00,0.00,0.00,0.00,0.00,0.00,0.00,0.00,0.00,0.00,462.00,0.00,0.00,0.00,0.00,0.00,0.00,0.00,0.00,0.00,0.00,3,2,1,0,0.00,0.00,0.00,0.00,0.00,0.00,0.00,0.00,0.00,0.00,0.00,0.00,0.00,0.00,0.00,0.00,0.00,0.00,0.00,0.00,0.00,0.00,0.00,0.00,0.00,0.00,0.00,0.00,0.00,0.00,0.00,0.00,0.00,0.00,0.00,0.00,0.00,0.00,0.00,0.00,0.00,0.00,0.00,0.00,0.00,0.00,0.00,0.00,0.00,0.00,0.00,0.00,0.00,20837.00,0.00,0.00,0.00,0.00,1995.37
0.00,0.00,0.49,0.00,0.49,0.00,3.94,0.00,0.00,95.07,0.00,298.00,0.00,0.00,0.00,0.00,0.00,0.00,9731.00,0.00,0.00,0.00,0.00,0.00,0.00,0.00,0.00,0.00,673512,1147028,1367208,67.00,47216,544780,3724400,182.50,843240,359872,284,611216,101000,7328,28992,0,0,0,0.00,0,0.00,0,0,0.00,26496,7648,36839,0,0,458,0.00,0.00,0.00,0,0.00,0.00,0.00,0.00,0.00,0.00,0.00,0.00,0.00,0.00,0.00,0.00,0.00,0.00,19404.00,0.00,28219.66,0.00,0.00,0.00,0.00,0.00,0.00,0.00,0.00,1.00,0.00,0.00,0.00,0.00,0.00,0.00,0.00,0.00,0.00,0.00,0.00,0.00,0.00,0.00,0.00,0.00,0.00,0.00,0.00,0.00,0.00,0.00,724,3,5,0,0,0,19395.00,0.00,431.00,0.00,19395.00,431.00,0.00,0.00,0.00,0.00,0.00,0.00,0.00,0.00,0.00,0.00,0.00,0.00,0.00,0.00,0.00,0.00,0.00,0.00,0.00,0.00,0.00,0.00,0.00,0.00,0.00,0.00,0.00,0.00,0.00,0.00,0.00,0.00,0.00,0.00,0.00,0.00,0.00,0.00,431.00,0.00,0.00,0.00,0.00,0.00,0.00,0.00,0.00,0.00,0.00,3,2,1,0,0.00,0.00,0.00,0.00,0.00,0.00,0.00,0.00,0.00,0.00,0.00,0.00,0.00,0.00,0.00,0.00,0.00,0.00,0.00,0.00,0.00,0.00,0.00,0.00,0.00,0.00,0.00,0.00,0.00,0.00,0.00,0.00,0.00,0.00,0.00,0.00,0.00,0.00,0.00,0.00,0.00,0.00,0.00,0.00,0.00,0.00,0.00,0.00,0.00,0.00,0.00,0.00,0.00,19359.00,0.00,0.00,0.00,0.00,1995.37
0.51,0.00,0.00,5.05,0.00,0.00,2.53,0.00,0.00,91.92,0.00,317.00,0.00,0.00,0.00,12.00,0.00,0.00,9477.00,0.00,0.00,0.00,0.00,2.00,0.00,2.00,0.00,24.00,673544,1147060,1367176,66.99,47224,544792,3724400,182.50,843240,359872,296,611216,101000,7328,28992,0,0,0,0.00,0,0.00,0,0,0.00,26496,7648,36839,0,0,458,0.00,0.00,0.00,0,0.00,0.00,0.00,0.00,0.00,0.00,2.00,0.00,12.00,6.00,0.00,60.00,0.00,0.00,18767.00,0.00,27302.62,0.00,0.00,0.00,0.00,0.00,0.00,0.00,0.00,0.00,0.00,0.00,0.00,0.00,0.00,0.00,0.00,0.00,0.00,0.00,0.00,0.00,0.00,0.00,0.00,0.00,0.00,0.00,0.00,0.00,0.00,0.00,724,3,5,0,0,0,18765.00,0.00,417.00,0.00,18765.00,417.00,0.00,0.00,0.00,0.00,0.00,0.00,0.00,0.00,0.00,0.00,0.00,0.00,0.00,0.00,0.00,0.00,0.00,0.00,0.00,0.00,0.00,0.00,0.00,0.00,0.00,0.00,0.00,0.00,0.00,0.00,0.00,0.00,0.00,0.00,0.00,0.00,0.00,0.00,417.00,0.00,0.00,0.00,0.00,0.00,0.00,0.00,0.00,0.00,0.00,3,2,1,0,0.00,0.00,0.00,0.00,0.00,0.00,0.00,0.00,0.00,0.00,0.00,0.00,0.00,0.00,0.00,0.00,0.00,0.00,0.00,0.00,0.00,0.00,0.00,0.00,0.00,0.00,0.00,0.00,0.00,0.00,0.00,0.00,0.00,0.00,0.00,0.00,0.00,0.00,0.00,0.00,0.00,0.00,0.00,0.00,0.00,0.00,0.00,0.00,0.00,0.00,0.00,0.00,0.00,18767.00,0.00,0.00,0.00,0.00,1995.37
0.00,0.00,0.50,0.00,0.00,0.00,3.98,0.00,0.00,95.52,0.00,299.00,0.00,0.00,0.00,0.00,0.00,0.00,9859.00,0.00,0.00,0.00,0.00,0.00,0.00,0.00,0.00,0.00,673608,1147180,1367112,66.99,47224,544808,3724400,182.50,843248,359920,312,611216,101000,7328,28992,0,0,0,0.00,0,0.00,0,0,0.00,26496,7648,36839,0,0,458,0.00,0.00,0.00,0,0.00,0.00,0.00,0.00,0.00,0.00,0.00,0.00,0.00,0.00,0.00,0.00,0.00,0.00,19577.00,0.00,28481.15,0.00,0.00,0.00,0.00,0.00,0.00,0.00,0.00,1.00,0.00,0.00,0.00,0.00,0.00,0.00,0.00,0.00,0.00,0.00,0.00,0.00,0.00,0.00,0.00,0.00,0.00,0.00,0.00,0.00,0.00,0.00,724,3,5,0,0,0,19575.00,0.00,435.00,0.00,19575.00,435.00,0.00,0.00,0.00,0.00,0.00,0.00,0.00,0.00,0.00,0.00,0.00,0.00,0.00,0.00,0.00,0.00,0.00,0.00,0.00,0.00,0.00,0.00,0.00,0.00,0.00,0.00,0.00,0.00,0.00,0.00,0.00,0.00,0.00,0.00,0.00,0.00,0.00,0.00,435.00,0.00,0.00,0.00,0.00,0.00,0.00,0.00,0.00,0.00,0.00,3,2,1,0,0.00,0.00,0.00,0.00,0.00,0.00,0.00,0.00,0.00,0.00,0.00,0.00,0.00,0.00,0.00,0.00,0.00,0.00,0.00,0.00,0.00,0.00,0.00,0.00,0.00,0.00,0.00,0.00,0.00,0.00,0.00,0.00,0.00,0.00,0.00,0.00,0.00,0.00,0.00,0.00,0.00,0.00,0.00,0.00,0.00,0.00,0.00,0.00,0.00,0.00,0.00,0.00,0.00,19577.00,0.00,0.00,0.00,0.00,1995.37
0.51,0.00,0.00,0.00,0.00,0.00,2.02,0.00,0.00,97.47,0.00,288.00,0.00,0.00,0.00,0.00,0.00,0.00,8251.00,0.00,0.00,0.00,0.00,0.00,0.00,0.00,0.00,0.00,673576,1147148,1367144,66.99,47224,544824,3724400,182.50,843248,359920,328,611216,101000,7328,28992,0,0,0,0.00,0,0.00,0,0,0.00,26496,7648,36839,0,0,458,0.00,0.00,0.00,0,0.00,0.00,0.00,0.00,0.00,0.00,0.00,0.00,0.00,0.00,0.00,0.00,0.00,0.00,16425.00,0.00,23897.88,0.00,0.00,0.00,0.00,0.00,0.00,0.00,0.00,0.00,0.00,0.00,0.00,0.00,0.00,0.00,0.00,0.00,0.00,0.00,0.00,0.00,0.00,0.00,0.00,0.00,0.00,0.00,0.00,0.00,0.00,0.00,724,3,5,0,0,0,16425.00,0.00,365.00,0.00,16425.00,365.00,0.00,0.00,0.00,0.00,0.00,0.00,0.00,0.00,0.00,0.00,0.00,0.00,0.00,0.00,0.00,0.00,0.00,0.00,0.00,0.00,0.00,0.00,0.00,0.00,0.00,0.00,0.00,0.00,0.00,0.00,0.00,0.00,0.00,0.00,0.00,0.00,0.00,0.00,365.00,0.00,0.00,0.00,0.00,0.00,0.00,0.00,0.00,0.00,0.00,3,2,1,0,0.00,0.00,0.00,0.00,0.00,0.00,0.00,0.00,0.00,0.00,0.00,0.00,0.00,0.00,0.00,0.00,0.00,0.00,0.00,0.00,0.00,0.00,0.00,0.00,0.00,0.00,0.00,0.00,0.00,0.00,0.00,0.00,0.00,0.00,0.00,0.00,0.00,0.00,0.00,0.00,0.00,0.00,0.00,0.00,0.00,0.00,0.00,0.00,0.00,0.00,0.00,0.00,0.00,16425.00,0.00,0.00,0.00,0.00,1995.37
0.00,0.00,0.00,0.00,0.50,0.00,2.99,0.00,0.00,96.52,0.00,288.00,0.00,0.00,0.00,0.00,0.00,0.00,6939.00,0.00,0.00,0.00,0.00,0.00,0.00,0.00,0.00,0.00,673640,1147212,1367080,66.99,47224,544840,3724400,182.50,843248,359920,344,611216,101000,7328,28992,0,0,0,0.00,0,0.00,0,0,0.00,26496,7648,36839,0,0,458,0.00,0.00,0.00,0,0.00,0.00,0.00,0.00,0.00,0.00,0.00,0.00,0.00,0.00,0.00,0.00,0.00,0.00,13734.00,0.00,19969.99,0.00,0.00,0.00,0.00,0.00,0.00,0.00,0.00,1.00,0.00,0.00,0.00,0.00,0.00,0.00,0.00,0.00,0.00,0.00,0.00,0.00,0.00,0.00,0.00,0.00,0.00,0.00,0.00,0.00,0.00,0.00,724,3,5,0,0,0,13725.00,0.00,305.00,0.00,13725.00,305.00,0.00,0.00,0.00,0.00,0.00,0.00,0.00,0.00,0.00,0.00,0.00,0.00,0.00,0.00,0.00,0.00,0.00,0.00,0.00,0.00,0.00,0.00,0.00,0.00,0.00,0.00,0.00,0.00,0.00,0.00,0.00,0.00,0.00,0.00,0.00,0.00,0.00,0.00,305.00,0.00,0.00,0.00,0.00,0.00,0.00,0.00,0.00,0.00,0.00,3,2,1,0,0.00,0.00,0.00,0.00,0.00,0.00,0.00,0.00,0.00,0.00,0.00,0.00,0.00,0.00,0.00,0.00,0.00,0.00,0.00,0.00,0.00,0.00,0.00,0.00,0.00,0.00,0.00,0.00,0.00,0.00,0.00,0.00,0.00,0.00,0.00,0.00,0.00,0.00,0.00,0.00,0.00,0.00,0.00,0.00,0.00,0.00,0.00,0.00,0.00,0.00,0.00,0.00,0.00,13734.00,0.00,0.00,0.00,0.00,1995.37
0.51,0.00,0.00,0.00,0.00,0.00,1.52,0.00,0.00,97.98,0.00,281.00,0.00,0.00,0.00,0.00,0.00,0.00,5923.00,0.00,0.00,0.00,0.00,0.00,0.00,0.00,0.00,0.00,673420,1147048,1367300,67.00,47224,544856,3724400,182.50,843248,359976,360,611216,101000,7328,28992,0,0,0,0.00,0,0.00,0,0,0.00,26496,7648,36839,0,0,458,0.00,0.00,0.00,0,0.00,0.00,0.00,0.00,0.00,0.00,0.00,0.00,0.00,0.00,0.00,0.00,0.00,0.00,11795.00,0.00,17154.38,0.00,0.00,0.00,0.00,0.00,0.00,0.00,0.00,0.00,0.00,0.00,0.00,0.00,0.00,0.00,0.00,0.00,0.00,0.00,0.00,0.00,0.00,0.00,0.00,0.00,0.00,0.00,0.00,0.00,0.00,0.00,724,3,5,0,0,0,11790.00,0.00,262.00,0.00,11790.00,262.00,0.00,0.00,0.00,0.00,0.00,0.00,0.00,0.00,0.00,0.00,0.00,0.00,0.00,0.00,0.00,0.00,0.00,0.00,0.00,0.00,0.00,0.00,0.00,0.00,0.00,0.00,0.00,0.00,0.00,0.00,0.00,0.00,0.00,0.00,0.00,0.00,0.00,0.00,263.00,0.00,0.00,0.00,0.00,0.00,0.00,0.00,0.00,0.00,0.00,3,2,1,0,0.00,0.00,0.00,0.00,0.00,0.00,0.00,0.00,0.00,0.00,0.00,0.00,0.00,0.00,0.00,0.00,0.00,0.00,0.00,0.00,0.00,0.00,0.00,0.00,0.00,0.00,0.00,0.00,0.00,0.00,0.00,0.00,0.00,0.00,0.00,0.00,0.00,0.00,0.00,0.00,0.00,0.00,0.00,0.00,0.00,0.00,0.00,0.00,0.00,0.00,0.00,0.00,0.00,11840.00,0.00,0.00,0.00,0.00,1995.37
0.00,0.00,0.50,4.98,0.00,0.00,1.49,0.00,0.00,93.03,0.00,290.00,0.00,0.00,0.00,12.00,2.00,0.00,5243.00,0.00,0.00,0.00,0.00,2.00,0.00,2.00,0.00,24.00,673420,1147072,1367300,67.00,47232,544868,3724400,182.50,843256,359992,372,611216,101000,7328,28992,0,0,0,0.00,0,0.00,0,0,0.00,26496,7648,36839,0,0,458,0.00,0.00,0.00,0,0.00,0.00,0.00,0.00,0.00,0.00,2.00,0.00,12.00,6.00,0.00,48.00,0.00,0.00,10401.00,0.00,15124.76,0.00,0.00,0.00,0.00,0.00,0.00,0.00,0.00,1.00,0.00,0.00,0.00,0.00,0.00,0.00,0.00,0.00,0.00,0.00,0.00,0.00,0.00,0.00,0.00,0.00,0.00,0.00,0.00,0.00,0.00,0.00,724,3,5,0,0,0,10395.00,0.00,231.00,0.00,10395.00,231.00,0.00,0.00,0.00,0.00,0.00,0.00,0.00,0.00,0.00,0.00,0.00,0.00,0.00,0.00,0.00,0.00,0.00,0.00,0.00,0.00,0.00,0.00,0.00,0.00,0.00,0.00,0.00,0.00,0.00,0.00,0.00,0.00,0.00,0.00,0.00,0.00,0.00,0.00,230.00,0.00,0.00,0.00,0.00,0.00,0.00,0.00,0.00,0.00,0.00,3,2,1,0,0.00,0.00,0.00,0.00,0.00,0.00,0.00,0.00,0.00,0.00,0.00,0.00,0.00,0.00,0.00,0.00,0.00,0.00,0.00,0.00,0.00,0.00,0.00,0.00,0.00,0.00,0.00,0.00,0.00,0.00,0.00,0.00,0.00,0.00,0.00,0.00,0.00,0.00,0.00,0.00,0.00,0.00,0.00,0.00,0.00,0.00,0.00,0.00,0.00,0.00,0.00,0.00,0.00,10356.00,0.00,0.00,0.00,0.00,1995.37
0.00,0.00,0.00,0.00,0.50,0.00,2.49,0.00,0.00,97.01,0.00,295.00,0.00,0.00,0.00,0.00,0.00,0.00,4915.00,0.00,0.00,0.00,0.00,0.00,0.00,0.00,0.00,0.00,673420,1147072,1367300,67.00,47232,544884,3724400,182.50,843256,359992,388,611216,101000,7328,28992,0,0,0,0.00,0,0.00,0,0,0.00,26496,7648,36839,0,0,458,0.00,0.00,0.00,0,0.00,0.00,0.00,0.00,0.00,0.00,0.00,0.00,0.00,0.00,0.00,0.00,0.00,0.00,9770.00,0.00,14208.07,0.00,0.00,0.00,0.00,0.00,0.00,0.00,0.00,0.00,0.00,0.00,0.00,0.00,0.00,0.00,0.00,0.00,0.00,0.00,0.00,0.00,0.00,0.00,0.00,0.00,0.00,0.00,0.00,0.00,0.00,0.00,724,3,5,0,0,0,9765.00,0.00,217.00,0.00,9765.00,217.00,0.00,0.00,0.00,0.00,0.00,0.00,0.00,0.00,0.00,0.00,0.00,0.00,0.00,0.00,0.00,0.00,0.00,0.00,0.00,0.00,0.00,0.00,0.00,0.00,0.00,0.00,0.00,0.00,0.00,0.00,0.00,0.00,0.00,0.00,0.00,0.00,0.00,0.00,217.00,0.00,0.00,0.00,0.00,0.00,0.00,0.00,0.00,0.00,0.00,3,2,1,0,0.00,0.00,0.00,0.00,0.00,0.00,0.00,0.00,0.00,0.00,0.00,0.00,0.00,0.00,0.00,0.00,0.00,0.00,0.00,0.00,0.00,0.00,0.00,0.00,0.00,0.00,0.00,0.00,0.00,0.00,0.00,0.00,0.00,0.00,0.00,0.00,0.00,0.00,0.00,0.00,0.00,0.00,0.00,0.00,0.00,0.00,0.00,0.00,0.00,0.00,0.00,0.00,0.00,9815.00,0.00,0.00,0.00,0.00,1995.37
0.50,0.00,0.00,0.00,0.00,0.00,1.50,0.00,0.00,98.00,0.00,282.00,0.00,0.00,0.00,0.00,0.00,0.00,4107.00,0.00,0.00,0.00,0.00,0.00,0.00,0.00,0.00,0.00,673548,1147200,1367172,66.99,47232,544900,3724400,182.50,843256,359992,404,611216,101000,7328,28992,0,0,0,0.00,0,0.00,0,0,0.00,26496,7648,36839,0,0,458,0.00,0.00,0.00,0,0.00,0.00,0.00,0.00,0.00,0.00,0.00,0.00,0.00,0.00,0.00,0.00,0.00,0.00,8157.00,0.00,11851.43,0.00,0.00,0.00,0.00,0.00,0.00,0.00,0.00,1.00,0.00,0.00,0.00,0.00,0.00,0.00,0.00,0.00,0.00,0.00,0.00,0.00,0.00,0.00,0.00,0.00,0.00,0.00,0.00,0.00,0.00,0.00,724,3,5,0,0,0,8190.00,0.00,182.00,0.00,8190.00,182.00,0.00,0.00,0.00,0.00,0.00,0.00,0.00,0.00,0.00,0.00,0.00,0.00,0.00,0.00,0.00,0.00,0.00,0.00,0.00,0.00,0.00,0.00,0.00,0.00,0.00,0.00,0.00,0.00,0.00,0.00,0.00,0.00,0.00,0.00,0.00,0.00,0.00,0.00,182.00,0.00,0.00,0.00,0.00,0.00,0.00,0.00,0.00,0.00,0.00,3,2,1,0,0.00,0.00,0.00,0.00,0.00,0.00,0.00,0.00,0.00,0.00,0.00,0.00,0.00,0.00,0.00,0.00,0.00,0.00,0.00,0.00,0.00,0.00,0.00,0.00,0.00,0.00,0.00,0.00,0.00,0.00,0.00,0.00,0.00,0.00,0.00,0.00,0.00,0.00,0.00,0.00,0.00,0.00,0.00,0.00,0.00,0.00,0.00,0.00,0.00,0.00,0.00,0.00,0.00,8157.00,0.00,0.00,0.00,0.00,1995.37
0.00,0.00,0.50,0.00,0.00,0.00,1.01,0.00,0.00,98.49,0.00,268.00,0.00,0.00,0.00,0.00,0.00,0.00,3291.00,0.00,0.00,0.00,0.00,0.00,0.00,0.00,0.00,0.00,673420,1147072,1367300,67.00,47232,544916,3724400,182.50,843256,359992,420,611216,101004,7328,28992,0,0,0,0.00,0,0.00,0,0,0.00,26496,7648,36839,0,0,458,0.00,0.00,0.00,0,0.00,0.00,0.00,0.00,0.00,0.00,0.00,0.00,0.00,0.00,0.00,0.00,0.00,0.00,6530.00,0.00,9493.97,0.00,0.00,0.00,0.00,0.00,0.00,0.00,0.00,0.00,0.00,0.00,0.00,0.00,0.00,0.00,0.00,0.00,0.00,0.00,0.00,0.00,0.00,0.00,0.00,0.00,0.00,0.00,0.00,0.00,0.00,0.00,724,3,5,0,0,0,6480.00,0.00,144.00,0.00,6480.00,144.00,0.00,0.00,0.00,0.00,0.00,0.00,0.00,0.00,0.00,0.00,0.00,0.00,0.00,0.00,0.00,0.00,0.00,0.00,0.00,0.00,0.00,0.00,0.00,0.00,0.00,0.00,0.00,0.00,0.00,0.00,0.00,0.00,0.00,0.00,0.00,0.00,0.00,0.00,144.00,0.00,0.00,0.00,0.00,0.00,0.00,0.00,0.00,0.00,0.00,3,2,1,0,0.00,0.00,0.00,0.00,0.00,0.00,0.00,0.00,0.00,0.00,0.00,0.00,0.00,0.00,0.00,0.00,0.00,0.00,0.00,0.00,0.00,0.00,0.00,0.00,0.00,0.00,0.00,0.00,0.00,0.00,0.00,0.00,0.00,0.00,0.00,0.00,0.00,0.00,0.00,0.00,0.00,0.00,0.00,0.00,0.00,0.00,0.00,0.00,0.00,0.00,0.00,0.00,0.00,6485.00,0.00,0.00,0.00,0.00,1995.37
0.00,0.00,0.50,0.00,0.00,0.00,1.01,0.00,0.00,98.49,0.00,266.00,0.00,0.00,0.00,0.00,0.00,0.00,3155.00,0.00,0.00,0.00,0.00,0.00,0.00,0.00,0.00,0.00,673516,1147224,1367204,67.00,47232,544932,3724400,182.50,843256,360048,436,611216,101004,7328,28992,0,0,0,0.00,0,0.00,0,0,0.00,26496,7648,36839,0,0,458,0.00,0.00,0.00,0,0.00,0.00,0.00,0.00,0.00,0.00,0.00,0.00,0.00,0.00,0.00,0.00,0.00,0.00,6302.00,0.00,9166.43,0.00,0.00,0.00,0.00,0.00,0.00,0.00,0.00,1.00,0.00,0.00,0.00,0.00,0.00,0.00,0.00,0.00,0.00,0.00,0.00,0.00,0.00,0.00,0.00,0.00,0.00,0.00,0.00,0.00,0.00,0.00,724,3,5,0,0,0,6300.00,0.00,140.00,0.00,6300.00,140.00,0.00,0.00,0.00,0.00,0.00,0.00,0.00,0.00,0.00,0.00,0.00,0.00,0.00,0.00,0.00,0.00,0.00,0.00,0.00,0.00,0.00,0.00,0.00,0.00,0.00,0.00,0.00,0.00,0.00,0.00,0.00,0.00,0.00,0.00,0.00,0.00,0.00,0.00,140.00,0.00,0.00,0.00,0.00,0.00,0.00,0.00,0.00,0.00,0.00,3,2,1,0,0.00,0.00,0.00,0.00,0.00,0.00,0.00,0.00,0.00,0.00,0.00,0.00,0.00,0.00,0.00,0.00,0.00,0.00,0.00,0.00,0.00,0.00,0.00,0.00,0.00,0.00,0.00,0.00,0.00,0.00,0.00,0.00,0.00,0.00,0.00,0.00,0.00,0.00,0.00,0.00,0.00,0.00,0.00,0.00,0.00,0.00,0.00,0.00,0.00,0.00,0.00,0.00,0.00,6302.00,0.00,0.00,0.00,0.00,1995.37
0.50,0.00,0.00,1.99,0.50,0.00,1.00,0.00,0.00,96.02,0.00,282.00,0.00,0.00,0.00,12.00,11.00,0.00,2149.00,0.00,0.00,0.00,0.00,2.00,0.00,2.00,0.00,24.00,673484,1147192,1367236,67.00,47240,544944,3724400,182.50,843256,360048,448,611232,101004,7328,28992,0,0,0,0.00,0,0.00,0,0,0.00,26496,7648,36839,0,0,458,0.00,0.00,0.00,0,0.00,0.00,0.00,0.00,0.00,0.00,2.00,0.00,12.00,6.00,0.00,24.00,0.00,0.00,4189.00,0.00,6089.28,0.00,0.00,0.00,0.00,0.00,0.00,0.00,0.00,0.00,0.00,0.00,0.00,0.00,0.00,0.00,0.00,0.00,0.00,0.00,0.00,0.00,0.00,0.00,0.00,0.00,0.00,0.00,0.00,0.00,0.00,0.00,724,3,5,0,0,0,4185.00,0.00,93.00,0.00,4185.00,93.00,0.00,0.00,0.00,0.00,0.00,0.00,0.00,0.00,0.00,0.00,0.00,0.00,0.00,0.00,0.00,0.00,0.00,0.00,0.00,0.00,0.00,0.00,0.00,0.00,0.00,0.00,0.00,0.00,0.00,0.00,0.00,0.00,0.00,0.00,0.00,0.00,0.00,0.00,94.00,0.00,0.00,0.00,0.00,0.00,0.00,0.00,0.00,0.00,0.00,3,2,1,0,0.00,0.00,0.00,0.00,0.00,0.00,0.00,0.00,0.00,0.00,0.00,0.00,0.00,0.00,0.00,0.00,0.00,0.00,0.00,0.00,0.00,0.00,0.00,0.00,0.00,0.00,0.00,0.00,0.00,0.00,0.00,0.00,0.00,0.00,0.00,0.00,0.00,0.00,0.00,0.00,0.00,0.00,0.00,0.00,0.00,0.00,0.00,0.00,0.00,0.00,0.00,0.00,0.00,4234.00,0.00,0.00,0.00,0.00,1995.37
0.51,0.00,0.51,0.00,0.00,0.00,0.00,0.00,0.00,98.99,0.00,293.00,0.00,0.00,0.00,0.00,0.00,0.00,1636.00,0.00,0.00,0.00,0.00,0.00,0.00,0.00,0.00,0.00,673360,1147108,1367360,67.00,47240,544960,3724400,182.50,843280,360080,464,611232,101004,7328,28992,0,0,0,0.00,0,0.00,0,0,0.00,26496,7648,36839,0,0,458,0.00,0.00,0.00,0,0.00,0.00,0.00,0.00,0.00,0.00,0.00,0.00,0.00,0.00,0.00,0.00,0.00,0.00,3250.00,0.00,4714.69,0.00,0.00,0.00,0.00,0.00,0.00,0.00,0.00,1.00,0.00,0.00,0.00,0.00,0.00,0.00,0.00,0.00,0.00,0.00,0.00,0.00,0.00,0.00,0.00,0.00,0.00,0.00,0.00,0.00,0.00,0.00,724,3,5,0,0,0,3240.00,0.00,72.00,0.00,3240.00,72.00,0.00,0.00,0.00,0.00,0.00,0.00,0.00,0.00,0.00,0.00,0.00,0.00,0.00,0.00,0.00,0.00,0.00,0.00,0.00,0.00,0.00,0.00,0.00,0.00,0.00,0.00,0.00,0.00,0.00,0.00,0.00,0.00,0.00,0.00,0.00,0.00,0.00,0.00,71.00,0.00,0.00,0.00,0.00,0.00,0.00,0.00,0.00,0.00,0.00,3,2,1,0,0.00,0.00,0.00,0.00,0.00,0.00,0.00,0.00,0.00,0.00,0.00,0.00,0.00,0.00,0.00,0.00,0.00,0.00,0.00,0.00,0.00,0.00,0.00,0.00,0.00,0.00,0.00,0.00,0.00,0.00,0.00,0.00,0.00,0.00,0.00,0.00,0.00,0.00,0.00,0.00,0.00,0.00,0.00,0.00,0.00,0.00,0.00,0.00,0.00,0.00,0.00,0.00,0.00,3250.00,0.00,0.00,0.00,0.00,1995.37
0.00,0.00,0.50,0.00,0.00,0.00,0.00,0.00,0.00,99.50,0.00,183.00,0.00,0.00,0.00,0.00,0.00,0.00,979.00,0.00,0.00,0.00,0.00,0.00,0.00,0.00,0.00,0.00,673328,1147076,1367392,67.01,47240,544976,3724400,182.50,843280,360080,480,611232,101004,7328,28992,0,0,0,0.00,0,0.00,0,0,0.00,26496,7648,36839,0,0,458,0.00,0.00,0.00,0,0.00,0.00,0.00,0.00,0.00,0.00,0.00,0.00,0.00,0.00,0.00,0.00,0.00,0.00,1947.00,0.00,2816.88,0.00,0.00,0.00,0.00,0.00,0.00,0.00,0.00,1.00,0.00,0.00,0.00,0.00,0.00,0.00,0.00,0.00,0.00,0.00,0.00,0.00,0.00,0.00,0.00,0.00,0.00,0.00,0.00,0.00,0.00,0.00,724,3,5,0,0,0,1943.00,0.00,47.00,0.00,1935.00,43.00,0.00,0.00,0.00,0.00,0.00,0.00,0.00,0.00,0.00,0.00,0.00,0.00,0.00,0.00,0.00,0.00,0.00,0.00,0.00,0.00,0.00,0.00,0.00,0.00,0.00,0.00,0.00,0.00,0.00,0.00,0.00,0.00,0.00,0.00,0.00,0.00,0.00,0.00,43.00,0.00,0.00,0.00,0.00,0.00,0.00,0.00,0.00,0.00,0.00,3,2,1,0,0.00,0.00,0.00,0.00,0.00,0.00,0.00,0.00,0.00,0.00,0.00,0.00,0.00,0.00,0.00,0.00,0.00,0.00,0.00,0.00,0.00,0.00,0.00,0.00,0.00,0.00,0.00,0.00,0.00,0.00,0.00,0.00,0.00,0.00,0.00,0.00,0.00,0.00,0.00,0.00,0.00,0.00,0.00,0.00,0.00,0.00,0.00,0.00,0.00,0.00,0.00,0.00,0.00,1902.00,0.00,0.00,0.00,0.00,1995.37
0.50,0.00,0.00,0.00,0.00,0.00,0.00,0.00,0.00,99.50,0.00,152.00,0.00,0.00,0.00,0.00,2.00,0.00,603.00,0.00,0.00,0.00,0.00,0.00,0.00,0.00,0.00,0.00,673360,1147108,1367360,67.00,47240,544992,3724400,182.50,843280,360080,496,611232,101004,7328,28992,0,0,0,0.00,0,0.00,0,0,0.00,26496,7648,36839,0,0,458,0.00,0.00,0.00,0,0.00,0.00,0.00,0.00,0.00,0.00,0.00,0.00,0.00,0.00,0.00,0.00,0.00,0.00,1174.00,0.00,1702.55,0.00,0.00,0.00,0.00,0.00,0.00,0.00,0.00,1.00,0.00,0.00,0.00,0.00,0.00,0.00,0.00,0.00,0.00,0.00,0.00,0.00,0.00,0.00,0.00,0.00,0.00,0.00,0.00,0.00,0.00,0.00,724,3,5,0,0,0,1170.00,0.00,26.00,0.00,1170.00,26.00,0.00,0.00,0.00,0.00,0.00,0.00,0.00,0.00,0.00,0.00,0.00,0.00,0.00,0.00,0.00,0.00,0.00,0.00,0.00,0.00,0.00,0.00,0.00,0.00,0.00,0.00,0.00,0.00,0.00,0.00,0.00,0.00,0.00,0.00,0.00,0.00,0.00,0.00,26.00,0.00,0.00,0.00,0.00,0.00,0.00,0.00,0.00,0.00,0.00,3,2,1,0,0.00,0.00,0.00,0.00,0.00,0.00,0.00,0.00,0.00,0.00,0.00,0.00,0.00,0.00,0.00,0.00,0.00,0.00,0.00,0.00,0.00,0.00,0.00,0.00,0.00,0.00,0.00,0.00,0.00,0.00,0.00,0.00,0.00,0.00,0.00,0.00,0.00,0.00,0.00,0.00,0.00,0.00,0.00,0.00,0.00,0.00,0.00,0.00,0.00,0.00,0.00,0.00,0.00,1174.00,0.00,0.00,0.00,0.00,1995.37
0.50,0.00,0.00,0.00,0.00,0.00,0.00,0.00,0.00,99.50,0.00,66.00,0.00,0.00,0.00,0.00,0.00,0.00,75.00,0.00,0.00,0.00,0.00,0.00,0.00,0.00,0.00,0.00,673456,1147204,1367264,67.00,47240,545008,3724400,182.50,843280,360080,512,611232,101004,7328,28992,0,0,0,0.00,0,0.00,0,0,0.00,26496,7648,36839,0,0,458,0.00,0.00,0.00,0,0.00,0.00,0.00,0.00,0.00,0.00,0.00,0.00,0.00,0.00,0.00,0.00,0.00,0.00,139.00,0.00,196.66,0.00,0.00,0.00,0.00,0.00,0.00,0.00,0.00,0.00,0.00,0.00,0.00,0.00,0.00,0.00,0.00,0.00,0.00,0.00,0.00,0.00,0.00,0.00,0.00,0.00,0.00,0.00,0.00,0.00,0.00,0.00,724,3,5,0,0,0,135.00,0.00,3.00,0.00,135.00,3.00,0.00,0.00,0.00,0.00,0.00,0.00,0.00,0.00,0.00,0.00,0.00,0.00,0.00,0.00,0.00,0.00,0.00,0.00,0.00,0.00,0.00,0.00,0.00,0.00,0.00,0.00,0.00,0.00,0.00,0.00,0.00,0.00,0.00,0.00,0.00,0.00,0.00,0.00,3.00,0.00,0.00,0.00,0.00,0.00,0.00,0.00,0.00,0.00,0.00,3,2,1,0,0.00,0.00,0.00,0.00,0.00,0.00,0.00,0.00,0.00,0.00,0.00,0.00,0.00,0.00,0.00,0.00,0.00,0.00,0.00,0.00,0.00,0.00,0.00,0.00,0.00,0.00,0.00,0.00,0.00,0.00,0.00,0.00,0.00,0.00,0.00,0.00,0.00,0.00,0.00,0.00,0.00,0.00,0.00,0.00,0.00,0.00,0.00,0.00,0.00,0.00,0.00,0.00,0.00,139.00,0.00,0.00,0.00,0.00,1995.37
0.00,0.00,0.00,1.52,0.00,0.00,0.00,0.00,0.00,98.48,0.00,67.00,0.00,0.00,0.00,12.00,0.00,0.00,3.00,0.00,0.00,0.00,0.00,2.00,0.00,2.00,0.00,24.00,673456,1147260,1367264,67.00,47248,545020,3724400,182.50,843280,360136,524,611232,101004,7328,28992,0,0,0,0.00,0,0.00,0,0,0.00,26496,7648,36839,0,0,458,0.00,0.00,0.00,0,0.00,0.00,0.00,0.00,0.00,0.00,2.00,0.00,12.00,6.00,0.00,20.00,0.00,0.00,13.00,0.00,0.76,0.00,0.00,0.00,0.00,0.00,0.00,0.00,0.00,1.00,0.00,0.00,0.00,0.00,0.00,0.00,0.00,0.00,0.00,0.00,0.00,0.00,0.00,0.00,0.00,0.00,0.00,0.00,0.00,0.00,0.00,0.00,724,3,5,0,0,0,0.00,0.00,0.00,0.00,0.00,0.00,0.00,0.00,0.00,0.00,0.00,0.00,0.00,0.00,0.00,0.00,0.00,0.00,0.00,0.00,0.00,0.00,0.00,0.00,0.00,0.00,0.00,0.00,0.00,0.00,0.00,0.00,0.00,0.00,0.00,0.00,0.00,0.00,0.00,0.00,0.00,0.00,0.00,0.00,0.00,0.00,0.00,0.00,0.00,0.00,0.00,0.00,0.00,0.00,0.00,3,2,1,0,0.00,0.00,0.00,0.00,0.00,0.00,0.00,0.00,0.00,0.00,0.00,0.00,0.00,0.00,0.00,0.00,0.00,0.00,0.00,0.00,0.00,0.00,0.00,0.00,0.00,0.00,0.00,0.00,0.00,0.00,0.00,0.00,0.00,0.00,0.00,0.00,0.00,0.00,0.00,0.00,0.00,0.00,0.00,0.00,0.00,0.00,0.00,0.00,0.00,0.00,0.00,0.00,0.00,13.00,0.00,0.00,0.00,0.00,1995.37
0.50,0.00,0.00,0.00,0.00,0.00,0.00,0.00,0.00,99.50,0.00,41.00,0.00,0.00,0.00,0.00,0.00,0.00,35.00,0.00,0.00,0.00,0.00,0.00,0.00,0.00,0.00,0.00,673296,1147100,1367424,67.01,47248,545036,3724400,182.50,843280,360136,540,611232,101004,7328,28992,0,0,0,0.00,0,0.00,0,0,0.00,26496,7648,36839,0,0,458,0.00,0.00,0.00,0,0.00,0.00,0.00,0.00,0.00,0.00,0.00,0.00,0.00,0.00,0.00,0.00,0.00,0.00,49.00,0.00,65.71,0.00,0.00,0.00,0.00,0.00,0.00,0.00,0.00,0.00,0.00,0.00,0.00,0.00,0.00,0.00,0.00,0.00,0.00,0.00,0.00,0.00,0.00,0.00,0.00,0.00,0.00,0.00,0.00,0.00,0.00,0.00,724,3,5,0,0,0,45.00,0.00,1.00,0.00,45.00,1.00,0.00,0.00,0.00,0.00,0.00,0.00,0.00,0.00,0.00,0.00,0.00,0.00,0.00,0.00,0.00,0.00,0.00,0.00,0.00,0.00,0.00,0.00,0.00,0.00,0.00,0.00,0.00,0.00,0.00,0.00,0.00,0.00,0.00,0.00,0.00,0.00,0.00,0.00,1.00,0.00,0.00,0.00,0.00,0.00,0.00,0.00,0.00,0.00,0.00,3,2,1,0,0.00,0.00,0.00,0.00,0.00,0.00,0.00,0.00,0.00,0.00,0.00,0.00,0.00,0.00,0.00,0.00,0.00,0.00,0.00,0.00,0.00,0.00,0.00,0.00,0.00,0.00,0.00,0.00,0.00,0.00,0.00,0.00,0.00,0.00,0.00,0.00,0.00,0.00,0.00,0.00,0.00,0.00,0.00,0.00,0.00,0.00,0.00,0.00,0.00,0.00,0.00,0.00,0.00,49.00,0.00,0.00,0.00,0.00,1995.37
0.00,0.00,0.50,0.00,0.00,0.00,0.00,0.00,0.00,99.50,0.00,45.00,0.00,0.00,0.00,524.00,0.00,0.00,3.00,0.00,0.00,0.00,0.00,2.00,0.00,2.00,0.00,1048.00,673296,1147152,1367424,67.01,47248,545052,3724400,182.50,843288,360176,32,611232,101008,7328,28992,0,0,0,0.00,0,0.00,0,0,0.00,26496,7648,36839,0,0,458,0.00,0.00,0.00,0,0.00,0.00,0.00,0.00,0.00,0.00,2.00,0.00,524.00,262.00,0.00,0.00,0.00,0.00,7.00,0.00,0.41,0.00,0.00,0.00,0.00,0.00,0.00,0.00,0.00,1.00,0.00,0.00,0.00,0.00,0.00,0.00,0.00,0.00,0.00,0.00,0.00,0.00,0.00,0.00,0.00,0.00,0.00,0.00,0.00,0.00,0.00,0.00,724,3,5,0,0,0,0.00,0.00,0.00,0.00,0.00,0.00,0.00,0.00,0.00,0.00,0.00,0.00,0.00,0.00,0.00,0.00,0.00,0.00,0.00,0.00,0.00,0.00,0.00,0.00,0.00,0.00,0.00,0.00,0.00,0.00,0.00,0.00,0.00,0.00,0.00,0.00,0.00,0.00,0.00,0.00,0.00,0.00,0.00,0.00,0.00,0.00,0.00,0.00,0.00,0.00,0.00,0.00,0.00,0.00,0.00,3,2,1,0,0.00,0.00,0.00,0.00,0.00,0.00,0.00,0.00,0.00,0.00,0.00,0.00,0.00,0.00,0.00,0.00,0.00,0.00,0.00,0.00,0.00,0.00,0.00,0.00,0.00,0.00,0.00,0.00,0.00,0.00,0.00,0.00,0.00,0.00,0.00,0.00,0.00,0.00,0.00,0.00,0.00,0.00,0.00,0.00,0.00,0.00,0.00,0.00,0.00,0.00,0.00,0.00,0.00,7.00,0.00,0.00,0.00,0.00,1995.37
0.50,0.00,0.00,0.00,0.00,0.00,0.00,0.00,0.00,99.50,0.00,44.00,0.00,0.00,0.00,0.00,0.00,0.00,3.00,0.00,0.00,0.00,0.00,0.00,0.00,0.00,0.00,0.00,673172,1147028,1367548,67.01,47248,545068,3724400,182.50,843288,360176,52,611232,101008,7328,28992,0,0,0,0.00,0,0.00,0,0,0.00,26496,7648,36839,0,0,458,0.00,0.00,0.00,0,0.00,0.00,0.00,0.00,0.00,0.00,0.00,0.00,0.00,0.00,0.00,0.00,0.00,0.00,4.00,0.00,0.23,0.00,0.00,0.00,0.00,0.00,0.00,0.00,0.00,0.00,0.00,0.00,0.00,0.00,0.00,0.00,0.00,0.00,0.00,0.00,0.00,0.00,0.00,0.00,0.00,0.00,0.00,0.00,0.00,0.00,0.00,0.00,724,3,5,0,0,0,0.00,0.00,0.00,0.00,0.00,0.00,0.00,0.00,0.00,0.00,0.00,0.00,0.00,0.00,0.00,0.00,0.00,0.00,0.00,0.00,0.00,0.00,0.00,0.00,0.00,0.00,0.00,0.00,0.00,0.00,0.00,0.00,0.00,0.00,0.00,0.00,0.00,0.00,0.00,0.00,0.00,0.00,0.00,0.00,0.00,0.00,0.00,0.00,0.00,0.00,0.00,0.00,0.00,0.00,0.00,3,2,1,0,0.00,0.00,0.00,0.00,0.00,0.00,0.00,0.00,0.00,0.00,0.00,0.00,0.00,0.00,0.00,0.00,0.00,0.00,0.00,0.00,0.00,0.00,0.00,0.00,0.00,0.00,0.00,0.00,0.00,0.00,0.00,0.00,0.00,0.00,0.00,0.00,0.00,0.00,0.00,0.00,0.00,0.00,0.00,0.00,0.00,0.00,0.00,0.00,0.00,0.00,0.00,0.00,0.00,4.00,0.00,0.00,0.00,0.00,1995.37
0.00,0.00,0.50,0.00,0.00,0.00,0.00,0.00,0.00,99.50,0.00,52.00,0.00,0.00,0.00,0.00,0.00,0.00,11.00,0.00,0.00,0.00,0.00,0.00,0.00,0.00,0.00,0.00,673204,1147060,1367516,67.01,47248,545084,3724400,182.50,843288,360176,68,611232,101008,7328,28992,0,0,0,0.00,0,0.00,0,0,0.00,26496,7648,36839,0,0,458,0.00,0.00,0.00,0,0.00,0.00,0.00,0.00,0.00,0.00,0.00,0.00,0.00,0.00,0.00,0.00,0.00,0.00,12.00,0.00,0.70,0.00,0.00,0.00,0.00,0.00,0.00,0.00,0.00,1.00,0.00,0.00,0.00,0.00,0.00,0.00,0.00,0.00,0.00,0.00,0.00,0.00,0.00,0.00,0.00,0.00,0.00,0.00,0.00,0.00,0.00,0.00,724,3,5,0,0,0,0.00,0.00,0.00,0.00,0.00,0.00,0.00,0.00,0.00,0.00,0.00,0.00,0.00,0.00,0.00,0.00,0.00,0.00,0.00,0.00,0.00,0.00,0.00,0.00,0.00,0.00,0.00,0.00,0.00,0.00,0.00,0.00,0.00,0.00,0.00,0.00,0.00,0.00,0.00,0.00,0.00,0.00,0.00,0.00,0.00,0.00,0.00,0.00,0.00,0.00,0.00,0.00,0.00,0.00,0.00,3,2,1,0,0.00,0.00,0.00,0.00,0.00,0.00,0.00,0.00,0.00,0.00,0.00,0.00,0.00,0.00,0.00,0.00,0.00,0.00,0.00,0.00,0.00,0.00,0.00,0.00,0.00,0.00,0.00,0.00,0.00,0.00,0.00,0.00,0.00,0.00,0.00,0.00,0.00,0.00,0.00,0.00,0.00,0.00,0.00,0.00,0.00,0.00,0.00,0.00,0.00,0.00,0.00,0.00,0.00,12.00,0.00,0.00,0.00,0.00,1995.37
1.49,0.00,0.00,6.47,0.00,0.00,0.00,0.00,0.00,92.04,0.00,103.00,0.00,0.00,0.00,20.00,5.00,0.00,10.00,0.00,0.00,0.00,0.00,2.00,0.00,2.00,0.00,40.00,673204,1147060,1367516,67.01,47256,545096,3724400,182.50,843288,360176,80,611232,101008,7328,28992,0,0,0,0.00,0,0.00,0,0,0.00,26496,7648,36839,0,0,458,0.00,0.00,0.00,0,0.00,0.00,0.00,0.00,0.00,0.00,2.00,0.00,20.00,10.00,0.00,66.00,0.00,0.00,5.00,0.00,0.29,0.00,0.00,0.00,0.00,0.00,0.00,0.00,0.00,0.00,0.00,0.00,0.00,0.00,0.00,0.00,0.00,0.00,0.00,0.00,0.00,0.00,0.00,0.00,0.00,0.00,0.00,0.00,0.00,0.00,0.00,0.00,724,3,5,0,0,0,0.00,0.00,0.00,0.00,0.00,0.00,0.00,0.00,0.00,0.00,0.00,0.00,0.00,0.00,0.00,0.00,0.00,0.00,0.00,0.00,0.00,0.00,0.00,0.00,0.00,0.00,0.00,0.00,0.00,0.00,0.00,0.00,0.00,0.00,0.00,0.00,0.00,0.00,0.00,0.00,0.00,0.00,0.00,0.00,0.00,0.00,0.00,0.00,0.00,0.00,0.00,0.00,0.00,0.00,0.00,3,2,1,0,0.00,0.00,0.00,0.00,0.00,0.00,0.00,0.00,0.00,0.00,0.00,0.00,0.00,0.00,0.00,0.00,0.00,0.00,0.00,0.00,0.00,0.00,0.00,0.00,0.00,0.00,0.00,0.00,0.00,0.00,0.00,0.00,0.00,0.00,0.00,0.00,0.00,0.00,0.00,0.00,0.00,0.00,0.00,0.00,0.00,0.00,0.00,0.00,0.00,0.00,0.00,0.00,0.00,5.00,0.00,0.00,0.00,0.00,1995.37
0.00,0.00,0.50,0.00,0.00,0.00,0.00,0.00,0.00,99.50,0.00,34.00,0.00,0.00,0.00,0.00,0.00,0.00,3.00,0.00,0.00,0.00,0.00,0.00,0.00,0.00,0.00,0.00,673204,1147112,1367516,67.01,47256,545112,3724400,182.50,843276,360220,100,611212,101008,7328,28992,0,0,0,0.00,0,0.00,0,0,0.00,26496,7648,36839,0,0,458,0.00,0.00,0.00,0,0.00,0.00,0.00,0.00,0.00,0.00,0.00,0.00,0.00,0.00,0.00,0.00,0.00,0.00,4.00,0.00,0.23,0.00,0.00,0.00,0.00,0.00,0.00,0.00,0.00,1.00,0.00,0.00,0.00,0.00,0.00,0.00,0.00,0.00,0.00,0.00,0.00,0.00,0.00,0.00,0.00,0.00,0.00,0.00,0.00,0.00,0.00,0.00,724,3,5,0,0,0,0.00,0.00,0.00,0.00,0.00,0.00,0.00,0.00,0.00,0.00,0.00,0.00,0.00,0.00,0.00,0.00,0.00,0.00,0.00,0.00,0.00,0.00,0.00,0.00,0.00,0.00,0.00,0.00,0.00,0.00,0.00,0.00,0.00,0.00,0.00,0.00,0.00,0.00,0.00,0.00,0.00,0.00,0.00,0.00,0.00,0.00,0.00,0.00,0.00,0.00,0.00,0.00,0.00,0.00,0.00,3,2,1,0,0.00,0.00,0.00,0.00,0.00,0.00,0.00,0.00,0.00,0.00,0.00,0.00,0.00,0.00,0.00,0.00,0.00,0.00,0.00,0.00,0.00,0.00,0.00,0.00,0.00,0.00,0.00,0.00,0.00,0.00,0.00,0.00,0.00,0.00,0.00,0.00,0.00,0.00,0.00,0.00,0.00,0.00,0.00,0.00,0.00,0.00,0.00,0.00,0.00,0.00,0.00,0.00,0.00,4.00,0.00,0.00,0.00,0.00,1995.37
0.50,0.00,0.00,0.00,0.00,0.00,0.00,0.00,0.00,99.50,0.00,31.00,0.00,0.00,0.00,32.00,0.00,0.00,3.00,0.00,0.00,0.00,0.00,7.00,0.00,7.00,0.00,64.00,673204,1147112,1367516,67.01,47256,545128,3724400,182.50,843276,360220,116,611212,101008,7328,28992,0,0,0,0.00,0,0.00,0,0,0.00,26496,7648,36839,0,0,458,0.00,0.00,0.00,0,0.00,0.00,0.00,0.00,0.00,0.00,7.00,0.00,32.00,4.57,0.01,3.43,1.14,0.80,1.00,0.00,0.06,0.00,0.00,0.00,0.00,0.00,0.00,0.00,0.00,0.00,0.00,0.00,0.00,0.00,0.00,0.00,0.00,0.00,0.00,0.00,0.00,0.00,0.00,0.00,0.00,0.00,0.00,0.00,0.00,0.00,0.00,0.00,724,3,5,0,0,0,0.00,0.00,0.00,0.00,0.00,0.00,0.00,0.00,0.00,0.00,0.00,0.00,0.00,0.00,0.00,0.00,0.00,0.00,0.00,0.00,0.00,0.00,0.00,0.00,0.00,0.00,0.00,0.00,0.00,0.00,0.00,0.00,0.00,0.00,0.00,0.00,0.00,0.00,0.00,0.00,0.00,0.00,0.00,0.00,0.00,0.00,0.00,0.00,0.00,0.00,0.00,0.00,0.00,0.00,0.00,3,2,1,0,0.00,0.00,0.00,0.00,0.00,0.00,0.00,0.00,0.00,0.00,0.00,0.00,0.00,0.00,0.00,0.00,0.00,0.00,0.00,0.00,0.00,0.00,0.00,0.00,0.00,0.00,0.00,0.00,0.00,0.00,0.00,0.00,0.00,0.00,0.00,0.00,0.00,0.00,0.00,0.00,0.00,0.00,0.00,0.00,0.00,0.00,0.00,0.00,0.00,0.00,0.00,0.00,0.00,1.00,0.00,0.00,0.00,0.00,1995.37
0.00,0.00,0.50,0.00,0.00,0.00,0.00,0.00,0.00,99.50,0.00,28.00,0.00,0.00,0.00,0.00,0.00,0.00,11.00,0.00,0.00,0.00,0.00,0.00,0.00,0.00,0.00,0.00,673204,1147112,1367516,67.01,47256,545128,3724400,182.50,843276,360220,116,611212,101008,7328,28992,0,0,0,0.00,0,0.00,0,0,0.00,26496,7648,36839,0,0,458,0.00,0.00,0.00,0,0.00,0.00,0.00,0.00,0.00,0.00,0.00,0.00,0.00,0.00,0.00,0.00,0.00,0.00,6.00,0.00,0.35,0.00,0.00,0.00,0.00,0.00,0.00,0.00,0.00,1.00,0.00,0.00,0.00,0.00,0.00,0.00,0.00,0.00,0.00,0.00,0.00,0.00,0.00,0.00,0.00,0.00,0.00,0.00,0.00,0.00,0.00,0.00,724,3,5,0,0,0,0.00,0.00,0.00,0.00,0.00,0.00,0.00,0.00,0.00,0.00,0.00,0.00,0.00,0.00,0.00,0.00,0.00,0.00,0.00,0.00,0.00,0.00,0.00,0.00,0.00,0.00,0.00,0.00,0.00,0.00,0.00,0.00,0.00,0.00,0.00,0.00,0.00,0.00,0.00,0.00,0.00,0.00,0.00,0.00,0.00,0.00,0.00,0.00,0.00,0.00,0.00,0.00,0.00,0.00,0.00,3,2,1,0,0.00,0.00,0.00,0.00,0.00,0.00,0.00,0.00,0.00,0.00,0.00,0.00,0.00,0.00,0.00,0.00,0.00,0.00,0.00,0.00,0.00,0.00,0.00,0.00,0.00,0.00,0.00,0.00,0.00,0.00,0.00,0.00,0.00,0.00,0.00,0.00,0.00,0.00,0.00,0.00,0.00,0.00,0.00,0.00,0.00,0.00,0.00,0.00,0.00,0.00,0.00,0.00,0.00,6.00,0.00,0.00,0.00,0.00,1995.37
0.50,0.00,0.00,0.00,0.00,0.00,0.00,0.00,0.00,99.50,0.00,41.00,0.00,0.00,0.00,0.00,0.00,0.00,3.00,0.00,0.00,0.00,0.00,0.00,0.00,0.00,0.00,0.00,673236,1147176,1367484,67.01,47256,545160,3724400,182.50,843276,360252,112,611212,101008,7328,28992,0,0,0,0.00,0,0.00,0,0,0.00,26496,7648,36839,0,0,458,0.00,0.00,0.00,0,0.00,0.00,0.00,0.00,0.00,0.00,0.00,0.00,0.00,0.00,0.00,0.00,0.00,0.00,8.00,1.00,0.51,0.04,0.00,0.00,0.00,0.00,0.00,0.00,0.00,2.00,0.00,0.00,0.00,0.00,0.00,0.00,0.00,0.00,0.00,0.00,0.00,0.00,0.00,0.00,0.00,0.00,0.00,0.00,0.00,0.00,0.00,0.00,724,3,5,0,0,0,1.00,0.00,0.00,0.00,0.00,0.00,0.00,0.00,0.00,0.00,0.00,0.00,0.00,0.00,0.00,0.00,0.00,0.00,0.00,0.00,0.00,0.00,0.00,0.00,0.00,0.00,0.00,0.00,0.00,0.00,0.00,0.00,0.00,0.00,0.00,0.00,0.00,0.00,0.00,0.00,0.00,0.00,0.00,0.00,0.00,0.00,0.00,0.00,0.00,0.00,0.00,0.00,0.00,0.00,0.00,3,2,1,0,0.00,0.00,0.00,0.00,0.00,0.00,0.00,0.00,0.00,0.00,0.00,0.00,0.00,0.00,0.00,0.00,0.00,0.00,0.00,0.00,0.00,0.00,0.00,0.00,0.00,0.00,0.00,0.00,0.00,0.00,0.00,0.00,0.00,0.00,0.00,0.00,0.00,0.00,0.00,0.00,0.00,0.00,0.00,0.00,0.00,0.00,0.00,0.00,0.00,0.00,0.00,0.00,0.00,8.00,0.00,0.00,0.00,0.00,1995.37
0.00,0.00,0.00,6.00,0.00,0.00,0.00,0.00,0.00,94.00,0.00,42.00,0.00,0.00,0.00,12.00,0.00,0.00,3.00,0.00,0.00,0.00,0.00,2.00,0.00,2.00,0.00,24.00,673236,1147176,1367484,67.01,47264,545172,3724400,182.50,843276,360252,124,611212,101008,7328,28992,0,0,0,0.00,0,0.00,0,0,0.00,26496,7648,36839,0,0,458,0.00,0.00,0.00,0,0.00,0.00,0.00,0.00,0.00,0.00,2.00,0.00,12.00,6.00,0.00,58.00,0.00,0.00,6.00,0.00,0.39,0.00,0.00,0.00,0.00,0.00,0.00,0.00,0.00,1.00,0.00,0.00,0.00,0.00,0.00,0.00,0.00,0.00,0.00,0.00,0.00,0.00,0.00,0.00,0.00,0.00,0.00,0.00,0.00,0.00,0.00,0.00,724,3,5,0,0,0,2.00,0.00,1.00,0.00,0.00,0.00,0.00,0.00,0.00,0.00,0.00,0.00,0.00,0.00,0.00,0.00,0.00,0.00,0.00,0.00,0.00,0.00,0.00,0.00,0.00,0.00,0.00,0.00,0.00,0.00,0.00,0.00,0.00,0.00,0.00,0.00,0.00,0.00,0.00,0.00,0.00,0.00,0.00,0.00,0.00,0.00,0.00,0.00,0.00,0.00,0.00,0.00,0.00,0.00,0.00,3,2,1,0,0.00,0.00,0.00,0.00,0.00,0.00,0.00,0.00,0.00,0.00,0.00,0.00,0.00,0.00,0.00,0.00,0.00,0.00,0.00,0.00,0.00,0.00,0.00,0.00,0.00,0.00,0.00,0.00,0.00,0.00,0.00,0.00,0.00,0.00,0.00,0.00,0.00,0.00,0.00,0.00,0.00,0.00,0.00,0.00,0.00,0.00,0.00,0.00,0.00,0.00,0.00,0.00,0.00,6.00,0.00,0.00,0.00,0.00,1995.37
0.00,0.00,0.50,0.00,0.00,0.00,0.00,0.00,0.00,99.50,0.00,47.00,0.00,0.00,0.00,0.00,0.00,0.00,11.00,0.00,0.00,0.00,0.00,0.00,0.00,0.00,0.00,0.00,673236,1147232,1367484,67.01,47264,545188,3724400,182.50,843284,360300,140,611212,101012,7328,28992,0,0,0,0.00,0,0.00,0,0,0.00,26496,7648,36839,0,0,458,0.00,0.00,0.00,0,0.00,0.00,0.00,0.00,0.00,0.00,0.00,0.00,0.00,0.00,0.00,0.00,0.00,0.00,9.00,0.00,0.59,0.00,0.00,0.00,0.00,0.00,0.00,0.00,0.00,0.00,0.00,0.00,0.00,0.00,0.00,0.00,0.00,0.00,0.00,0.00,0.00,0.00,0.00,0.00,0.00,0.00,0.00,0.00,0.00,0.00,0.00,0.00,724,3,5,0,0,0,2.00,0.00,2.00,0.00,0.00,0.00,0.00,0.00,0.00,0.00,0.00,0.00,0.00,0.00,0.00,0.00,0.00,0.00,0.00,0.00,0.00,0.00,0.00,0.00,0.00,0.00,0.00,0.00,0.00,0.00,0.00,0.00,0.00,0.00,0.00,0.00,0.00,0.00,0.00,0.00,0.00,0.00,0.00,0.00,0.00,0.00,0.00,0.00,0.00,0.00,0.00,0.00,0.00,0.00,0.00,3,2,1,0,0.00,0.00,0.00,0.00,0.00,0.00,0.00,0.00,0.00,0.00,0.00,0.00,0.00,0.00,0.00,0.00,0.00,0.00,0.00,0.00,0.00,0.00,0.00,0.00,0.00,0.00,0.00,0.00,0.00,0.00,0.00,0.00,0.00,0.00,0.00,0.00,0.00,0.00,0.00,0.00,0.00,0.00,0.00,0.00,0.00,0.00,0.00,0.00,0.00,0.00,0.00,0.00,0.00,9.00,0.00,0.00,0.00,0.00,1995.37
0.50,0.00,0.50,0.00,0.00,0.00,0.50,0.00,0.00,98.51,0.00,37.00,0.00,0.00,0.00,0.00,0.00,0.00,3.00,0.00,0.00,0.00,0.00,0.00,0.00,0.00,0.00,0.00,673144,1147140,1367576,67.01,47264,545204,3724400,182.50,843284,360300,156,611212,101012,7328,28992,0,0,0,0.00,0,0.00,0,0,0.00,26496,7648,36839,0,0,458,0.00,0.00,0.00,0,0.00,0.00,0.00,0.00,0.00,0.00,0.00,0.00,0.00,0.00,0.00,0.00,0.00,0.00,14.00,0.00,0.82,0.00,0.00,0.00,0.00,0.00,0.00,0.00,0.00,1.00,0.00,0.00,0.00,0.00,0.00,0.00,0.00,0.00,0.00,0.00,0.00,0.00,0.00,0.00,0.00,0.00,0.00,0.00,0.00,0.00,0.00,0.00,724,3,5,0,0,0,0.00,0.00,0.00,0.00,0.00,0.00,0.00,0.00,0.00,0.00,0.00,0.00,0.00,0.00,0.00,0.00,0.00,0.00,0.00,0.00,0.00,0.00,0.00,0.00,0.00,0.00,0.00,0.00,0.00,0.00,0.00,0.00,0.00,0.00,0.00,0.00,0.00,0.00,0.00,0.00,0.00,0.00,0.00,0.00,0.00,0.00,0.00,0.00,0.00,0.00,0.00,0.00,0.00,0.00,0.00,3,2,1,0,0.00,0.00,0.00,0.00,0.00,0.00,0.00,0.00,0.00,0.00,0.00,0.00,0.00,0.00,0.00,0.00,0.00,0.00,0.00,0.00,0.00,0.00,0.00,0.00,0.00,0.00,0.00,0.00,0.00,0.00,0.00,0.00,0.00,0.00,0.00,0.00,0.00,0.00,0.00,0.00,0.00,0.00,0.00,0.00,0.00,0.00,0.00,0.00,0.00,0.00,0.00,0.00,0.00,14.00,0.00,0.00,0.00,0.00,1995.37
0.00,0.00,0.00,0.00,0.00,0.00,0.00,0.00,0.00,100.00,0.00,33.00,0.00,0.00,0.00,0.00,0.00,0.00,11.00,0.00,0.00,0.00,0.00,0.00,0.00,0.00,0.00,0.00,673144,1147140,1367576,67.01,47264,545220,3724400,182.50,843284,360300,172,611212,101012,7328,28992,0,0,0,0.00,0,0.00,0,0,0.00,26496,7648,36839,0,0,458,0.00,0.00,0.00,0,0.00,0.00,0.00,0.00,0.00,0.00,0.00,0.00,0.00,0.00,0.00,0.00,0.00,0.00,9.00,0.00,1.02,0.00,0.00,0.00,0.00,0.00,0.00,0.00,0.00,0.00,0.00,0.00,0.00,0.00,0.00,0.00,0.00,0.00,0.00,0.00,0.00,0.00,0.00,0.00,0.00,0.00,0.00,0.00,0.00,0.00,0.00,0.00,724,3,5,0,0,0,2.00,0.00,0.00,0.00,0.00,0.00,0.00,0.00,0.00,0.00,0.00,0.00,0.00,0.00,0.00,0.00,0.00,0.00,0.00,0.00,0.00,0.00,0.00,0.00,0.00,0.00,0.00,0.00,0.00,0.00,0.00,0.00,0.00,0.00,0.00,0.00,0.00,0.00,0.00,0.00,0.00,0.00,0.00,0.00,0.00,0.00,0.00,0.00,0.00,0.00,0.00,0.00,0.00,0.00,0.00,3,2,1,0,0.00,0.00,0.00,0.00,0.00,0.00,0.00,0.00,0.00,0.00,0.00,0.00,0.00,0.00,0.00,0.00,0.00,0.00,0.00,0.00,0.00,0.00,0.00,0.00,0.00,0.00,0.00,0.00,0.00,0.00,0.00,0.00,0.00,0.00,0.00,0.00,0.00,0.00,0.00,0.00,0.00,0.00,0.00,0.00,0.00,0.00,0.00,0.00,0.00,0.00,0.00,0.00,0.00,9.00,0.00,0.00,0.00,0.00,1995.37
0.50,0.00,0.00,0.00,0.00,0.00,0.00,0.00,0.00,99.50,0.00,29.00,0.00,0.00,0.00,0.00,0.00,0.00,3.00,0.00,0.00,0.00,0.00,0.00,0.00,0.00,0.00,0.00,673176,1147228,1367544,67.01,47264,545236,3724400,182.50,843284,360356,188,611212,101012,7328,28992,0,0,0,0.00,0,0.00,0,0,0.00,26496,7648,36839,0,0,458,0.00,0.00,0.00,0,0.00,0.00,0.00,0.00,0.00,0.00,0.00,0.00,0.00,0.00,0.00,0.00,0.00,0.00,6.00,0.00,0.35,0.00,0.00,0.00,0.00,0.00,0.00,0.00,0.00,1.00,0.00,0.00,0.00,0.00,0.00,0.00,0.00,0.00,0.00,0.00,0.00,0.00,0.00,0.00,0.00,0.00,0.00,0.00,0.00,0.00,0.00,0.00,724,3,5,0,0,0,0.00,0.00,0.00,0.00,0.00,0.00,0.00,0.00,0.00,0.00,0.00,0.00,0.00,0.00,0.00,0.00,0.00,0.00,0.00,0.00,0.00,0.00,0.00,0.00,0.00,0.00,0.00,0.00,0.00,0.00,0.00,0.00,0.00,0.00,0.00,0.00,0.00,0.00,0.00,0.00,0.00,0.00,0.00,0.00,0.00,0.00,0.00,0.00,0.00,0.00,0.00,0.00,0.00,0.00,0.00,3,2,1,0,0.00,0.00,0.00,0.00,0.00,0.00,0.00,0.00,0.00,0.00,0.00,0.00,0.00,0.00,0.00,0.00,0.00,0.00,0.00,0.00,0.00,0.00,0.00,0.00,0.00,0.00,0.00,0.00,0.00,0.00,0.00,0.00,0.00,0.00,0.00,0.00,0.00,0.00,0.00,0.00,0.00,0.00,0.00,0.00,0.00,0.00,0.00,0.00,0.00,0.00,0.00,0.00,0.00,6.00,0.00,0.00,0.00,0.00,1995.37
0.50,0.00,0.00,5.53,0.00,0.00,0.00,0.00,0.00,93.97,0.00,53.00,0.00,0.00,0.00,12.00,1.00,0.00,5.00,0.00,0.00,0.00,0.00,2.00,0.00,2.00,0.00,24.00,673176,1147228,1367544,67.01,47272,545248,3724400,182.50,843284,360356,200,611212,101012,7328,28992,0,0,0,0.00,0,0.00,0,0,0.00,26496,7648,36839,0,0,458,0.00,0.00,0.00,0,0.00,0.00,0.00,0.00,0.00,0.00,2.00,0.00,12.00,6.00,0.00,62.00,0.00,0.00,3.00,0.00,0.18,0.00,0.00,0.00,0.00,0.00,0.00,0.00,0.00,0.00,0.00,0.00,0.00,0.00,0.00,0.00,0.00,0.00,0.00,0.00,0.00,0.00,0.00,0.00,0.00,0.00,0.00,0.00,0.00,0.00,0.00,0.00,724,3,5,0,0,0,0.00,0.00,0.00,0.00,0.00,0.00,0.00,0.00,0.00,0.00,0.00,0.00,0.00,0.00,0.00,0.00,0.00,0.00,0.00,0.00,0.00,0.00,0.00,0.00,0.00,0.00,0.00,0.00,0.00,0.00,0.00,0.00,0.00,0.00,0.00,0.00,0.00,0.00,0.00,0.00,0.00,0.00,0.00,0.00,0.00,0.00,0.00,0.00,0.00,0.00,0.00,0.00,0.00,0.00,0.00,3,2,1,0,0.00,0.00,0.00,0.00,0.00,0.00,0.00,0.00,0.00,0.00,0.00,0.00,0.00,0.00,0.00,0.00,0.00,0.00,0.00,0.00,0.00,0.00,0.00,0.00,0.00,0.00,0.00,0.00,0.00,0.00,0.00,0.00,0.00,0.00,0.00,0.00,0.00,0.00,0.00,0.00,0.00,0.00,0.00,0.00,0.00,0.00,0.00,0.00,0.00,0.00,0.00,0.00,0.00,3.00,0.00,0.00,0.00,0.00,1995.37
0.00,0.00,0.50,0.00,0.00,0.00,0.00,0.00,0.00,99.50,0.00,23.00,0.00,0.00,0.00,0.00,0.00,0.00,3.00,0.00,0.00,0.00,0.00,0.00,0.00,0.00,0.00,0.00,673176,1147252,1367544,67.01,47272,545264,3724400,182.50,843292,360372,216,611216,101012,7328,28992,0,0,0,0.00,0,0.00,0,0,0.00,26496,7648,36839,0,0,458,0.00,0.00,0.00,0,0.00,0.00,0.00,0.00,0.00,0.00,0.00,0.00,0.00,0.00,0.00,0.00,0.00,0.00,7.00,0.00,0.41,0.00,0.00,0.00,0.00,0.00,0.00,0.00,0.00,1.00,0.00,0.00,0.00,0.00,0.00,0.00,0.00,0.00,0.00,0.00,0.00,0.00,0.00,0.00,0.00,0.00,0.00,0.00,0.00,0.00,0.00,0.00,724,3,5,0,0,0,0.00,0.00,0.00,0.00,0.00,0.00,0.00,0.00,0.00,0.00,0.00,0.00,0.00,0.00,0.00,0.00,0.00,0.00,0.00,0.00,0.00,0.00,0.00,0.00,0.00,0.00,0.00,0.00,0.00,0.00,0.00,0.00,0.00,0.00,0.00,0.00,0.00,0.00,0.00,0.00,0.00,0.00,0.00,0.00,0.00,0.00,0.00,0.00,0.00,0.00,0.00,0.00,0.00,0.00,0.00,3,2,1,0,0.00,0.00,0.00,0.00,0.00,0.00,0.00,0.00,0.00,0.00,0.00,0.00,0.00,0.00,0.00,0.00,0.00,0.00,0.00,0.00,0.00,0.00,0.00,0.00,0.00,0.00,0.00,0.00,0.00,0.00,0.00,0.00,0.00,0.00,0.00,0.00,0.00,0.00,0.00,0.00,0.00,0.00,0.00,0.00,0.00,0.00,0.00,0.00,0.00,0.00,0.00,0.00,0.00,7.00,0.00,0.00,0.00,0.00,1995.37
0.50,0.00,0.00,0.00,0.00,0.00,0.00,0.00,0.00,99.50,0.00,21.00,0.00,0.00,0.00,0.00,0.00,0.00,3.00,0.00,0.00,0.00,0.00,0.00,0.00,0.00,0.00,0.00,673176,1147252,1367544,67.01,47272,545280,3724400,182.50,843292,360372,232,611216,101012,7328,28992,0,0,0,0.00,0,0.00,0,0,0.00,26496,7648,36839,0,0,458,0.00,0.00,0.00,0,0.00,0.00,0.00,0.00,0.00,0.00,0.00,0.00,0.00,0.00,0.00,0.00,0.00,0.00,0.00,0.00,0.00,0.00,0.00,0.00,0.00,0.00,0.00,0.00,0.00,0.00,0.00,0.00,0.00,0.00,0.00,0.00,0.00,0.00,0.00,0.00,0.00,0.00,0.00,0.00,0.00,0.00,0.00,0.00,0.00,0.00,0.00,0.00,724,3,5,0,0,0,0.00,0.00,0.00,0.00,0.00,0.00,0.00,0.00,0.00,0.00,0.00,0.00,0.00,0.00,0.00,0.00,0.00,0.00,0.00,0.00,0.00,0.00,0.00,0.00,0.00,0.00,0.00,0.00,0.00,0.00,0.00,0.00,0.00,0.00,0.00,0.00,0.00,0.00,0.00,0.00,0.00,0.00,0.00,0.00,0.00,0.00,0.00,0.00,0.00,0.00,0.00,0.00,0.00,0.00,0.00,3,2,1,0,0.00,0.00,0.00,0.00,0.00,0.00,0.00,0.00,0.00,0.00,0.00,0.00,0.00,0.00,0.00,0.00,0.00,0.00,0.00,0.00,0.00,0.00,0.00,0.00,0.00,0.00,0.00,0.00,0.00,0.00,0.00,0.00,0.00,0.00,0.00,0.00,0.00,0.00,0.00,0.00,0.00,0.00,0.00,0.00,0.00,0.00,0.00,0.00,0.00,0.00,0.00,0.00,0.00,0.00,0.00,0.00,0.00,0.00,1995.37
0.50,0.00,0.50,0.00,0.00,0.00,0.00,0.00,0.00,99.00,0.00,30.00,0.00,0.00,0.00,0.00,0.00,0.00,11.00,0.00,0.00,0.00,0.00,0.00,0.00,0.00,0.00,0.00,673176,1147252,1367544,67.01,47272,545280,3724400,182.50,843292,360372,232,611216,101012,7328,28992,0,0,0,0.00,0,0.00,0,0,0.00,26496,7648,36839,0,0,458,0.00,0.00,0.00,0,0.00,0.00,0.00,0.00,0.00,0.00,0.00,0.00,0.00,0.00,0.00,0.00,0.00,0.00,2.00,0.00,0.12,0.00,0.00,0.00,0.00,0.00,0.00,0.00,0.00,1.00,0.00,0.00,0.00,0.00,0.00,0.00,0.00,0.00,0.00,0.00,0.00,0.00,0.00,0.00,0.00,0.00,0.00,0.00,0.00,0.00,0.00,0.00,724,3,5,0,0,0,0.00,0.00,0.00,0.00,0.00,0.00,0.00,0.00,0.00,0.00,0.00,0.00,0.00,0.00,0.00,0.00,0.00,0.00,0.00,0.00,0.00,0.00,0.00,0.00,0.00,0.00,0.00,0.00,0.00,0.00,0.00,0.00,0.00,0.00,0.00,0.00,0.00,0.00,0.00,0.00,0.00,0.00,0.00,0.00,0.00,0.00,0.00,0.00,0.00,0.00,0.00,0.00,0.00,0.00,0.00,3,2,1,0,0.00,0.00,0.00,0.00,0.00,0.00,0.00,0.00,0.00,0.00,0.00,0.00,0.00,0.00,0.00,0.00,0.00,0.00,0.00,0.00,0.00,0.00,0.00,0.00,0.00,0.00,0.00,0.00,0.00,0.00,0.00,0.00,0.00,0.00,0.00,0.00,0.00,0.00,0.00,0.00,0.00,0.00,0.00,0.00,0.00,0.00,0.00,0.00,0.00,0.00,0.00,0.00,0.00,2.00,0.00,0.00,0.00,0.00,1995.37
0.00,0.00,0.00,0.00,0.00,0.00,0.00,0.00,0.00,100.00,0.00,31.00,0.00,0.00,0.00,0.00,0.00,0.00,3.00,0.00,0.00,0.00,0.00,0.00,0.00,0.00,0.00,0.00,673084,1147212,1367636,67.02,47272,545312,3724400,182.50,843296,360424,264,611216,101012,7328,28992,0,0,0,0.00,0,0.00,0,0,0.00,26496,7648,36839,0,0,458,0.00,0.00,0.00,0,0.00,0.00,0.00,0.00,0.00,0.00,0.00,0.00,0.00,0.00,0.00,0.00,0.00,0.00,1.00,0.00,0.06,0.00,0.00,0.00,0.00,0.00,0.00,0.00,0.00,0.00,0.00,0.00,0.00,0.00,0.00,0.00,0.00,0.00,0.00,0.00,0.00,0.00,0.00,0.00,0.00,0.00,0.00,0.00,0.00,0.00,0.00,0.00,724,3,5,0,0,0,0.00,0.00,0.00,0.00,0.00,0.00,0.00,0.00,0.00,0.00,0.00,0.00,0.00,0.00,0.00,0.00,0.00,0.00,0.00,0.00,0.00,0.00,0.00,0.00,0.00,0.00,0.00,0.00,0.00,0.00,0.00,0.00,0.00,0.00,0.00,0.00,0.00,0.00,0.00,0.00,0.00,0.00,0.00,0.00,0.00,0.00,0.00,0.00,0.00,0.00,0.00,0.00,0.00,0.00,0.00,3,2,1,0,0.00,0.00,0.00,0.00,0.00,0.00,0.00,0.00,0.00,0.00,0.00,0.00,0.00,0.00,0.00,0.00,0.00,0.00,0.00,0.00,0.00,0.00,0.00,0.00,0.00,0.00,0.00,0.00,0.00,0.00,0.00,0.00,0.00,0.00,0.00,0.00,0.00,0.00,0.00,0.00,0.00,0.00,0.00,0.00,0.00,0.00,0.00,0.00,0.00,0.00,0.00,0.00,0.00,1.00,0.00,0.00,0.00,0.00,1995.37
0.00,0.00,0.00,4.50,0.00,0.00,0.00,0.00,0.00,95.50,0.00,46.00,0.00,0.00,0.00,12.00,0.00,0.00,3.00,0.00,0.00,0.00,0.00,2.00,0.00,2.00,0.00,24.00,673084,1147212,1367636,67.02,47280,545324,3724400,182.50,843296,360424,276,611216,101012,7328,28992,0,0,0,0.00,0,0.00,0,0,0.00,26496,7648,36839,0,0,458,0.00,0.00,0.00,0,0.00,0.00,0.00,0.00,0.00,0.00,2.00,0.00,12.00,6.00,0.00,46.00,0.00,0.00,8.00,0.00,0.47,0.00,0.00,0.00,0.00,0.00,0.00,0.00,0.00,1.00,0.00,0.00,0.00,0.00,0.00,0.00,0.00,0.00,0.00,0.00,0.00,0.00,0.00,0.00,0.00,0.00,0.00,0.00,0.00,0.00,0.00,0.00,724,3,5,0,0,0,0.00,0.00,0.00,0.00,0.00,0.00,0.00,0.00,0.00,0.00,0.00,0.00,0.00,0.00,0.00,0.00,0.00,0.00,0.00,0.00,0.00,0.00,0.00,0.00,0.00,0.00,0.00,0.00,0.00,0.00,0.00,0.00,0.00,0.00,0.00,0.00,0.00,0.00,0.00,0.00,0.00,0.00,0.00,0.00,0.00,0.00,0.00,0.00,0.00,0.00,0.00,0.00,0.00,0.00,0.00,3,2,1,0,0.00,0.00,0.00,0.00,0.00,0.00,0.00,0.00,0.00,0.00,0.00,0.00,0.00,0.00,0.00,0.00,0.00,0.00,0.00,0.00,0.00,0.00,0.00,0.00,0.00,0.00,0.00,0.00,0.00,0.00,0.00,0.00,0.00,0.00,0.00,0.00,0.00,0.00,0.00,0.00,0.00,0.00,0.00,0.00,0.00,0.00,0.00,0.00,0.00,0.00,0.00,0.00,0.00,8.00,0.00,0.00,0.00,0.00,1995.37
0.00,0.00,1.00,0.00,0.00,0.00,0.00,0.00,0.00,99.00,0.00,31.00,0.00,0.00,0.00,0.00,0.00,0.00,3.00,0.00,0.00,0.00,0.00,0.00,0.00,0.00,0.00,0.00,673084,1147216,1367636,67.02,47280,545340,3724400,182.50,843296,360424,292,611216,101016,7328,28992,0,0,0,0.00,0,0.00,0,0,0.00,26496,7648,36839,0,0,458,0.00,0.00,0.00,0,0.00,0.00,0.00,0.00,0.00,0.00,0.00,0.00,0.00,0.00,0.00,0.00,0.00,0.00,5.00,0.00,0.29,0.00,0.00,0.00,0.00,0.00,0.00,0.00,0.00,0.00,0.00,0.00,0.00,0.00,0.00,0.00,0.00,0.00,0.00,0.00,0.00,0.00,0.00,0.00,0.00,0.00,0.00,0.00,0.00,0.00,0.00,0.00,724,3,5,0,0,0,0.00,0.00,0.00,0.00,0.00,0.00,0.00,0.00,0.00,0.00,0.00,0.00,0.00,0.00,0.00,0.00,0.00,0.00,0.00,0.00,0.00,0.00,0.00,0.00,0.00,0.00,0.00,0.00,0.00,0.00,0.00,0.00,0.00,0.00,0.00,0.00,0.00,0.00,0.00,0.00,0.00,0.00,0.00,0.00,0.00,0.00,0.00,0.00,0.00,0.00,0.00,0.00,0.00,0.00,0.00,3,2,1,0,0.00,0.00,0.00,0.00,0.00,0.00,0.00,0.00,0.00,0.00,0.00,0.00,0.00,0.00,0.00,0.00,0.00,0.00,0.00,0.00,0.00,0.00,0.00,0.00,0.00,0.00,0.00,0.00,0.00,0.00,0.00,0.00,0.00,0.00,0.00,0.00,0.00,0.00,0.00,0.00,0.00,0.00,0.00,0.00,0.00,0.00,0.00,0.00,0.00,0.00,0.00,0.00,0.00,5.00,0.00,0.00,0.00,0.00,1995.37
0.50,0.00,0.00,0.00,0.00,0.00,0.00,0.00,0.00,99.50,0.00,25.74,0.00,0.00,0.00,0.00,0.00,0.00,10.89,0.00,0.00,0.00,0.00,0.00,0.00,0.00,0.00,0.00,673116,1147304,1367604,67.02,47280,545356,3724400,182.50,843304,360472,308,611216,101016,7328,28992,0,0,0,0.00,0,0.00,0,0,0.00,26496,7648,36839,0,0,458,0.00,0.00,0.00,0,0.00,0.00,0.00,0.00,0.00,0.00,0.00,0.00,0.00,0.00,0.00,0.00,0.00,0.00,5.94,0.00,0.35,0.00,0.00,0.00,0.00,0.00,0.00,0.00,0.00,0.99,0.00,0.00,0.00,0.00,0.00,0.00,0.00,0.00,0.00,0.00,0.00,0.00,0.00,0.00,0.00,0.00,0.00,0.00,0.00,0.00,0.00,0.00,724,3,5,0,0,0,0.00,0.00,0.00,0.00,0.00,0.00,0.00,0.00,0.00,0.00,0.00,0.00,0.00,0.00,0.00,0.00,0.00,0.00,0.00,0.00,0.00,0.00,0.00,0.00,0.00,0.00,0.00,0.00,0.00,0.00,0.00,0.00,0.00,0.00,0.00,0.00,0.00,0.00,0.00,0.00,0.00,0.00,0.00,0.00,0.00,0.00,0.00,0.00,0.00,0.00,0.00,0.00,0.00,0.00,0.00,3,2,1,0,0.00,0.00,0.00,0.00,0.00,0.00,0.00,0.00,0.00,0.00,0.00,0.00,0.00,0.00,0.00,0.00,0.00,0.00,0.00,0.00,0.00,0.00,0.00,0.00,0.00,0.00,0.00,0.00,0.00,0.00,0.00,0.00,0.00,0.00,0.00,0.00,0.00,0.00,0.00,0.00,0.00,0.00,0.00,0.00,0.00,0.00,0.00,0.00,0.00,0.00,0.00,0.00,0.00,5.94,0.00,0.00,0.00,0.00,1995.37
0.00,0.00,0.00,0.00,0.00,0.00,0.00,0.00,0.00,100.00,0.00,30.00,0.00,0.00,0.00,0.00,0.00,0.00,3.00,0.00,0.00,0.00,0.00,0.00,0.00,0.00,0.00,0.00,672924,1147112,1367796,67.03,47280,545372,3724400,182.50,843304,360472,324,611216,101016,7328,28992,0,0,0,0.00,0,0.00,0,0,0.00,26496,7648,36839,0,0,458,0.00,0.00,0.00,0,0.00,0.00,0.00,0.00,0.00,0.00,0.00,0.00,0.00,0.00,0.00,0.00,0.00,0.00,4.00,0.00,0.23,0.00,0.00,0.00,0.00,0.00,0.00,0.00,0.00,0.00,0.00,0.00,0.00,0.00,0.00,0.00,0.00,0.00,0.00,0.00,0.00,0.00,0.00,0.00,0.00,0.00,0.00,0.00,0.00,0.00,0.00,0.00,724,3,5,0,0,0,0.00,0.00,0.00,0.00,0.00,0.00,0.00,0.00,0.00,0.00,0.00,0.00,0.00,0.00,0.00,0.00,0.00,0.00,0.00,0.00,0.00,0.00,0.00,0.00,0.00,0.00,0.00,0.00,0.00,0.00,0.00,0.00,0.00,0.00,0.00,0.00,0.00,0.00,0.00,0.00,0.00,0.00,0.00,0.00,0.00,0.00,0.00,0.00,0.00,0.00,0.00,0.00,0.00,0.00,0.00,3,2,1,0,0.00,0.00,0.00,0.00,0.00,0.00,0.00,0.00,0.00,0.00,0.00,0.00,0.00,0.00,0.00,0.00,0.00,0.00,0.00,0.00,0.00,0.00,0.00,0.00,0.00,0.00,0.00,0.00,0.00,0.00,0.00,0.00,0.00,0.00,0.00,0.00,0.00,0.00,0.00,0.00,0.00,0.00,0.00,0.00,0.00,0.00,0.00,0.00,0.00,0.00,0.00,0.00,0.00,4.00,0.00,0.00,0.00,0.00,1995.37
0.50,0.00,0.50,0.00,0.50,0.00,0.00,0.00,0.00,98.51,0.00,30.00,0.00,0.00,0.00,0.00,0.00,0.00,3.00,0.00,0.00,0.00,0.00,0.00,0.00,0.00,0.00,0.00,672924,1147112,1367796,67.03,47280,545388,3724400,182.50,843304,360472,340,611216,101016,7328,28992,0,0,0,0.00,0,0.00,0,0,0.00,26496,7648,36839,0,0,458,0.00,0.00,0.00,0,0.00,0.00,0.00,0.00,0.00,0.00,0.00,0.00,0.00,0.00,0.00,0.00,0.00,0.00,10.00,0.00,0.59,0.00,0.00,0.00,0.00,0.00,0.00,0.00,0.00,1.00,0.00,0.00,0.00,0.00,0.00,0.00,0.00,0.00,0.00,0.00,0.00,0.00,0.00,0.00,0.00,0.00,0.00,0.00,0.00,0.00,0.00,0.00,724,3,5,0,0,0,0.00,0.00,0.00,0.00,0.00,0.00,0.00,0.00,0.00,0.00,0.00,0.00,0.00,0.00,0.00,0.00,0.00,0.00,0.00,0.00,0.00,0.00,0.00,0.00,0.00,0.00,0.00,0.00,0.00,0.00,0.00,0.00,0.00,0.00,0.00,0.00,0.00,0.00,0.00,0.00,0.00,0.00,0.00,0.00,0.00,0.00,0.00,0.00,0.00,0.00,0.00,0.00,0.00,0.00,0.00,3,2,1,0,0.00,0.00,0.00,0.00,0.00,0.00,0.00,0.00,0.00,0.00,0.00,0.00,0.00,0.00,0.00,0.00,0.00,0.00,0.00,0.00,0.00,0.00,0.00,0.00,0.00,0.00,0.00,0.00,0.00,0.00,0.00,0.00,0.00,0.00,0.00,0.00,0.00,0.00,0.00,0.00,0.00,0.00,0.00,0.00,0.00,0.00,0.00,0.00,0.00,0.00,0.00,0.00,0.00,10.00,0.00,0.00,0.00,0.00,1995.37
0.00,0.00,0.00,0.51,0.00,0.00,0.00,0.00,0.00,99.49,0.00,50.00,0.00,0.00,0.00,12.00,0.00,0.00,5.00,0.00,0.00,0.00,0.00,2.00,0.00,2.00,0.00,24.00,672924,1147112,1367796,67.03,47288,545380,3724400,182.50,843304,360472,340,611216,101016,7328,28992,0,0,0,0.00,0,0.00,0,0,0.00,26496,7648,36839,0,0,458,0.00,0.00,0.00,0,0.00,0.00,0.00,0.00,0.00,0.00,2.00,0.00,12.00,6.00,0.00,6.00,0.00,0.00,4.00,0.00,0.23,0.00,0.00,0.00,0.00,0.00,0.00,0.00,0.00,0.00,0.00,0.00,0.00,0.00,0.00,0.00,0.00,0.00,0.00,0.00,0.00,0.00,0.00,0.00,0.00,0.00,0.00,0.00,0.00,0.00,0.00,0.00,724,3,5,0,0,0,0.00,0.00,0.00,0.00,0.00,0.00,0.00,0.00,0.00,0.00,0.00,0.00,0.00,0.00,0.00,0.00,0.00,0.00,0.00,0.00,0.00,0.00,0.00,0.00,0.00,0.00,0.00,0.00,0.00,0.00,0.00,0.00,0.00,0.00,0.00,0.00,0.00,0.00,0.00,0.00,0.00,0.00,0.00,0.00,0.00,0.00,0.00,0.00,0.00,0.00,0.00,0.00,0.00,0.00,0.00,3,2,1,0,0.00,0.00,0.00,0.00,0.00,0.00,0.00,0.00,0.00,0.00,0.00,0.00,0.00,0.00,0.00,0.00,0.00,0.00,0.00,0.00,0.00,0.00,0.00,0.00,0.00,0.00,0.00,0.00,0.00,0.00,0.00,0.00,0.00,0.00,0.00,0.00,0.00,0.00,0.00,0.00,0.00,0.00,0.00,0.00,0.00,0.00,0.00,0.00,0.00,0.00,0.00,0.00,0.00,4.00,0.00,0.00,0.00,0.00,1995.37
0.50,0.00,0.00,0.00,0.00,0.00,0.00,0.00,0.00,99.50,0.00,15.00,0.00,0.00,0.00,0.00,0.00,0.00,3.00,0.00,0.00,0.00,0.00,0.00,0.00,0.00,0.00,0.00,672800,1147044,1367920,67.03,47288,545416,3724400,182.50,843312,360520,368,611216,101016,7328,28992,0,0,0,0.00,0,0.00,0,0,0.00,26496,7648,36839,0,0,458,0.00,0.00,0.00,0,0.00,0.00,0.00,0.00,0.00,0.00,0.00,0.00,0.00,0.00,0.00,0.00,0.00,0.00,1.00,0.00,0.06,0.00,0.00,0.00,0.00,0.00,0.00,0.00,0.00,1.00,0.00,0.00,0.00,0.00,0.00,0.00,0.00,0.00,0.00,0.00,0.00,0.00,0.00,0.00,0.00,0.00,0.00,0.00,0.00,0.00,0.00,0.00,724,3,5,0,0,0,0.00,0.00,0.00,0.00,0.00,0.00,0.00,0.00,0.00,0.00,0.00,0.00,0.00,0.00,0.00,0.00,0.00,0.00,0.00,0.00,0.00,0.00,0.00,0.00,0.00,0.00,0.00,0.00,0.00,0.00,0.00,0.00,0.00,0.00,0.00,0.00,0.00,0.00,0.00,0.00,0.00,0.00,0.00,0.00,0.00,0.00,0.00,0.00,0.00,0.00,0.00,0.00,0.00,0.00,0.00,3,2,1,0,0.00,0.00,0.00,0.00,0.00,0.00,0.00,0.00,0.00,0.00,0.00,0.00,0.00,0.00,0.00,0.00,0.00,0.00,0.00,0.00,0.00,0.00,0.00,0.00,0.00,0.00,0.00,0.00,0.00,0.00,0.00,0.00,0.00,0.00,0.00,0.00,0.00,0.00,0.00,0.00,0.00,0.00,0.00,0.00,0.00,0.00,0.00,0.00,0.00,0.00,0.00,0.00,0.00,1.00,0.00,0.00,0.00,0.00,1995.37
0.00,0.00,0.00,0.00,0.00,0.00,0.00,0.00,0.00,100.00,0.00,26.00,0.00,0.00,0.00,0.00,0.00,0.00,3.00,0.00,0.00,0.00,0.00,0.00,0.00,0.00,0.00,0.00,672800,1147044,1367920,67.03,47288,545432,3724400,182.50,843312,360520,384,611216,101016,7328,28992,0,0,0,0.00,0,0.00,0,0,0.00,26496,7648,36839,0,0,458,0.00,0.00,0.00,0,0.00,0.00,0.00,0.00,0.00,0.00,0.00,0.00,0.00,0.00,0.00,0.00,0.00,0.00,1.00,0.00,1.27,0.00,0.00,0.00,0.00,0.00,0.00,0.00,0.00,0.00,0.00,0.00,0.00,0.00,0.00,0.00,0.00,0.00,0.00,0.00,0.00,0.00,0.00,0.00,0.00,0.00,0.00,0.00,0.00,0.00,0.00,0.00,724,3,5,0,0,0,1.00,0.00,1.00,0.00,0.00,0.00,0.00,0.00,0.00,0.00,0.00,0.00,0.00,0.00,0.00,0.00,0.00,0.00,0.00,0.00,0.00,0.00,0.00,0.00,0.00,0.00,0.00,0.00,0.00,0.00,0.00,0.00,0.00,0.00,0.00,0.00,0.00,0.00,0.00,0.00,0.00,0.00,0.00,0.00,0.00,0.00,0.00,0.00,0.00,0.00,0.00,0.00,0.00,0.00,0.00,3,2,1,0,0.00,0.00,0.00,0.00,0.00,0.00,0.00,0.00,0.00,0.00,0.00,0.00,0.00,0.00,0.00,0.00,0.00,0.00,0.00,0.00,0.00,0.00,0.00,0.00,0.00,0.00,0.00,0.00,0.00,0.00,0.00,0.00,0.00,0.00,0.00,0.00,0.00,0.00,0.00,0.00,0.00,0.00,0.00,0.00,0.00,0.00,0.00,0.00,0.00,0.00,0.00,0.00,0.00,1.00,0.00,0.00,0.00,0.00,1995.37
0.50,0.00,0.50,0.00,0.00,0.00,0.00,0.00,0.00,99.00,0.00,37.00,0.00,0.00,0.00,0.00,0.00,0.00,11.00,0.00,0.00,0.00,0.00,0.00,0.00,0.00,0.00,0.00,672800,1147044,1367920,67.03,47288,545448,3724400,182.50,843312,360520,400,611216,101016,7328,28992,0,0,0,0.00,0,0.00,0,0,0.00,26496,7648,36839,0,0,458,0.00,0.00,0.00,0,0.00,0.00,0.00,0.00,0.00,0.00,0.00,0.00,0.00,0.00,0.00,0.00,0.00,0.00,7.00,0.00,0.41,0.00,0.00,0.00,0.00,0.00,0.00,0.00,0.00,1.00,0.00,0.00,0.00,0.00,0.00,0.00,0.00,0.00,0.00,0.00,0.00,0.00,0.00,0.00,0.00,0.00,0.00,0.00,0.00,0.00,0.00,0.00,724,3,5,0,0,0,0.00,0.00,0.00,0.00,0.00,0.00,0.00,0.00,0.00,0.00,0.00,0.00,0.00,0.00,0.00,0.00,0.00,0.00,0.00,0.00,0.00,0.00,0.00,0.00,0.00,0.00,0.00,0.00,0.00,0.00,0.00,0.00,0.00,0.00,0.00,0.00,0.00,0.00,0.00,0.00,0.00,0.00,0.00,0.00,0.00,0.00,0.00,0.00,0.00,0.00,0.00,0.00,0.00,0.00,0.00,3,2,1,0,0.00,0.00,0.00,0.00,0.00,0.00,0.00,0.00,0.00,0.00,0.00,0.00,0.00,0.00,0.00,0.00,0.00,0.00,0.00,0.00,0.00,0.00,0.00,0.00,0.00,0.00,0.00,0.00,0.00,0.00,0.00,0.00,0.00,0.00,0.00,0.00,0.00,0.00,0.00,0.00,0.00,0.00,0.00,0.00,0.00,0.00,0.00,0.00,0.00,0.00,0.00,0.00,0.00,7.00,0.00,0.00,0.00,0.00,1995.37
0.00,0.00,0.00,0.00,0.51,0.00,5.56,0.00,0.00,93.94,0.00,347.00,0.00,0.00,0.00,0.00,4.00,0.00,22036.00,0.00,0.00,0.00,0.00,0.00,0.00,0.00,0.00,0.00,673192,1153316,1367528,67.01,47940,550580,3817632,187.07,839008,365080,24,605648,100536,7408,28944,0,0,0,0.00,0,0.00,0,0,0.00,26720,7648,36954,0,0,463,0.00,0.00,0.02,0,0.00,0.00,0.00,0.00,0.00,0.00,0.00,0.00,0.00,0.00,0.00,0.00,0.00,0.00,43610.00,0.00,63444.40,0.00,0.00,0.00,0.00,0.00,0.00,0.00,0.00,1.00,0.00,0.00,0.00,0.00,0.00,0.00,0.00,0.00,0.00,0.00,0.00,0.00,0.00,0.00,0.00,0.00,0.00,0.00,0.00,0.00,0.00,0.00,724,3,5,0,1,0,43599.00,0.00,969.00,0.00,43598.00,968.00,0.00,0.00,0.00,0.00,0.00,0.00,0.00,0.00,0.00,0.00,0.00,0.00,0.00,0.00,0.00,0.00,0.00,0.00,0.00,0.00,0.00,0.00,0.00,0.00,0.00,0.00,0.00,0.00,0.00,0.00,0.00,0.00,0.00,0.00,0.00,0.00,0.00,0.00,969.00,0.00,0.00,0.00,0.00,0.00,0.00,0.00,0.00,0.00,0.00,3,2,1,0,0.00,0.00,0.00,0.00,0.00,0.00,0.00,0.00,0.00,0.00,0.00,0.00,0.00,0.00,0.00,0.00,0.00,0.00,0.00,0.00,0.00,0.00,0.00,0.00,0.00,0.00,0.00,0.00,0.00,0.00,0.00,0.00,0.00,0.00,0.00,0.00,0.00,0.00,0.00,0.00,0.00,0.00,0.00,0.00,0.00,0.00,0.00,0.00,0.00,0.00,0.00,0.00,0.00,43610.00,0.00,0.00,0.00,0.00,1995.37
0.49,0.00,0.00,0.00,0.00,0.00,8.29,0.00,0.00,91.22,0.00,331.00,0.00,0.00,0.00,0.00,2.00,0.00,20684.00,0.00,0.00,0.00,0.00,0.00,0.00,0.00,0.00,0.00,673160,1153284,1367560,67.01,47940,550596,3817632,187.07,839008,365080,40,605652,100536,7408,28944,0,0,0,0.00,0,0.00,0,0,0.00,26720,7648,36954,0,0,463,0.00,0.00,0.02,0,0.00,0.00,0.00,0.00,0.00,0.00,0.00,0.00,0.00,0.00,0.00,0.00,0.00,0.00,41139.00,0.00,59843.58,0.00,0.00,0.00,0.00,0.00,0.00,0.00,0.00,0.00,0.00,0.00,0.00,0.00,0.00,0.00,0.00,0.00,0.00,0.00,0.00,0.00,0.00,0.00,0.00,0.00,0.00,0.00,0.00,0.00,0.00,0.00,724,3,5,0,0,0,41093.00,0.00,914.00,0.00,41092.00,914.00,0.00,0.00,0.00,0.00,0.00,0.00,0.00,0.00,0.00,0.00,0.00,0.00,0.00,0.00,0.00,0.00,0.00,0.00,0.00,0.00,0.00,0.00,0.00,0.00,0.00,0.00,0.00,0.00,0.00,0.00,0.00,0.00,0.00,0.00,0.00,0.00,0.00,0.00,913.00,0.00,0.00,0.00,0.00,0.00,0.00,0.00,0.00,0.00,0.00,3,2,1,0,0.00,0.00,0.00,0.00,0.00,0.00,0.00,0.00,0.00,0.00,0.00,0.00,0.00,0.00,0.00,0.00,0.00,0.00,0.00,0.00,0.00,0.00,0.00,0.00,0.00,0.00,0.00,0.00,0.00,0.00,0.00,0.00,0.00,0.00,0.00,0.00,0.00,0.00,0.00,0.00,0.00,0.00,0.00,0.00,0.00,0.00,0.00,0.00,0.00,0.00,0.00,0.00,0.00,41139.00,0.00,0.00,0.00,0.00,1995.37
0.00,0.00,0.00,0.00,0.00,0.00,4.59,0.00,0.00,95.41,0.00,305.00,0.00,0.00,0.00,0.00,0.00,0.00,19643.00,0.00,0.00,0.00,0.00,0.00,0.00,0.00,0.00,0.00,673224,1153348,1367496,67.01,47940,550608,3817632,187.07,839008,365080,52,605652,100536,7408,28944,0,0,0,0.00,0,0.00,0,0,0.00,26720,7648,36954,0,0,463,0.00,0.00,0.02,0,0.00,0.00,0.00,0.00,0.00,0.00,0.00,0.00,0.00,0.00,0.00,0.00,0.00,0.00,39019.00,0.00,56766.03,0.00,0.00,0.00,0.00,0.00,0.00,0.00,0.00,1.00,0.00,0.00,0.00,0.00,0.00,0.00,0.00,0.00,0.00,0.00,0.00,0.00,0.00,0.00,0.00,0.00,0.00,0.00,0.00,0.00,0.00,0.00,724,3,5,0,0,0,39016.00,0.00,867.00,0.00,39015.00,867.00,0.00,0.00,0.00,0.00,0.00,0.00,0.00,0.00,0.00,0.00,0.00,0.00,0.00,0.00,0.00,0.00,0.00,0.00,0.00,0.00,0.00,0.00,0.00,0.00,0.00,0.00,0.00,0.00,0.00,0.00,0.00,0.00,0.00,0.00,0.00,0.00,0.00,0.00,867.00,0.00,0.00,0.00,0.00,0.00,0.00,0.00,0.00,0.00,0.00,3,2,1,0,0.00,0.00,0.00,0.00,0.00,0.00,0.00,0.00,0.00,0.00,0.00,0.00,0.00,0.00,0.00,0.00,0.00,0.00,0.00,0.00,0.00,0.00,0.00,0.00,0.00,0.00,0.00,0.00,0.00,0.00,0.00,0.00,0.00,0.00,0.00,0.00,0.00,0.00,0.00,0.00,0.00,0.00,0.00,0.00,0.00,0.00,0.00,0.00,0.00,0.00,0.00,0.00,0.00,39039.00,0.00,0.00,0.00,0.00,1995.37
0.51,0.00,0.51,0.00,0.00,0.00,4.55,0.00,0.00,94.44,0.00,302.00,0.00,0.00,0.00,0.00,0.00,0.00,18660.00,0.00,0.00,0.00,0.00,0.00,0.00,0.00,0.00,0.00,673068,1153192,1367652,67.02,47940,550624,3817632,187.07,839008,365080,68,605652,100536,7408,28944,0,0,0,0.00,0,0.00,0,0,0.00,26720,7648,36954,0,0,463,0.00,0.00,0.02,0,0.00,0.00,0.00,0.00,0.00,0.00,0.00,0.00,0.00,0.00,0.00,0.00,0.00,0.00,37038.00,0.00,53885.13,0.00,0.00,0.00,0.00,0.00,0.00,0.00,0.00,0.00,0.00,0.00,0.00,0.00,0.00,0.00,0.00,0.00,0.00,0.00,0.00,0.00,0.00,0.00,0.00,0.00,0.00,0.00,0.00,0.00,0.00,0.00,724,3,5,0,0,0,37036.00,0.00,823.00,0.00,37035.00,823.00,0.00,0.00,0.00,0.00,0.00,0.00,0.00,0.00,0.00,0.00,0.00,0.00,0.00,0.00,0.00,0.00,0.00,0.00,0.00,0.00,0.00,0.00,0.00,0.00,0.00,0.00,0.00,0.00,0.00,0.00,0.00,0.00,0.00,0.00,0.00,0.00,0.00,0.00,823.00,0.00,0.00,0.00,0.00,0.00,0.00,0.00,0.00,0.00,0.00,3,2,1,0,0.00,0.00,0.00,0.00,0.00,0.00,0.00,0.00,0.00,0.00,0.00,0.00,0.00,0.00,0.00,0.00,0.00,0.00,0.00,0.00,0.00,0.00,0.00,0.00,0.00,0.00,0.00,0.00,0.00,0.00,0.00,0.00,0.00,0.00,0.00,0.00,0.00,0.00,0.00,0.00,0.00,0.00,0.00,0.00,0.00,0.00,0.00,0.00,0.00,0.00,0.00,0.00,0.00,36973.00,0.00,0.00,0.00,0.00,1995.37
0.00,0.00,0.00,0.00,0.51,0.00,5.05,0.00,0.00,94.44,0.00,313.00,0.00,0.00,0.00,0.00,0.00,0.00,18964.00,0.00,0.00,0.00,0.00,0.00,0.00,0.00,0.00,0.00,673068,1153248,1367652,67.02,47940,550640,3817632,187.07,839008,365136,84,605652,100536,7408,28944,0,0,0,0.00,0,0.00,0,0,0.00,26720,7648,36954,0,0,463,0.00,0.00,0.02,0,0.00,0.00,0.00,0.00,0.00,0.00,0.00,0.00,0.00,0.00,0.00,0.00,0.00,0.00,37623.00,0.00,54736.13,0.00,0.00,0.00,0.00,0.00,0.00,0.00,0.00,1.00,0.00,0.00,0.00,0.00,0.00,0.00,0.00,0.00,0.00,0.00,0.00,0.00,0.00,0.00,0.00,0.00,0.00,0.00,0.00,0.00,0.00,0.00,724,3,5,0,0,0,37620.00,0.00,836.00,0.00,37620.00,836.00,0.00,0.00,0.00,0.00,0.00,0.00,0.00,0.00,0.00,0.00,0.00,0.00,0.00,0.00,0.00,0.00,0.00,0.00,0.00,0.00,0.00,0.00,0.00,0.00,0.00,0.00,0.00,0.00,0.00,0.00,0.00,0.00,0.00,0.00,0.00,0.00,0.00,0.00,836.00,0.00,0.00,0.00,0.00,0.00,0.00,0.00,0.00,0.00,0.00,3,2,1,0,0.00,0.00,0.00,0.00,0.00,0.00,0.00,0.00,0.00,0.00,0.00,0.00,0.00,0.00,0.00,0.00,0.00,0.00,0.00,0.00,0.00,0.00,0.00,0.00,0.00,0.00,0.00,0.00,0.00,0.00,0.00,0.00,0.00,0.00,0.00,0.00,0.00,0.00,0.00,0.00,0.00,0.00,0.00,0.00,0.00,0.00,0.00,0.00,0.00,0.00,0.00,0.00,0.00,37668.00,0.00,0.00,0.00,0.00,1995.37
0.00,0.00,0.50,2.51,0.00,0.00,4.52,0.00,0.00,92.46,0.00,329.00,0.00,0.00,0.00,160.00,0.00,0.00,17093.00,0.00,0.00,0.00,0.00,10.00,0.00,10.00,0.00,320.00,673164,1153372,1367556,67.01,47948,550656,3817632,187.07,839060,365164,0,605652,100536,7408,28944,0,0,0,0.00,0,0.00,0,0,0.00,26720,7648,36954,0,0,463,0.00,0.00,0.02,0,0.00,0.00,0.00,0.00,0.00,0.00,10.00,0.00,160.00,16.00,0.08,16.40,2.40,2.40,33980.00,0.00,49432.89,0.00,0.00,0.00,0.00,0.00,0.00,0.00,0.00,0.00,0.00,0.00,0.00,0.00,0.00,0.00,0.00,0.00,0.00,0.00,0.00,0.00,0.00,0.00,0.00,0.00,0.00,0.00,0.00,0.00,0.00,0.00,724,3,5,0,0,0,33975.00,0.00,755.00,0.00,33975.00,755.00,0.00,0.00,0.00,0.00,0.00,0.00,0.00,0.00,0.00,0.00,0.00,0.00,0.00,0.00,0.00,0.00,0.00,0.00,0.00,0.00,0.00,0.00,0.00,0.00,0.00,0.00,0.00,0.00,0.00,0.00,0.00,0.00,0.00,0.00,0.00,0.00,0.00,0.00,755.00,0.00,0.00,0.00,0.00,0.00,0.00,0.00,0.00,0.00,0.00,3,2,1,0,0.00,0.00,0.00,0.00,0.00,0.00,0.00,0.00,0.00,0.00,0.00,0.00,0.00,0.00,0.00,0.00,0.00,0.00,0.00,0.00,0.00,0.00,0.00,0.00,0.00,0.00,0.00,0.00,0.00,0.00,0.00,0.00,0.00,0.00,0.00,0.00,0.00,0.00,0.00,0.00,0.00,0.00,0.00,0.00,0.00,0.00,0.00,0.00,0.00,0.00,0.00,0.00,0.00,33935.00,0.00,0.00,0.00,0.00,1995.37
0.00,0.00,0.00,0.00,0.00,0.00,5.00,0.00,0.00,95.00,0.00,307.00,0.00,0.00,0.00,0.00,0.00,0.00,15132.00,0.00,0.00,0.00,0.00,0.00,0.00,0.00,0.00,0.00,673100,1153308,1367620,67.02,47948,550672,3817632,187.07,839060,365164,20,605652,100536,7408,28944,0,0,0,0.00,0,0.00,0,0,0.00,26720,7648,36954,0,0,463,0.00,0.00,0.02,0,0.00,0.00,0.00,0.00,0.00,0.00,0.00,0.00,0.00,0.00,0.00,0.00,0.00,0.00,30064.00,0.00,43736.62,0.00,0.00,0.00,0.00,0.00,0.00,0.00,0.00,1.00,0.00,0.00,0.00,0.00,0.00,0.00,0.00,0.00,0.00,0.00,0.00,0.00,0.00,0.00,0.00,0.00,0.00,0.00,0.00,0.00,0.00,0.00,724,3,5,0,1,0,30105.00,0.00,668.00,0.00,30105.00,669.00,0.00,0.00,0.00,0.00,0.00,0.00,0.00,0.00,0.00,0.00,0.00,0.00,0.00,0.00,0.00,0.00,0.00,0.00,0.00,0.00,0.00,0.00,0.00,0.00,0.00,0.00,0.00,0.00,0.00,0.00,0.00,0.00,0.00,0.00,0.00,0.00,0.00,0.00,669.00,0.00,0.00,0.00,0.00,0.00,0.00,0.00,0.00,0.00,0.00,3,2,1,0,0.00,0.00,0.00,0.00,0.00,0.00,0.00,0.00,0.00,0.00,0.00,0.00,0.00,0.00,0.00,0.00,0.00,0.00,0.00,0.00,0.00,0.00,0.00,0.00,0.00,0.00,0.00,0.00,0.00,0.00,0.00,0.00,0.00,0.00,0.00,0.00,0.00,0.00,0.00,0.00,0.00,0.00,0.00,0.00,0.00,0.00,0.00,0.00,0.00,0.00,0.00,0.00,0.00,30154.00,0.00,0.00,0.00,0.00,1995.37
0.00,0.00,0.00,0.00,0.50,0.00,3.02,0.00,0.00,96.48,0.00,301.00,0.00,0.00,0.00,0.00,0.00,0.00,11076.00,0.00,0.00,0.00,0.00,0.00,0.00,0.00,0.00,0.00,672976,1153184,1367744,67.02,47948,550688,3817632,187.07,839060,365164,36,605652,100540,7408,28944,0,0,0,0.00,0,0.00,0,0,0.00,26720,7648,36954,0,0,463,0.00,0.00,0.02,0,0.00,0.00,0.00,0.00,0.00,0.00,0.00,0.00,0.00,0.00,0.00,0.00,0.00,0.00,22011.00,0.00,32017.00,0.00,0.00,0.00,0.00,0.00,0.00,0.00,0.00,2.00,0.00,0.00,0.00,0.00,0.00,0.00,0.00,0.00,0.00,0.00,0.00,0.00,0.00,0.00,0.00,0.00,0.00,0.00,0.00,0.00,0.00,0.00,724,3,5,0,0,0,21960.00,0.00,489.00,0.00,21960.00,488.00,0.00,0.00,0.00,0.00,0.00,0.00,0.00,0.00,0.00,0.00,0.00,0.00,0.00,0.00,0.00,0.00,0.00,0.00,0.00,0.00,0.00,0.00,0.00,0.00,0.00,0.00,0.00,0.00,0.00,0.00,0.00,0.00,0.00,0.00,0.00,0.00,0.00,0.00,488.00,0.00,0.00,0.00,0.00,0.00,0.00,0.00,0.00,0.00,0.00,3,2,1,0,0.00,0.00,0.00,0.00,0.00,0.00,0.00,0.00,0.00,0.00,0.00,0.00,0.00,0.00,0.00,0.00,0.00,0.00,0.00,0.00,0.00,0.00,0.00,0.00,0.00,0.00,0.00,0.00,0.00,0.00,0.00,0.00,0.00,0.00,0.00,0.00,0.00,0.00,0.00,0.00,0.00,0.00,0.00,0.00,0.00,0.00,0.00,0.00,0.00,0.00,0.00,0.00,0.00,21921.00,0.00,0.00,0.00,0.00,1995.37
0.00,0.00,0.50,0.00,0.00,0.00,4.50,0.00,0.00,95.00,0.00,307.00,0.00,0.00,0.00,0.00,0.00,0.00,12220.00,0.00,0.00,0.00,0.00,0.00,0.00,0.00,0.00,0.00,672912,1153120,1367808,67.03,47948,550704,3817632,187.07,839060,365164,52,605652,100540,7408,28944,0,0,0,0.00,0,0.00,0,0,0.00,26720,7648,36954,0,0,463,0.00,0.00,0.02,0,0.00,0.00,0.00,0.00,0.00,0.00,0.00,0.00,0.00,0.00,0.00,0.00,0.00,0.00,24258.00,0.00,35290.46,0.00,0.00,0.00,0.00,0.00,0.00,0.00,0.00,1.00,0.00,0.00,0.00,0.00,0.00,0.00,0.00,0.00,0.00,0.00,0.00,0.00,0.00,0.00,0.00,0.00,0.00,0.00,0.00,0.00,0.00,0.00,724,3,5,0,0,0,24255.00,0.00,539.00,0.00,24255.00,539.00,0.00,0.00,0.00,0.00,0.00,0.00,0.00,0.00,0.00,0.00,0.00,0.00,0.00,0.00,0.00,0.00,0.00,0.00,0.00,0.00,0.00,0.00,0.00,0.00,0.00,0.00,0.00,0.00,0.00,0.00,0.00,0.00,0.00,0.00,0.00,0.00,0.00,0.00,539.00,0.00,0.00,0.00,0.00,0.00,0.00,0.00,0.00,0.00,0.00,3,2,1,0,0.00,0.00,0.00,0.00,0.00,0.00,0.00,0.00,0.00,0.00,0.00,0.00,0.00,0.00,0.00,0.00,0.00,0.00,0.00,0.00,0.00,0.00,0.00,0.00,0.00,0.00,0.00,0.00,0.00,0.00,0.00,0.00,0.00,0.00,0.00,0.00,0.00,0.00,0.00,0.00,0.00,0.00,0.00,0.00,0.00,0.00,0.00,0.00,0.00,0.00,0.00,0.00,0.00,24258.00,0.00,0.00,0.00,0.00,1995.37
0.50,0.00,0.00,0.00,0.50,0.00,3.98,0.00,0.00,95.02,0.00,305.00,0.00,0.00,0.00,0.00,0.00,0.00,13020.00,0.00,0.00,0.00,0.00,0.00,0.00,0.00,0.00,0.00,672912,1153176,1367808,67.03,47948,550720,3817632,187.07,839060,365220,68,605652,100540,7408,28944,0,0,0,0.00,0,0.00,0,0,0.00,26720,7648,36954,0,0,463,0.00,0.00,0.02,0,0.00,0.00,0.00,0.00,0.00,0.00,0.00,0.00,0.00,0.00,0.00,0.00,0.00,0.00,25884.00,0.00,37647.87,0.00,0.00,0.00,0.00,0.00,0.00,0.00,0.00,0.00,0.00,0.00,0.00,0.00,0.00,0.00,0.00,0.00,0.00,0.00,0.00,0.00,0.00,0.00,0.00,0.00,0.00,0.00,0.00,0.00,0.00,0.00,724,3,5,0,0,0,25920.00,0.00,576.00,0.00,25920.00,576.00,0.00,0.00,0.00,0.00,0.00,0.00,0.00,0.00,0.00,0.00,0.00,0.00,0.00,0.00,0.00,0.00,0.00,0.00,0.00,0.00,0.00,0.00,0.00,0.00,0.00,0.00,0.00,0.00,0.00,0.00,0.00,0.00,0.00,0.00,0.00,0.00,0.00,0.00,576.00,0.00,0.00,0.00,0.00,0.00,0.00,0.00,0.00,0.00,0.00,3,2,1,0,0.00,0.00,0.00,0.00,0.00,0.00,0.00,0.00,0.00,0.00,0.00,0.00,0.00,0.00,0.00,0.00,0.00,0.00,0.00,0.00,0.00,0.00,0.00,0.00,0.00,0.00,0.00,0.00,0.00,0.00,0.00,0.00,0.00,0.00,0.00,0.00,0.00,0.00,0.00,0.00,0.00,0.00,0.00,0.00,0.00,0.00,0.00,0.00,0.00,0.00,0.00,0.00,0.00,26015.00,0.00,0.00,0.00,0.00,1995.37
0.00,0.00,0.50,4.52,0.00,0.00,3.02,0.00,0.00,91.96,0.00,310.00,0.00,0.00,0.00,20.00,0.00,0.00,10661.00,0.00,0.00,0.00,0.00,2.00,0.00,2.00,0.00,40.00,672976,1153240,1367744,67.02,47956,550732,3817632,187.07,839060,365220,88,605652,100540,7408,28944,0,0,0,0.00,0,0.00,0,0,0.00,26720,7648,36954,0,0,463,0.00,0.00,0.02,0,0.00,0.00,0.00,0.00,0.00,0.00,2.00,0.00,20.00,10.00,0.00,48.00,0.00,0.00,21110.00,0.00,30707.43,0.00,0.00,0.00,0.00,0.00,0.00,0.00,0.00,1.00,0.00,0.00,0.00,0.00,0.00,0.00,0.00,0.00,0.00,0.00,0.00,0.00,0.00,0.00,0.00,0.00,0.00,0.00,0.00,0.00,0.00,0.00,724,3,5,0,0,0,21060.00,0.00,468.00,0.00,21060.00,468.00,0.00,0.00,0.00,0.00,0.00,0.00,0.00,0.00,0.00,0.00,0.00,0.00,0.00,0.00,0.00,0.00,0.00,0.00,0.00,0.00,0.00,0.00,0.00,0.00,0.00,0.00,0.00,0.00,0.00,0.00,0.00,0.00,0.00,0.00,0.00,0.00,0.00,0.00,468.00,0.00,0.00,0.00,0.00,0.00,0.00,0.00,0.00,0.00,0.00,3,2,1,0,0.00,0.00,0.00,0.00,0.00,0.00,0.00,0.00,0.00,0.00,0.00,0.00,0.00,0.00,0.00,0.00,0.00,0.00,0.00,0.00,0.00,0.00,0.00,0.00,0.00,0.00,0.00,0.00,0.00,0.00,0.00,0.00,0.00,0.00,0.00,0.00,0.00,0.00,0.00,0.00,0.00,0.00,0.00,0.00,0.00,0.00,0.00,0.00,0.00,0.00,0.00,0.00,0.00,21024.00,0.00,0.00,0.00,0.00,1995.37
0.50,0.00,0.00,0.00,0.00,0.00,3.52,0.00,0.00,95.98,0.00,302.00,0.00,0.00,0.00,0.00,0.00,0.00,12365.00,0.00,0.00,0.00,0.00,0.00,0.00,0.00,0.00,0.00,672852,1153116,1367868,67.03,47956,550748,3817632,187.07,839060,365220,104,605652,100540,7408,28944,0,0,0,0.00,0,0.00,0,0,0.00,26720,7648,36954,0,0,463,0.00,0.00,0.02,0,0.00,0.00,0.00,0.00,0.00,0.00,0.00,0.00,0.00,0.00,0.00,0.00,0.00,0.00,24574.00,0.00,35748.84,0.00,0.00,0.00,0.00,0.00,0.00,0.00,0.00,0.00,0.00,0.00,0.00,0.00,0.00,0.00,0.00,0.00,0.00,0.00,0.00,0.00,0.00,0.00,0.00,0.00,0.00,0.00,0.00,0.00,0.00,0.00,724,3,5,0,0,0,24570.00,0.00,546.00,0.00,24570.00,546.00,0.00,0.00,0.00,0.00,0.00,0.00,0.00,0.00,0.00,0.00,0.00,0.00,0.00,0.00,0.00,0.00,0.00,0.00,0.00,0.00,0.00,0.00,0.00,0.00,0.00,0.00,0.00,0.00,0.00,0.00,0.00,0.00,0.00,0.00,0.00,0.00,0.00,0.00,546.00,0.00,0.00,0.00,0.00,0.00,0.00,0.00,0.00,0.00,0.00,3,2,1,0,0.00,0.00,0.00,0.00,0.00,0.00,0.00,0.00,0.00,0.00,0.00,0.00,0.00,0.00,0.00,0.00,0.00,0.00,0.00,0.00,0.00,0.00,0.00,0.00,0.00,0.00,0.00,0.00,0.00,0.00,0.00,0.00,0.00,0.00,0.00,0.00,0.00,0.00,0.00,0.00,0.00,0.00,0.00,0.00,0.00,0.00,0.00,0.00,0.00,0.00,0.00,0.00,0.00,24529.00,0.00,0.00,0.00,0.00,1995.37
0.00,0.00,0.50,0.00,0.50,0.00,3.00,0.00,0.00,96.00,0.00,292.00,0.00,0.00,0.00,0.00,0.00,0.00,9524.00,0.00,0.00,0.00,0.00,0.00,0.00,0.00,0.00,0.00,672788,1153052,1367932,67.03,47956,550764,3817632,187.07,839060,365220,120,605652,100540,7408,28944,0,0,0,0.00,0,0.00,0,0,0.00,26720,7648,36954,0,0,463,0.00,0.00,0.02,0,0.00,0.00,0.00,0.00,0.00,0.00,0.00,0.00,0.00,0.00,0.00,0.00,0.00,0.00,18902.00,0.00,27499.04,0.00,0.00,0.00,0.00,0.00,0.00,0.00,0.00,1.00,0.00,0.00,0.00,0.00,0.00,0.00,0.00,0.00,0.00,0.00,0.00,0.00,0.00,0.00,0.00,0.00,0.00,0.00,0.00,0.00,0.00,0.00,724,3,5,0,0,0,18900.00,0.00,420.00,0.00,18900.00,420.00,0.00,0.00,0.00,0.00,0.00,0.00,0.00,0.00,0.00,0.00,0.00,0.00,0.00,0.00,0.00,0.00,0.00,0.00,0.00,0.00,0.00,0.00,0.00,0.00,0.00,0.00,0.00,0.00,0.00,0.00,0.00,0.00,0.00,0.00,0.00,0.00,0.00,0.00,420.00,0.00,0.00,0.00,0.00,0.00,0.00,0.00,0.00,0.00,0.00,3,2,1,0,0.00,0.00,0.00,0.00,0.00,0.00,0.00,0.00,0.00,0.00,0.00,0.00,0.00,0.00,0.00,0.00,0.00,0.00,0.00,0.00,0.00,0.00,0.00,0.00,0.00,0.00,0.00,0.00,0.00,0.00,0.00,0.00,0.00,0.00,0.00,0.00,0.00,0.00,0.00,0.00,0.00,0.00,0.00,0.00,0.00,0.00,0.00,0.00,0.00,0.00,0.00,0.00,0.00,18902.00,0.00,0.00,0.00,0.00,1995.37
0.50,0.00,0.00,0.00,0.00,0.00,3.98,0.00,0.00,95.52,0.00,300.00,0.00,0.00,0.00,0.00,0.00,0.00,10020.00,0.00,0.00,0.00,0.00,0.00,0.00,0.00,0.00,0.00,672948,1153268,1367772,67.02,47956,550780,3817632,187.07,839060,365276,136,605652,100540,7408,28944,0,0,0,0.00,0,0.00,0,0,0.00,26720,7648,36954,0,0,463,0.00,0.00,0.02,0,0.00,0.00,0.00,0.00,0.00,0.00,0.00,0.00,0.00,0.00,0.00,0.00,0.00,0.00,19894.00,0.00,28939.58,0.00,0.00,0.00,0.00,0.00,0.00,0.00,0.00,0.00,0.00,0.00,0.00,0.00,0.00,0.00,0.00,0.00,0.00,0.00,0.00,0.00,0.00,0.00,0.00,0.00,0.00,0.00,0.00,0.00,0.00,0.00,724,3,5,0,0,0,19890.00,0.00,442.00,0.00,19890.00,442.00,0.00,0.00,0.00,0.00,0.00,0.00,0.00,0.00,0.00,0.00,0.00,0.00,0.00,0.00,0.00,0.00,0.00,0.00,0.00,0.00,0.00,0.00,0.00,0.00,0.00,0.00,0.00,0.00,0.00,0.00,0.00,0.00,0.00,0.00,0.00,0.00,0.00,0.00,442.00,0.00,0.00,0.00,0.00,0.00,0.00,0.00,0.00,0.00,0.00,3,2,1,0,0.00,0.00,0.00,0.00,0.00,0.00,0.00,0.00,0.00,0.00,0.00,0.00,0.00,0.00,0.00,0.00,0.00,0.00,0.00,0.00,0.00,0.00,0.00,0.00,0.00,0.00,0.00,0.00,0.00,0.00,0.00,0.00,0.00,0.00,0.00,0.00,0.00,0.00,0.00,0.00,0.00,0.00,0.00,0.00,0.00,0.00,0.00,0.00,0.00,0.00,0.00,0.00,0.00,19894.00,0.00,0.00,0.00,0.00,1995.37
0.00,0.00,0.00,0.00,0.00,0.00,4.00,0.00,0.00,96.00,0.00,292.00,0.00,0.00,0.00,0.00,0.00,0.00,9852.00,0.00,0.00,0.00,0.00,0.00,0.00,0.00,0.00,0.00,672852,1153172,1367868,67.03,47956,550796,3817632,187.07,839060,365276,152,605652,100540,7408,28944,0,0,0,0.00,0,0.00,0,0,0.00,26720,7648,36954,0,0,463,0.00,0.00,0.02,0,0.00,0.00,0.00,0.00,0.00,0.00,0.00,0.00,0.00,0.00,0.00,0.00,0.00,0.00,19578.00,0.00,28481.21,0.00,0.00,0.00,0.00,0.00,0.00,0.00,0.00,1.00,0.00,0.00,0.00,0.00,0.00,0.00,0.00,0.00,0.00,0.00,0.00,0.00,0.00,0.00,0.00,0.00,0.00,0.00,0.00,0.00,0.00,0.00,724,3,5,0,0,0,19575.00,0.00,435.00,0.00,19575.00,435.00,0.00,0.00,0.00,0.00,0.00,0.00,0.00,0.00,0.00,0.00,0.00,0.00,0.00,0.00,0.00,0.00,0.00,0.00,0.00,0.00,0.00,0.00,0.00,0.00,0.00,0.00,0.00,0.00,0.00,0.00,0.00,0.00,0.00,0.00,0.00,0.00,0.00,0.00,435.00,0.00,0.00,0.00,0.00,0.00,0.00,0.00,0.00,0.00,0.00,3,2,1,0,0.00,0.00,0.00,0.00,0.00,0.00,0.00,0.00,0.00,0.00,0.00,0.00,0.00,0.00,0.00,0.00,0.00,0.00,0.00,0.00,0.00,0.00,0.00,0.00,0.00,0.00,0.00,0.00,0.00,0.00,0.00,0.00,0.00,0.00,0.00,0.00,0.00,0.00,0.00,0.00,0.00,0.00,0.00,0.00,0.00,0.00,0.00,0.00,0.00,0.00,0.00,0.00,0.00,19578.00,0.00,0.00,0.00,0.00,1995.37
0.00,0.00,0.50,2.50,0.50,0.00,3.00,0.00,0.00,93.50,0.00,312.00,0.00,0.00,0.00,12.00,0.00,0.00,11548.00,0.00,0.00,0.00,0.00,2.00,0.00,2.00,0.00,24.00,672852,1153172,1367868,67.03,47964,550812,3817632,187.07,839060,365276,168,605652,100540,7408,28944,0,0,0,0.00,0,0.00,0,0,0.00,26720,7648,36954,0,0,463,0.00,0.00,0.02,0,0.00,0.00,0.00,0.00,0.00,0.00,2.00,0.00,12.00,6.00,0.00,26.00,0.00,0.00,22998.00,0.00,33457.20,0.00,0.00,0.00,0.00,0.00,0.00,0.00,0.00,0.00,0.00,0.00,0.00,0.00,0.00,0.00,0.00,0.00,0.00,0.00,0.00,0.00,0.00,0.00,0.00,0.00,0.00,0.00,0.00,0.00,0.00,0.00,724,3,5,0,0,0,22995.00,0.00,511.00,0.00,22995.00,511.00,0.00,0.00,0.00,0.00,0.00,0.00,0.00,0.00,0.00,0.00,0.00,0.00,0.00,0.00,0.00,0.00,0.00,0.00,0.00,0.00,0.00,0.00,0.00,0.00,0.00,0.00,0.00,0.00,0.00,0.00,0.00,0.00,0.00,0.00,0.00,0.00,0.00,0.00,512.00,0.00,0.00,0.00,0.00,0.00,0.00,0.00,0.00,0.00,0.00,3,2,1,0,0.00,0.00,0.00,0.00,0.00,0.00,0.00,0.00,0.00,0.00,0.00,0.00,0.00,0.00,0.00,0.00,0.00,0.00,0.00,0.00,0.00,0.00,0.00,0.00,0.00,0.00,0.00,0.00,0.00,0.00,0.00,0.00,0.00,0.00,0.00,0.00,0.00,0.00,0.00,0.00,0.00,0.00,0.00,0.00,0.00,0.00,0.00,0.00,0.00,0.00,0.00,0.00,0.00,23079.00,0.00,0.00,0.00,0.00,1995.37
0.50,0.00,0.50,0.00,0.00,0.00,3.96,0.00,0.00,95.05,0.00,300.00,0.00,0.00,0.00,0.00,0.00,0.00,11580.00,0.00,0.00,0.00,0.00,0.00,0.00,0.00,0.00,0.00,672788,1153164,1367932,67.03,47964,550828,3817632,187.07,839060,365332,188,605652,100540,7408,28944,0,0,0,0.00,0,0.00,0,0,0.00,26720,7648,36954,0,0,463,0.00,0.00,0.02,0,0.00,0.00,0.00,0.00,0.00,0.00,0.00,0.00,0.00,0.00,0.00,0.00,0.00,0.00,22953.00,0.00,33391.76,0.00,0.00,0.00,0.00,0.00,0.00,0.00,0.00,1.00,0.00,0.00,0.00,0.00,0.00,0.00,0.00,0.00,0.00,0.00,0.00,0.00,0.00,0.00,0.00,0.00,0.00,0.00,0.00,0.00,0.00,0.00,724,3,5,0,0,0,22951.00,0.00,511.00,0.00,22950.00,510.00,0.00,0.00,0.00,0.00,0.00,0.00,0.00,0.00,0.00,0.00,0.00,0.00,0.00,0.00,0.00,0.00,0.00,0.00,0.00,0.00,0.00,0.00,0.00,0.00,0.00,0.00,0.00,0.00,0.00,0.00,0.00,0.00,0.00,0.00,0.00,0.00,0.00,0.00,509.00,0.00,0.00,0.00,0.00,0.00,0.00,0.00,0.00,0.00,0.00,3,2,1,0,0.00,0.00,0.00,0.00,0.00,0.00,0.00,0.00,0.00,0.00,0.00,0.00,0.00,0.00,0.00,0.00,0.00,0.00,0.00,0.00,0.00,0.00,0.00,0.00,0.00,0.00,0.00,0.00,0.00,0.00,0.00,0.00,0.00,0.00,0.00,0.00,0.00,0.00,0.00,0.00,0.00,0.00,0.00,0.00,0.00,0.00,0.00,0.00,0.00,0.00,0.00,0.00,0.00,22872.00,0.00,0.00,0.00,0.00,1995.37
0.00,0.00,0.00,0.00,0.00,0.00,1.52,0.00,0.00,98.48,0.00,288.00,0.00,0.00,0.00,0.00,0.00,0.00,7772.00,0.00,0.00,0.00,0.00,0.00,0.00,0.00,0.00,0.00,672852,1153232,1367868,67.03,47964,550844,3817632,187.07,839060,365332,204,605652,100544,7408,28944,0,0,0,0.00,0,0.00,0,0,0.00,26720,7648,36954,0,0,463,0.00,0.00,0.02,0,0.00,0.00,0.00,0.00,0.00,0.00,0.00,0.00,0.00,0.00,0.00,0.00,0.00,0.00,15484.00,0.00,22523.20,0.00,0.00,0.00,0.00,0.00,0.00,0.00,0.00,0.00,0.00,0.00,0.00,0.00,0.00,0.00,0.00,0.00,0.00,0.00,0.00,0.00,0.00,0.00,0.00,0.00,0.00,0.00,0.00,0.00,0.00,0.00,724,3,5,0,0,0,15481.00,0.00,345.00,0.00,15480.00,344.00,0.00,0.00,0.00,0.00,0.00,0.00,0.00,0.00,0.00,0.00,0.00,0.00,0.00,0.00,0.00,0.00,0.00,0.00,0.00,0.00,0.00,0.00,0.00,0.00,0.00,0.00,0.00,0.00,0.00,0.00,0.00,0.00,0.00,0.00,0.00,0.00,0.00,0.00,344.00,0.00,0.00,0.00,0.00,0.00,0.00,0.00,0.00,0.00,0.00,3,2,1,0,0.00,0.00,0.00,0.00,0.00,0.00,0.00,0.00,0.00,0.00,0.00,0.00,0.00,0.00,0.00,0.00,0.00,0.00,0.00,0.00,0.00,0.00,0.00,0.00,0.00,0.00,0.00,0.00,0.00,0.00,0.00,0.00,0.00,0.00,0.00,0.00,0.00,0.00,0.00,0.00,0.00,0.00,0.00,0.00,0.00,0.00,0.00,0.00,0.00,0.00,0.00,0.00,0.00,15484.00,0.00,0.00,0.00,0.00,1995.37
0.00,0.00,0.00,0.00,0.50,0.00,2.51,0.00,0.00,96.98,0.00,289.00,0.00,0.00,0.00,0.00,0.00,0.00,7588.00,0.00,0.00,0.00,0.00,0.00,0.00,0.00,0.00,0.00,672728,1153108,1367992,67.03,47964,550860,3817632,187.07,839060,365332,220,605652,100544,7408,28944,0,0,0,0.00,0,0.00,0,0,0.00,26720,7648,36954,0,0,463,0.00,0.00,0.02,0,0.00,0.00,0.00,0.00,0.00,0.00,0.00,0.00,0.00,0.00,0.00,0.00,0.00,0.00,15080.00,0.00,21933.99,0.00,0.00,0.00,0.00,0.00,0.00,0.00,0.00,1.00,0.00,0.00,0.00,0.00,0.00,0.00,0.00,0.00,0.00,0.00,0.00,0.00,0.00,0.00,0.00,0.00,0.00,0.00,0.00,0.00,0.00,0.00,724,3,5,0,0,0,15076.00,0.00,336.00,0.00,15075.00,335.00,0.00,0.00,0.00,0.00,0.00,0.00,0.00,0.00,0.00,0.00,0.00,0.00,0.00,0.00,0.00,0.00,0.00,0.00,0.00,0.00,0.00,0.00,0.00,0.00,0.00,0.00,0.00,0.00,0.00,0.00,0.00,0.00,0.00,0.00,0.00,0.00,0.00,0.00,335.00,0.00,0.00,0.00,0.00,0.00,0.00,0.00,0.00,0.00,0.00,3,2,1,0,0.00,0.00,0.00,0.00,0.00,0.00,0.00,0.00,0.00,0.00,0.00,0.00,0.00,0.00,0.00,0.00,0.00,0.00,0.00,0.00,0.00,0.00,0.00,0.00,0.00,0.00,0.00,0.00,0.00,0.00,0.00,0.00,0.00,0.00,0.00,0.00,0.00,0.00,0.00,0.00,0.00,0.00,0.00,0.00,0.00,0.00,0.00,0.00,0.00,0.00,0.00,0.00,0.00,15125.00,0.00,0.00,0.00,0.00,1995.37
1.01,0.00,0.50,0.00,0.00,0.00,1.01,0.00,0.00,97.49,0.00,276.00,0.00,0.00,0.00,0.00,0.00,0.00,6268.00,0.00,0.00,0.00,0.00,0.00,0.00,0.00,0.00,0.00,672696,1153076,1368024,67.04,47964,550872,3817632,187.07,839060,365332,232,605652,100544,7408,28944,0,0,0,0.00,0,0.00,0,0,0.00,26720,7648,36954,0,0,463,0.00,0.00,0.02,0,0.00,0.00,0.00,0.00,0.00,0.00,0.00,0.00,0.00,0.00,0.00,0.00,0.00,0.00,12378.00,0.00,18005.42,0.00,0.00,0.00,0.00,0.00,0.00,0.00,0.00,0.00,0.00,0.00,0.00,0.00,0.00,0.00,0.00,0.00,0.00,0.00,0.00,0.00,0.00,0.00,0.00,0.00,0.00,0.00,0.00,0.00,0.00,0.00,724,3,5,0,0,0,12375.00,0.00,275.00,0.00,12375.00,275.00,0.00,0.00,0.00,0.00,0.00,0.00,0.00,0.00,0.00,0.00,0.00,0.00,0.00,0.00,0.00,0.00,0.00,0.00,0.00,0.00,0.00,0.00,0.00,0.00,0.00,0.00,0.00,0.00,0.00,0.00,0.00,0.00,0.00,0.00,0.00,0.00,0.00,0.00,275.00,0.00,0.00,0.00,0.00,0.00,0.00,0.00,0.00,0.00,0.00,3,2,1,0,0.00,0.00,0.00,0.00,0.00,0.00,0.00,0.00,0.00,0.00,0.00,0.00,0.00,0.00,0.00,0.00,0.00,0.00,0.00,0.00,0.00,0.00,0.00,0.00,0.00,0.00,0.00,0.00,0.00,0.00,0.00,0.00,0.00,0.00,0.00,0.00,0.00,0.00,0.00,0.00,0.00,0.00,0.00,0.00,0.00,0.00,0.00,0.00,0.00,0.00,0.00,0.00,0.00,12378.00,0.00,0.00,0.00,0.00,1995.37
0.00,0.00,0.51,0.00,0.00,0.00,1.52,0.00,0.00,97.98,0.00,287.00,0.00,0.00,0.00,0.00,0.00,0.00,6492.00,0.00,0.00,0.00,0.00,0.00,0.00,0.00,0.00,0.00,672760,1153196,1367960,67.03,47964,550888,3817632,187.07,839060,365388,248,605652,100544,7408,28944,0,0,0,0.00,0,0.00,0,0,0.00,26720,7648,36954,0,0,463,0.00,0.00,0.02,0,0.00,0.00,0.00,0.00,0.00,0.00,0.00,0.00,0.00,0.00,0.00,0.00,0.00,0.00,12919.00,0.00,18791.17,0.00,0.00,0.00,0.00,0.00,0.00,0.00,0.00,1.00,0.00,0.00,0.00,0.00,0.00,0.00,0.00,0.00,0.00,0.00,0.00,0.00,0.00,0.00,0.00,0.00,0.00,0.00,0.00,0.00,0.00,0.00,724,3,5,0,0,0,12960.00,0.00,288.00,0.00,12960.00,288.00,0.00,0.00,0.00,0.00,0.00,0.00,0.00,0.00,0.00,0.00,0.00,0.00,0.00,0.00,0.00,0.00,0.00,0.00,0.00,0.00,0.00,0.00,0.00,0.00,0.00,0.00,0.00,0.00,0.00,0.00,0.00,0.00,0.00,0.00,0.00,0.00,0.00,0.00,288.00,0.00,0.00,0.00,0.00,0.00,0.00,0.00,0.00,0.00,0.00,3,2,1,0,0.00,0.00,0.00,0.00,0.00,0.00,0.00,0.00,0.00,0.00,0.00,0.00,0.00,0.00,0.00,0.00,0.00,0.00,0.00,0.00,0.00,0.00,0.00,0.00,0.00,0.00,0.00,0.00,0.00,0.00,0.00,0.00,0.00,0.00,0.00,0.00,0.00,0.00,0.00,0.00,0.00,0.00,0.00,0.00,0.00,0.00,0.00,0.00,0.00,0.00,0.00,0.00,0.00,12919.00,0.00,0.00,0.00,0.00,1995.37
0.00,0.00,0.50,4.50,0.50,0.00,1.50,0.00,0.00,93.00,0.00,299.00,0.00,0.00,0.00,264.00,0.00,0.00,6220.00,0.00,0.00,0.00,0.00,4.00,0.00,4.00,0.00,528.00,672664,1153124,1368056,67.04,47972,550904,3817632,187.07,839068,365404,0,605652,100544,7408,28944,0,0,0,0.00,0,0.00,0,0,0.00,26720,7648,36954,0,0,463,0.00,0.00,0.02,0,0.00,0.00,0.00,0.00,0.00,0.00,4.00,0.00,264.00,66.00,0.00,25.00,0.00,0.00,12336.00,0.00,17940.13,0.00,0.00,0.00,0.00,0.00,0.00,0.00,0.00,0.00,0.00,0.00,0.00,0.00,0.00,0.00,0.00,0.00,0.00,0.00,0.00,0.00,0.00,0.00,0.00,0.00,0.00,0.00,0.00,0.00,0.00,0.00,724,3,5,0,0,0,12285.00,0.00,273.00,0.00,12285.00,273.00,0.00,0.00,0.00,0.00,0.00,0.00,0.00,0.00,0.00,0.00,0.00,0.00,0.00,0.00,0.00,0.00,0.00,0.00,0.00,0.00,0.00,0.00,0.00,0.00,0.00,0.00,0.00,0.00,0.00,0.00,0.00,0.00,0.00,0.00,0.00,0.00,0.00,0.00,273.00,0.00,0.00,0.00,0.00,0.00,0.00,0.00,0.00,0.00,0.00,3,2,1,0,0.00,0.00,0.00,0.00,0.00,0.00,0.00,0.00,0.00,0.00,0.00,0.00,0.00,0.00,0.00,0.00,0.00,0.00,0.00,0.00,0.00,0.00,0.00,0.00,0.00,0.00,0.00,0.00,0.00,0.00,0.00,0.00,0.00,0.00,0.00,0.00,0.00,0.00,0.00,0.00,0.00,0.00,0.00,0.00,0.00,0.00,0.00,0.00,0.00,0.00,0.00,0.00,0.00,12291.00,0.00,0.00,0.00,0.00,1995.37
0.00,0.00,0.00,0.00,0.00,0.00,1.52,0.00,0.00,98.48,0.00,279.00,0.00,0.00,0.00,0.00,0.00,0.00,4235.00,0.00,0.00,0.00,0.00,0.00,0.00,0.00,0.00,0.00,672696,1153156,1368024,67.04,47972,550920,3817632,187.07,839068,365404,20,605652,100544,7408,28944,0,0,0,0.00,0,0.00,0,0,0.00,26720,7648,36954,0,0,463,0.00,0.00,0.02,0,0.00,0.00,0.00,0.00,0.00,0.00,0.00,0.00,0.00,0.00,0.00,0.00,0.00,0.00,8418.00,0.00,12243.75,0.00,0.00,0.00,0.00,0.00,0.00,0.00,0.00,1.00,0.00,0.00,0.00,0.00,0.00,0.00,0.00,0.00,0.00,0.00,0.00,0.00,0.00,0.00,0.00,0.00,0.00,0.00,0.00,0.00,0.00,0.00,724,3,5,0,0,0,8415.00,0.00,187.00,0.00,8415.00,187.00,0.00,0.00,0.00,0.00,0.00,0.00,0.00,0.00,0.00,0.00,0.00,0.00,0.00,0.00,0.00,0.00,0.00,0.00,0.00,0.00,0.00,0.00,0.00,0.00,0.00,0.00,0.00,0.00,0.00,0.00,0.00,0.00,0.00,0.00,0.00,0.00,0.00,0.00,187.00,0.00,0.00,0.00,0.00,0.00,0.00,0.00,0.00,0.00,0.00,3,2,1,0,0.00,0.00,0.00,0.00,0.00,0.00,0.00,0.00,0.00,0.00,0.00,0.00,0.00,0.00,0.00,0.00,0.00,0.00,0.00,0.00,0.00,0.00,0.00,0.00,0.00,0.00,0.00,0.00,0.00,0.00,0.00,0.00,0.00,0.00,0.00,0.00,0.00,0.00,0.00,0.00,0.00,0.00,0.00,0.00,0.00,0.00,0.00,0.00,0.00,0.00,0.00,0.00,0.00,8418.00,0.00,0.00,0.00,0.00,1995.37
0.00,0.00,0.50,0.00,0.00,0.00,1.99,0.00,0.00,97.51,0.00,289.00,0.00,0.00,0.00,0.00,0.00,0.00,4099.00,0.00,0.00,0.00,0.00,0.00,0.00,0.00,0.00,0.00,672760,1153220,1367960,67.03,47972,550936,3817632,187.07,839068,365404,36,605652,100544,7408,28944,0,0,0,0.00,0,0.00,0,0,0.00,26720,7648,36954,0,0,463,0.00,0.00,0.02,0,0.00,0.00,0.00,0.00,0.00,0.00,0.00,0.00,0.00,0.00,0.00,0.00,0.00,0.00,8148.00,0.00,11850.90,0.00,0.00,0.00,0.00,0.00,0.00,0.00,0.00,0.00,0.00,0.00,0.00,0.00,0.00,0.00,0.00,0.00,0.00,0.00,0.00,0.00,0.00,0.00,0.00,0.00,0.00,0.00,0.00,0.00,0.00,0.00,724,3,5,0,0,0,8145.00,0.00,181.00,0.00,8145.00,181.00,0.00,0.00,0.00,0.00,0.00,0.00,0.00,0.00,0.00,0.00,0.00,0.00,0.00,0.00,0.00,0.00,0.00,0.00,0.00,0.00,0.00,0.00,0.00,0.00,0.00,0.00,0.00,0.00,0.00,0.00,0.00,0.00,0.00,0.00,0.00,0.00,0.00,0.00,181.00,0.00,0.00,0.00,0.00,0.00,0.00,0.00,0.00,0.00,0.00,3,2,1,0,0.00,0.00,0.00,0.00,0.00,0.00,0.00,0.00,0.00,0.00,0.00,0.00,0.00,0.00,0.00,0.00,0.00,0.00,0.00,0.00,0.00,0.00,0.00,0.00,0.00,0.00,0.00,0.00,0.00,0.00,0.00,0.00,0.00,0.00,0.00,0.00,0.00,0.00,0.00,0.00,0.00,0.00,0.00,0.00,0.00,0.00,0.00,0.00,0.00,0.00,0.00,0.00,0.00,8148.00,0.00,0.00,0.00,0.00,1995.37
0.50,0.00,0.00,0.00,0.00,0.00,1.99,0.00,0.00,97.51,0.00,280.00,0.00,0.00,0.00,0.00,2.00,0.00,4788.00,0.00,0.00,0.00,0.00,0.00,0.00,0.00,0.00,0.00,672696,1153156,1368024,67.04,47972,550952,3817632,187.07,839068,365404,52,605652,100544,7408,28944,0,0,0,0.00,0,0.00,0,0,0.00,26720,7648,36954,0,0,463,0.00,0.00,0.02,0,0.00,0.00,0.00,0.00,0.00,0.00,0.00,0.00,0.00,0.00,0.00,0.00,0.00,0.00,9544.00,0.00,13880.64,0.00,0.00,0.00,0.00,0.00,0.00,0.00,0.00,1.00,0.00,0.00,0.00,0.00,0.00,0.00,0.00,0.00,0.00,0.00,0.00,0.00,0.00,0.00,0.00,0.00,0.00,0.00,0.00,0.00,0.00,0.00,724,3,5,0,0,0,9540.00,0.00,212.00,0.00,9540.00,212.00,0.00,0.00,0.00,0.00,0.00,0.00,0.00,0.00,0.00,0.00,0.00,0.00,0.00,0.00,0.00,0.00,0.00,0.00,0.00,0.00,0.00,0.00,0.00,0.00,0.00,0.00,0.00,0.00,0.00,0.00,0.00,0.00,0.00,0.00,0.00,0.00,0.00,0.00,212.00,0.00,0.00,0.00,0.00,0.00,0.00,0.00,0.00,0.00,0.00,3,2,1,0,0.00,0.00,0.00,0.00,0.00,0.00,0.00,0.00,0.00,0.00,0.00,0.00,0.00,0.00,0.00,0.00,0.00,0.00,0.00,0.00,0.00,0.00,0.00,0.00,0.00,0.00,0.00,0.00,0.00,0.00,0.00,0.00,0.00,0.00,0.00,0.00,0.00,0.00,0.00,0.00,0.00,0.00,0.00,0.00,0.00,0.00,0.00,0.00,0.00,0.00,0.00,0.00,0.00,9544.00,0.00,0.00,0.00,0.00,1995.37
0.49,0.00,0.00,0.00,0.49,0.00,2.46,0.00,0.00,96.55,0.00,273.00,0.00,0.00,0.00,0.00,0.00,0.00,4964.00,0.00,0.00,0.00,0.00,0.00,0.00,0.00,0.00,0.00,672728,1153236,1367992,67.03,47972,550968,3817632,187.07,839068,365452,68,605652,100544,7408,28944,0,0,0,0.00,0,0.00,0,0,0.00,26720,7648,36954,0,0,463,0.00,0.00,0.02,0,0.00,0.00,0.00,0.00,0.00,0.00,0.00,0.00,0.00,0.00,0.00,0.00,0.00,0.00,9772.00,0.00,14208.19,0.00,0.00,0.00,0.00,0.00,0.00,0.00,0.00,0.00,0.00,0.00,0.00,0.00,0.00,0.00,0.00,0.00,0.00,0.00,0.00,0.00,0.00,0.00,0.00,0.00,0.00,0.00,0.00,0.00,0.00,0.00,724,3,5,0,0,0,9765.00,0.00,217.00,0.00,9765.00,217.00,0.00,0.00,0.00,0.00,0.00,0.00,0.00,0.00,0.00,0.00,0.00,0.00,0.00,0.00,0.00,0.00,0.00,0.00,0.00,0.00,0.00,0.00,0.00,0.00,0.00,0.00,0.00,0.00,0.00,0.00,0.00,0.00,0.00,0.00,0.00,0.00,0.00,0.00,217.00,0.00,0.00,0.00,0.00,0.00,0.00,0.00,0.00,0.00,0.00,3,2,1,0,0.00,0.00,0.00,0.00,0.00,0.00,0.00,0.00,0.00,0.00,0.00,0.00,0.00,0.00,0.00,0.00,0.00,0.00,0.00,0.00,0.00,0.00,0.00,0.00,0.00,0.00,0.00,0.00,0.00,0.00,0.00,0.00,0.00,0.00,0.00,0.00,0.00,0.00,0.00,0.00,0.00,0.00,0.00,0.00,0.00,0.00,0.00,0.00,0.00,0.00,0.00,0.00,0.00,9772.00,0.00,0.00,0.00,0.00,1995.37
0.00,0.00,0.00,2.50,0.00,0.00,1.00,0.00,0.00,96.50,0.00,272.00,0.00,0.00,0.00,24.00,0.00,0.00,2509.00,0.00,0.00,0.00,0.00,2.00,0.00,2.00,0.00,48.00,672668,1153176,1368052,67.04,47980,550984,3817632,187.07,839068,365452,96,605652,100544,7408,28944,0,0,0,0.00,0,0.00,0,0,0.00,26720,7648,36954,0,0,463,0.00,0.00,0.02,0,0.00,0.00,0.00,0.00,0.00,0.00,2.00,0.00,24.00,12.00,0.00,24.00,0.00,0.00,4999.00,0.00,7267.81,0.00,0.00,0.00,0.00,0.00,0.00,0.00,0.00,1.00,0.00,0.00,0.00,0.00,0.00,0.00,0.00,0.00,0.00,0.00,0.00,0.00,0.00,0.00,0.00,0.00,0.00,0.00,0.00,0.00,0.00,0.00,724,3,5,0,0,0,4995.00,0.00,111.00,0.00,4995.00,111.00,0.00,0.00,0.00,0.00,0.00,0.00,0.00,0.00,0.00,0.00,0.00,0.00,0.00,0.00,0.00,0.00,0.00,0.00,0.00,0.00,0.00,0.00,0.00,0.00,0.00,0.00,0.00,0.00,0.00,0.00,0.00,0.00,0.00,0.00,0.00,0.00,0.00,0.00,111.00,0.00,0.00,0.00,0.00,0.00,0.00,0.00,0.00,0.00,0.00,3,2,1,0,0.00,0.00,0.00,0.00,0.00,0.00,0.00,0.00,0.00,0.00,0.00,0.00,0.00,0.00,0.00,0.00,0.00,0.00,0.00,0.00,0.00,0.00,0.00,0.00,0.00,0.00,0.00,0.00,0.00,0.00,0.00,0.00,0.00,0.00,0.00,0.00,0.00,0.00,0.00,0.00,0.00,0.00,0.00,0.00,0.00,0.00,0.00,0.00,0.00,0.00,0.00,0.00,0.00,4999.00,0.00,0.00,0.00,0.00,1995.37
1.01,0.00,0.00,0.00,0.00,0.00,0.00,0.00,0.00,98.99,0.00,316.00,0.00,0.00,0.00,0.00,0.00,0.00,1909.00,0.00,0.00,0.00,0.00,0.00,0.00,0.00,0.00,0.00,672636,1153144,1368084,67.04,47980,550996,3817632,187.07,839068,365452,108,605652,100548,7408,28944,0,0,0,0.00,0,0.00,0,0,0.00,26720,7648,36954,0,0,463,0.00,0.00,0.02,0,0.00,0.00,0.00,0.00,0.00,0.00,0.00,0.00,0.00,0.00,0.00,0.00,0.00,0.00,3784.00,1.00,5500.02,0.04,0.00,0.00,0.00,0.00,0.00,0.00,0.00,0.00,0.00,0.00,0.00,0.00,0.00,0.00,0.00,0.00,0.00,0.00,0.00,0.00,0.00,0.00,0.00,0.00,0.00,0.00,0.00,0.00,0.00,0.00,724,3,5,0,0,0,3780.00,0.00,84.00,0.00,3780.00,84.00,0.00,0.00,0.00,0.00,0.00,0.00,0.00,0.00,0.00,0.00,0.00,0.00,0.00,0.00,0.00,0.00,0.00,0.00,0.00,0.00,0.00,0.00,0.00,0.00,0.00,0.00,0.00,0.00,0.00,0.00,0.00,0.00,0.00,0.00,0.00,0.00,0.00,0.00,84.00,0.00,0.00,0.00,0.00,0.00,0.00,0.00,0.00,0.00,0.00,3,2,1,0,0.00,0.00,0.00,0.00,0.00,0.00,0.00,0.00,0.00,0.00,0.00,0.00,0.00,0.00,0.00,0.00,0.00,0.00,0.00,0.00,0.00,0.00,0.00,0.00,0.00,0.00,0.00,0.00,0.00,0.00,0.00,0.00,0.00,0.00,0.00,0.00,0.00,0.00,0.00,0.00,0.00,0.00,0.00,0.00,0.00,0.00,0.00,0.00,0.00,0.00,0.00,0.00,0.00,3784.00,0.00,0.00,0.00,0.00,1995.37
0.50,0.00,0.50,0.00,0.00,0.00,1.00,0.00,0.00,98.01,0.00,223.00,0.00,0.00,0.00,0.00,0.00,0.00,2356.00,0.00,0.00,0.00,0.00,0.00,0.00,0.00,0.00,0.00,672540,1153104,1368180,67.04,47980,551012,3817632,187.07,839068,365508,124,605652,100548,7408,28944,0,0,0,0.00,0,0.00,0,0,0.00,26720,7648,36954,0,0,463,0.00,0.00,0.01,0,0.00,0.00,0.00,0.00,0.00,0.00,0.00,0.00,0.00,0.00,0.00,0.00,0.00,0.00,4683.00,0.00,6809.43,0.00,0.00,0.00,0.00,0.00,0.00,0.00,0.00,1.00,0.00,0.00,0.00,0.00,0.00,0.00,0.00,0.00,0.00,0.00,0.00,0.00,0.00,0.00,0.00,0.00,0.00,0.00,0.00,0.00,0.00,0.00,724,3,5,0,0,0,4680.00,0.00,104.00,0.00,4680.00,104.00,0.00,0.00,0.00,0.00,0.00,0.00,0.00,0.00,0.00,0.00,0.00,0.00,0.00,0.00,0.00,0.00,0.00,0.00,0.00,0.00,0.00,0.00,0.00,0.00,0.00,0.00,0.00,0.00,0.00,0.00,0.00,0.00,0.00,0.00,0.00,0.00,0.00,0.00,104.00,0.00,0.00,0.00,0.00,0.00,0.00,0.00,0.00,0.00,0.00,3,2,1,0,0.00,0.00,0.00,0.00,0.00,0.00,0.00,0.00,0.00,0.00,0.00,0.00,0.00,0.00,0.00,0.00,0.00,0.00,0.00,0.00,0.00,0.00,0.00,0.00,0.00,0.00,0.00,0.00,0.00,0.00,0.00,0.00,0.00,0.00,0.00,0.00,0.00,0.00,0.00,0.00,0.00,0.00,0.00,0.00,0.00,0.00,0.00,0.00,0.00,0.00,0.00,0.00,0.00,4683.00,0.00,0.00,0.00,0.00,1995.37
0.00,0.00,0.50,0.00,0.00,0.00,0.50,0.00,0.00,98.99,0.00,205.00,0.00,0.00,0.00,0.00,2.00,0.00,2292.00,0.00,0.00,0.00,0.00,0.00,0.00,0.00,0.00,0.00,672664,1153228,1368056,67.04,47980,551028,3817632,187.07,839068,365508,140,605652,100548,7408,28944,0,0,0,0.00,0,0.00,0,0,0.00,26720,7648,36954,0,0,463,0.00,0.00,0.01,0,0.00,0.00,0.00,0.00,0.00,0.00,0.00,0.00,0.00,0.00,0.00,0.00,0.00,0.00,4552.00,0.00,6613.25,0.00,0.00,0.00,0.00,0.00,0.00,0.00,0.00,0.00,0.00,0.00,0.00,0.00,0.00,0.00,0.00,0.00,0.00,0.00,0.00,0.00,0.00,0.00,0.00,0.00,0.00,0.00,0.00,0.00,0.00,0.00,724,3,5,0,0,0,4545.00,0.00,101.00,0.00,4545.00,101.00,0.00,0.00,0.00,0.00,0.00,0.00,0.00,0.00,0.00,0.00,0.00,0.00,0.00,0.00,0.00,0.00,0.00,0.00,0.00,0.00,0.00,0.00,0.00,0.00,0.00,0.00,0.00,0.00,0.00,0.00,0.00,0.00,0.00,0.00,0.00,0.00,0.00,0.00,101.00,0.00,0.00,0.00,0.00,0.00,0.00,0.00,0.00,0.00,0.00,3,2,1,0,0.00,0.00,0.00,0.00,0.00,0.00,0.00,0.00,0.00,0.00,0.00,0.00,0.00,0.00,0.00,0.00,0.00,0.00,0.00,0.00,0.00,0.00,0.00,0.00,0.00,0.00,0.00,0.00,0.00,0.00,0.00,0.00,0.00,0.00,0.00,0.00,0.00,0.00,0.00,0.00,0.00,0.00,0.00,0.00,0.00,0.00,0.00,0.00,0.00,0.00,0.00,0.00,0.00,4552.00,0.00,0.00,0.00,0.00,1995.37
0.51,0.00,0.00,0.00,0.00,0.00,0.51,0.00,0.00,98.98,0.00,123.00,0.00,0.00,0.00,0.00,11.00,0.00,4381.00,0.00,0.00,0.00,0.00,0.00,0.00,0.00,0.00,0.00,672728,1153292,1367992,67.03,47980,551044,3817632,187.07,839068,365508,156,605652,100548,7408,28944,0,0,0,0.00,0,0.00,0,0,0.00,26720,7648,36954,0,0,463,0.00,0.00,0.01,0,0.00,0.00,0.00,0.00,0.00,0.00,0.00,0.00,0.00,0.00,0.00,0.00,0.00,0.00,8688.00,0.00,12636.59,0.00,0.00,0.00,0.00,0.00,0.00,0.00,0.00,1.00,0.00,0.00,0.00,0.00,0.00,0.00,0.00,0.00,0.00,0.00,0.00,0.00,0.00,0.00,0.00,0.00,0.00,0.00,0.00,0.00,0.00,0.00,724,3,5,0,0,0,8685.00,0.00,193.00,0.00,8685.00,193.00,0.00,0.00,0.00,0.00,0.00,0.00,0.00,0.00,0.00,0.00,0.00,0.00,0.00,0.00,0.00,0.00,0.00,0.00,0.00,0.00,0.00,0.00,0.00,0.00,0.00,0.00,0.00,0.00,0.00,0.00,0.00,0.00,0.00,0.00,0.00,0.00,0.00,0.00,193.00,0.00,0.00,0.00,0.00,0.00,0.00,0.00,0.00,0.00,0.00,3,2,1,0,0.00,0.00,0.00,0.00,0.00,0.00,0.00,0.00,0.00,0.00,0.00,0.00,0.00,0.00,0.00,0.00,0.00,0.00,0.00,0.00,0.00,0.00,0.00,0.00,0.00,0.00,0.00,0.00,0.00,0.00,0.00,0.00,0.00,0.00,0.00,0.00,0.00,0.00,0.00,0.00,0.00,0.00,0.00,0.00,0.00,0.00,0.00,0.00,0.00,0.00,0.00,0.00,0.00,8688.00,0.00,0.00,0.00,0.00,1995.37
1.01,0.00,0.00,1.51,0.00,0.00,0.00,0.00,0.00,97.49,0.00,119.00,0.00,0.00,0.00,12.00,5.00,0.00,785.00,0.00,0.00,0.00,0.00,2.00,0.00,2.00,0.00,24.00,672792,1153416,1367928,67.03,47988,551060,3817632,187.07,839072,365560,172,605648,100548,7408,28944,0,0,0,0.00,0,0.00,0,0,0.00,26720,7648,36954,0,0,463,0.00,0.00,0.01,0,0.00,0.00,0.00,0.00,0.00,0.00,2.00,0.00,12.00,6.00,0.00,16.00,0.00,0.00,1530.00,0.00,2226.10,0.00,0.00,0.00,0.00,0.00,0.00,0.00,0.00,0.00,0.00,0.00,0.00,0.00,0.00,0.00,0.00,0.00,0.00,0.00,0.00,0.00,0.00,0.00,0.00,0.00,0.00,0.00,0.00,0.00,0.00,0.00,724,3,5,0,0,0,1530.00,0.00,34.00,0.00,1530.00,34.00,0.00,0.00,0.00,0.00,0.00,0.00,0.00,0.00,0.00,0.00,0.00,0.00,0.00,0.00,0.00,0.00,0.00,0.00,0.00,0.00,0.00,0.00,0.00,0.00,0.00,0.00,0.00,0.00,0.00,0.00,0.00,0.00,0.00,0.00,0.00,0.00,0.00,0.00,34.00,0.00,0.00,0.00,0.00,0.00,0.00,0.00,0.00,0.00,0.00,3,2,1,0,0.00,0.00,0.00,0.00,0.00,0.00,0.00,0.00,0.00,0.00,0.00,0.00,0.00,0.00,0.00,0.00,0.00,0.00,0.00,0.00,0.00,0.00,0.00,0.00,0.00,0.00,0.00,0.00,0.00,0.00,0.00,0.00,0.00,0.00,0.00,0.00,0.00,0.00,0.00,0.00,0.00,0.00,0.00,0.00,0.00,0.00,0.00,0.00,0.00,0.00,0.00,0.00,0.00,1530.00,0.00,0.00,0.00,0.00,1995.37
0.00,0.00,0.50,0.00,0.50,0.00,0.50,0.00,0.00,98.51,0.00,79.00,0.00,0.00,0.00,180.00,0.00,0.00,1452.00,0.00,0.00,0.00,0.00,2.00,0.00,2.00,0.00,360.00,672664,1153304,1368056,67.04,47988,551076,3817632,187.07,839072,365576,0,605648,100548,7408,28944,0,0,0,0.00,0,0.00,0,0,0.00,26720,7648,36954,0,0,463,0.00,0.00,0.01,0,0.00,0.00,0.00,0.00,0.00,0.00,2.00,0.00,180.00,90.00,0.00,0.00,0.00,0.00,2884.00,0.00,4190.55,0.00,0.00,0.00,0.00,0.00,0.00,0.00,0.00,1.00,0.00,0.00,0.00,0.00,0.00,0.00,0.00,0.00,0.00,0.00,0.00,0.00,0.00,0.00,0.00,0.00,0.00,0.00,0.00,0.00,0.00,0.00,724,3,5,0,0,0,2880.00,0.00,64.00,0.00,2880.00,64.00,0.00,0.00,0.00,0.00,0.00,0.00,0.00,0.00,0.00,0.00,0.00,0.00,0.00,0.00,0.00,0.00,0.00,0.00,0.00,0.00,0.00,0.00,0.00,0.00,0.00,0.00,0.00,0.00,0.00,0.00,0.00,0.00,0.00,0.00,0.00,0.00,0.00,0.00,64.00,0.00,0.00,0.00,0.00,0.00,0.00,0.00,0.00,0.00,0.00,3,2,1,0,0.00,0.00,0.00,0.00,0.00,0.00,0.00,0.00,0.00,0.00,0.00,0.00,0.00,0.00,0.00,0.00,0.00,0.00,0.00,0.00,0.00,0.00,0.00,0.00,0.00,0.00,0.00,0.00,0.00,0.00,0.00,0.00,0.00,0.00,0.00,0.00,0.00,0.00,0.00,0.00,0.00,0.00,0.00,0.00,0.00,0.00,0.00,0.00,0.00,0.00,0.00,0.00,0.00,2884.00,0.00,0.00,0.00,0.00,1995.37
0.50,0.00,0.50,0.00,0.00,0.00,0.00,0.00,0.00,99.00,0.00,51.00,0.00,0.00,0.00,0.00,0.00,0.00,60.00,0.00,0.00,0.00,0.00,0.00,0.00,0.00,0.00,0.00,672760,1153400,1367960,67.03,47988,551076,3817632,187.07,839072,365576,0,605648,100548,7408,28944,0,0,0,0.00,0,0.00,0,0,0.00,26720,7648,36954,0,0,463,0.00,0.00,0.01,0,0.00,0.00,0.00,0.00,0.00,0.00,0.00,0.00,0.00,0.00,0.00,0.00,0.00,0.00,97.00,0.00,131.36,0.00,0.00,0.00,0.00,0.00,0.00,0.00,0.00,0.00,0.00,0.00,0.00,0.00,0.00,0.00,0.00,0.00,0.00,0.00,0.00,0.00,0.00,0.00,0.00,0.00,0.00,0.00,0.00,0.00,0.00,0.00,724,3,5,0,0,0,90.00,0.00,2.00,0.00,90.00,2.00,0.00,0.00,0.00,0.00,0.00,0.00,0.00,0.00,0.00,0.00,0.00,0.00,0.00,0.00,0.00,0.00,0.00,0.00,0.00,0.00,0.00,0.00,0.00,0.00,0.00,0.00,0.00,0.00,0.00,0.00,0.00,0.00,0.00,0.00,0.00,0.00,0.00,0.00,2.00,0.00,0.00,0.00,0.00,0.00,0.00,0.00,0.00,0.00,0.00,3,2,1,0,0.00,0.00,0.00,0.00,0.00,0.00,0.00,0.00,0.00,0.00,0.00,0.00,0.00,0.00,0.00,0.00,0.00,0.00,0.00,0.00,0.00,0.00,0.00,0.00,0.00,0.00,0.00,0.00,0.00,0.00,0.00,0.00,0.00,0.00,0.00,0.00,0.00,0.00,0.00,0.00,0.00,0.00,0.00,0.00,0.00,0.00,0.00,0.00,0.00,0.00,0.00,0.00,0.00,97.00,0.00,0.00,0.00,0.00,1995.37
0.50,0.00,0.00,0.00,0.00,0.00,0.50,0.00,0.00,98.99,0.00,94.00,0.00,0.00,0.00,0.00,0.00,0.00,2100.00,0.00,0.00,0.00,0.00,0.00,0.00,0.00,0.00,0.00,672668,1153308,1368052,67.04,47988,551108,3817632,187.07,839072,365576,36,605648,100548,7408,28944,0,0,0,0.00,0,0.00,0,0,0.00,26720,7648,36954,0,0,463,0.00,0.00,0.01,0,0.00,0.00,0.00,0.00,0.00,0.00,0.00,0.00,0.00,0.00,0.00,0.00,0.00,0.00,4194.00,0.00,6089.58,0.00,0.00,0.00,0.00,0.00,0.00,0.00,0.00,1.00,0.00,0.00,0.00,0.00,0.00,0.00,0.00,0.00,0.00,0.00,0.00,0.00,0.00,0.00,0.00,0.00,0.00,0.00,0.00,0.00,0.00,0.00,724,3,5,0,0,0,4185.00,0.00,93.00,0.00,4185.00,93.00,0.00,0.00,0.00,0.00,0.00,0.00,0.00,0.00,0.00,0.00,0.00,0.00,0.00,0.00,0.00,0.00,0.00,0.00,0.00,0.00,0.00,0.00,0.00,0.00,0.00,0.00,0.00,0.00,0.00,0.00,0.00,0.00,0.00,0.00,0.00,0.00,0.00,0.00,93.00,0.00,0.00,0.00,0.00,0.00,0.00,0.00,0.00,0.00,0.00,3,2,1,0,0.00,0.00,0.00,0.00,0.00,0.00,0.00,0.00,0.00,0.00,0.00,0.00,0.00,0.00,0.00,0.00,0.00,0.00,0.00,0.00,0.00,0.00,0.00,0.00,0.00,0.00,0.00,0.00,0.00,0.00,0.00,0.00,0.00,0.00,0.00,0.00,0.00,0.00,0.00,0.00,0.00,0.00,0.00,0.00,0.00,0.00,0.00,0.00,0.00,0.00,0.00,0.00,0.00,4194.00,0.00,0.00,0.00,0.00,1995.37
0.00,0.00,0.00,0.00,0.00,0.00,1.01,0.00,0.00,98.99,0.00,97.00,0.00,0.00,0.00,0.00,0.00,0.00,4092.00,0.00,0.00,0.00,0.00,0.00,0.00,0.00,0.00,0.00,672668,1153308,1368052,67.04,47988,551124,3817632,187.07,839072,365576,52,605648,100548,7408,28944,0,0,0,0.00,0,0.00,0,0,0.00,26720,7648,36954,0,0,463,0.00,0.00,0.01,0,0.00,0.00,0.00,0.00,0.00,0.00,0.00,0.00,0.00,0.00,0.00,0.00,0.00,0.00,8108.00,0.00,11785.72,0.00,0.00,0.00,0.00,0.00,0.00,0.00,0.00,0.00,0.00,0.00,0.00,0.00,0.00,0.00,0.00,0.00,0.00,0.00,0.00,0.00,0.00,0.00,0.00,0.00,0.00,0.00,0.00,0.00,0.00,0.00,724,3,5,0,0,0,8100.00,0.00,180.00,0.00,8100.00,180.00,0.00,0.00,0.00,0.00,0.00,0.00,0.00,0.00,0.00,0.00,0.00,0.00,0.00,0.00,0.00,0.00,0.00,0.00,0.00,0.00,0.00,0.00,0.00,0.00,0.00,0.00,0.00,0.00,0.00,0.00,0.00,0.00,0.00,0.00,0.00,0.00,0.00,0.00,180.00,0.00,0.00,0.00,0.00,0.00,0.00,0.00,0.00,0.00,0.00,3,2,1,0,0.00,0.00,0.00,0.00,0.00,0.00,0.00,0.00,0.00,0.00,0.00,0.00,0.00,0.00,0.00,0.00,0.00,0.00,0.00,0.00,0.00,0.00,0.00,0.00,0.00,0.00,0.00,0.00,0.00,0.00,0.00,0.00,0.00,0.00,0.00,0.00,0.00,0.00,0.00,0.00,0.00,0.00,0.00,0.00,0.00,0.00,0.00,0.00,0.00,0.00,0.00,0.00,0.00,8108.00,0.00,0.00,0.00,0.00,1995.37
0.00,0.00,0.00,5.56,0.00,0.00,0.00,0.00,0.00,94.44,0.00,91.00,0.00,0.00,0.00,20.00,0.00,0.00,76.00,0.00,0.00,0.00,0.00,2.00,0.00,2.00,0.00,40.00,672636,1153336,1368084,67.04,47996,551136,3817632,187.07,839076,365628,72,605648,100552,7408,28944,0,0,0,0.00,0,0.00,0,0,0.00,26720,7648,36954,0,0,463,0.00,0.00,0.01,0,0.00,0.00,0.00,0.00,0.00,0.00,2.00,0.00,20.00,10.00,0.00,56.00,0.00,0.00,144.00,0.00,196.95,0.00,0.00,0.00,0.00,0.00,0.00,0.00,0.00,1.00,0.00,0.00,0.00,0.00,0.00,0.00,0.00,0.00,0.00,0.00,0.00,0.00,0.00,0.00,0.00,0.00,0.00,0.00,0.00,0.00,0.00,0.00,724,3,5,0,0,0,135.00,0.00,3.00,0.00,135.00,3.00,0.00,0.00,0.00,0.00,0.00,0.00,0.00,0.00,0.00,0.00,0.00,0.00,0.00,0.00,0.00,0.00,0.00,0.00,0.00,0.00,0.00,0.00,0.00,0.00,0.00,0.00,0.00,0.00,0.00,0.00,0.00,0.00,0.00,0.00,0.00,0.00,0.00,0.00,3.00,0.00,0.00,0.00,0.00,0.00,0.00,0.00,0.00,0.00,0.00,3,2,1,0,0.00,0.00,0.00,0.00,0.00,0.00,0.00,0.00,0.00,0.00,0.00,0.00,0.00,0.00,0.00,0.00,0.00,0.00,0.00,0.00,0.00,0.00,0.00,0.00,0.00,0.00,0.00,0.00,0.00,0.00,0.00,0.00,0.00,0.00,0.00,0.00,0.00,0.00,0.00,0.00,0.00,0.00,0.00,0.00,0.00,0.00,0.00,0.00,0.00,0.00,0.00,0.00,0.00,144.00,0.00,0.00,0.00,0.00,1995.37
0.50,0.00,0.50,0.00,0.00,0.00,0.50,0.00,0.00,98.51,0.00,101.00,0.00,0.00,0.00,0.00,0.00,0.00,1204.00,0.00,0.00,0.00,0.00,0.00,0.00,0.00,0.00,0.00,672728,1153428,1367992,67.03,47996,551152,3817632,187.07,839076,365628,88,605648,100552,7408,28944,0,0,0,0.00,0,0.00,0,0,0.00,26720,7648,36954,0,0,463,0.00,0.00,0.01,0,0.00,0.00,0.00,0.00,0.00,0.00,0.00,0.00,0.00,0.00,0.00,0.00,0.00,0.00,2395.00,0.00,3470.72,0.00,0.00,0.00,0.00,0.00,0.00,0.00,0.00,2.00,0.00,0.00,0.00,0.00,0.00,0.00,0.00,0.00,0.00,0.00,0.00,0.00,0.00,0.00,0.00,0.00,0.00,0.00,0.00,0.00,0.00,0.00,724,3,5,0,0,0,2385.00,0.00,53.00,0.00,2385.00,53.00,0.00,0.00,0.00,0.00,0.00,0.00,0.00,0.00,0.00,0.00,0.00,0.00,0.00,0.00,0.00,0.00,0.00,0.00,0.00,0.00,0.00,0.00,0.00,0.00,0.00,0.00,0.00,0.00,0.00,0.00,0.00,0.00,0.00,0.00,0.00,0.00,0.00,0.00,53.00,0.00,0.00,0.00,0.00,0.00,0.00,0.00,0.00,0.00,0.00,3,2,1,0,0.00,0.00,0.00,0.00,0.00,0.00,0.00,0.00,0.00,0.00,0.00,0.00,0.00,0.00,0.00,0.00,0.00,0.00,0.00,0.00,0.00,0.00,0.00,0.00,0.00,0.00,0.00,0.00,0.00,0.00,0.00,0.00,0.00,0.00,0.00,0.00,0.00,0.00,0.00,0.00,0.00,0.00,0.00,0.00,0.00,0.00,0.00,0.00,0.00,0.00,0.00,0.00,0.00,2395.00,0.00,0.00,0.00,0.00,1995.37
0.00,0.00,0.00,0.00,0.00,0.00,0.00,0.00,0.00,100.00,0.00,52.00,0.00,0.00,0.00,0.00,0.00,0.00,171.00,0.00,0.00,0.00,0.00,0.00,0.00,0.00,0.00,0.00,672760,1153460,1367960,67.03,47996,551168,3817632,187.07,839076,365628,104,605648,100552,7408,28944,0,0,0,0.00,0,0.00,0,0,0.00,26720,7648,36954,0,0,463,0.00,0.00,0.01,0,0.00,0.00,0.00,0.00,0.00,0.00,0.00,0.00,0.00,0.00,0.00,0.00,0.00,0.00,322.00,0.00,458.73,0.00,0.00,0.00,0.00,0.00,0.00,0.00,0.00,1.00,0.00,0.00,0.00,0.00,0.00,0.00,0.00,0.00,0.00,0.00,0.00,0.00,0.00,0.00,0.00,0.00,0.00,0.00,0.00,0.00,0.00,0.00,724,3,5,0,0,0,315.00,0.00,7.00,0.00,315.00,7.00,0.00,0.00,0.00,0.00,0.00,0.00,0.00,0.00,0.00,0.00,0.00,0.00,0.00,0.00,0.00,0.00,0.00,0.00,0.00,0.00,0.00,0.00,0.00,0.00,0.00,0.00,0.00,0.00,0.00,0.00,0.00,0.00,0.00,0.00,0.00,0.00,0.00,0.00,7.00,0.00,0.00,0.00,0.00,0.00,0.00,0.00,0.00,0.00,0.00,3,2,1,0,0.00,0.00,0.00,0.00,0.00,0.00,0.00,0.00,0.00,0.00,0.00,0.00,0.00,0.00,0.00,0.00,0.00,0.00,0.00,0.00,0.00,0.00,0.00,0.00,0.00,0.00,0.00,0.00,0.00,0.00,0.00,0.00,0.00,0.00,0.00,0.00,0.00,0.00,0.00,0.00,0.00,0.00,0.00,0.00,0.00,0.00,0.00,0.00,0.00,0.00,0.00,0.00,0.00,322.00,0.00,0.00,0.00,0.00,1995.37
0.50,0.00,0.50,0.00,0.00,0.00,0.00,0.00,0.00,99.00,0.00,49.00,0.00,0.00,0.00,0.00,0.00,0.00,43.00,0.00,0.00,0.00,0.00,0.00,0.00,0.00,0.00,0.00,672664,1153420,1368056,67.04,47996,551184,3817632,187.07,839076,365684,120,605648,100552,7408,28944,0,0,0,0.00,0,0.00,0,0,0.00,26720,7648,36954,0,0,463,0.00,0.00,0.01,0,0.00,0.00,0.00,0.00,0.00,0.00,0.00,0.00,0.00,0.00,0.00,0.00,0.00,0.00,92.00,0.00,131.06,0.00,0.00,0.00,0.00,0.00,0.00,0.00,0.00,0.00,0.00,0.00,0.00,0.00,0.00,0.00,0.00,0.00,0.00,0.00,0.00,0.00,0.00,0.00,0.00,0.00,0.00,0.00,0.00,0.00,0.00,0.00,724,3,5,0,0,0,90.00,0.00,2.00,0.00,90.00,2.00,0.00,0.00,0.00,0.00,0.00,0.00,0.00,0.00,0.00,0.00,0.00,0.00,0.00,0.00,0.00,0.00,0.00,0.00,0.00,0.00,0.00,0.00,0.00,0.00,0.00,0.00,0.00,0.00,0.00,0.00,0.00,0.00,0.00,0.00,0.00,0.00,0.00,0.00,2.00,0.00,0.00,0.00,0.00,0.00,0.00,0.00,0.00,0.00,0.00,3,2,1,0,0.00,0.00,0.00,0.00,0.00,0.00,0.00,0.00,0.00,0.00,0.00,0.00,0.00,0.00,0.00,0.00,0.00,0.00,0.00,0.00,0.00,0.00,0.00,0.00,0.00,0.00,0.00,0.00,0.00,0.00,0.00,0.00,0.00,0.00,0.00,0.00,0.00,0.00,0.00,0.00,0.00,0.00,0.00,0.00,0.00,0.00,0.00,0.00,0.00,0.00,0.00,0.00,0.00,92.00,0.00,0.00,0.00,0.00,1995.37
0.50,0.00,0.00,0.00,0.00,0.00,0.50,0.00,0.00,99.00,0.00,64.00,0.00,0.00,0.00,0.00,0.00,0.00,124.00,0.00,0.00,0.00,0.00,0.00,0.00,0.00,0.00,0.00,672664,1153420,1368056,67.04,47996,551200,3817632,187.07,839076,365684,136,605648,100552,7408,28944,0,0,0,0.00,0,0.00,0,0,0.00,26720,7648,36954,0,0,463,0.00,0.00,0.01,0,0.00,0.00,0.00,0.00,0.00,0.00,0.00,0.00,0.00,0.00,0.00,0.00,0.00,0.00,228.00,0.00,327.54,0.00,0.00,0.00,0.00,0.00,0.00,0.00,0.00,1.00,0.00,0.00,0.00,0.00,0.00,0.00,0.00,0.00,0.00,0.00,0.00,0.00,0.00,0.00,0.00,0.00,0.00,0.00,0.00,0.00,0.00,0.00,724,3,5,0,0,0,225.00,0.00,5.00,0.00,225.00,5.00,0.00,0.00,0.00,0.00,0.00,0.00,0.00,0.00,0.00,0.00,0.00,0.00,0.00,0.00,0.00,0.00,0.00,0.00,0.00,0.00,0.00,0.00,0.00,0.00,0.00,0.00,0.00,0.00,0.00,0.00,0.00,0.00,0.00,0.00,0.00,0.00,0.00,0.00,5.00,0.00,0.00,0.00,0.00,0.00,0.00,0.00,0.00,0.00,0.00,3,2,1,0,0.00,0.00,0.00,0.00,0.00,0.00,0.00,0.00,0.00,0.00,0.00,0.00,0.00,0.00,0.00,0.00,0.00,0.00,0.00,0.00,0.00,0.00,0.00,0.00,0.00,0.00,0.00,0.00,0.00,0.00,0.00,0.00,0.00,0.00,0.00,0.00,0.00,0.00,0.00,0.00,0.00,0.00,0.00,0.00,0.00,0.00,0.00,0.00,0.00,0.00,0.00,0.00,0.00,228.00,0.00,0.00,0.00,0.00,1995.37
0.50,0.00,0.00,5.50,0.00,0.00,0.00,0.00,0.00,94.00,0.00,51.00,0.00,0.00,0.00,12.00,0.00,0.00,19.00,0.00,0.00,0.00,0.00,2.00,0.00,2.00,0.00,24.00,672604,1153360,1368116,67.04,48004,551192,3817632,187.07,839076,365684,136,605648,100552,7408,28944,0,0,0,0.00,0,0.00,0,0,0.00,26720,7648,36954,0,0,463,0.00,0.00,0.01,0,0.00,0.00,0.00,0.00,0.00,0.00,2.00,0.00,12.00,6.00,0.00,56.00,0.00,0.00,50.00,0.00,65.77,0.00,0.00,0.00,0.00,0.00,0.00,0.00,0.00,0.00,0.00,0.00,0.00,0.00,0.00,0.00,0.00,0.00,0.00,0.00,0.00,0.00,0.00,0.00,0.00,0.00,0.00,0.00,0.00,0.00,0.00,0.00,724,3,5,0,0,0,45.00,0.00,1.00,0.00,45.00,1.00,0.00,0.00,0.00,0.00,0.00,0.00,0.00,0.00,0.00,0.00,0.00,0.00,0.00,0.00,0.00,0.00,0.00,0.00,0.00,0.00,0.00,0.00,0.00,0.00,0.00,0.00,0.00,0.00,0.00,0.00,0.00,0.00,0.00,0.00,0.00,0.00,0.00,0.00,1.00,0.00,0.00,0.00,0.00,0.00,0.00,0.00,0.00,0.00,0.00,3,2,1,0,0.00,0.00,0.00,0.00,0.00,0.00,0.00,0.00,0.00,0.00,0.00,0.00,0.00,0.00,0.00,0.00,0.00,0.00,0.00,0.00,0.00,0.00,0.00,0.00,0.00,0.00,0.00,0.00,0.00,0.00,0.00,0.00,0.00,0.00,0.00,0.00,0.00,0.00,0.00,0.00,0.00,0.00,0.00,0.00,0.00,0.00,0.00,0.00,0.00,0.00,0.00,0.00,0.00,50.00,0.00,0.00,0.00,0.00,1995.37
0.00,0.00,0.00,0.00,0.00,0.00,0.00,0.00,0.00,100.00,0.00,40.00,0.00,0.00,0.00,0.00,0.00,0.00,12.00,0.00,0.00,0.00,0.00,0.00,0.00,0.00,0.00,0.00,672604,1153416,1368116,67.04,48004,551232,3817632,187.07,839084,365732,168,605648,100552,7408,28944,0,0,0,0.00,0,0.00,0,0,0.00,26720,7648,36954,0,0,463,0.00,0.00,0.01,0,0.00,0.00,0.00,0.00,0.00,0.00,0.00,0.00,0.00,0.00,0.00,0.00,0.00,0.00,4.00,0.00,0.23,0.00,0.00,0.00,0.00,0.00,0.00,0.00,0.00,1.00,0.00,0.00,0.00,0.00,0.00,0.00,0.00,0.00,0.00,0.00,0.00,0.00,0.00,0.00,0.00,0.00,0.00,0.00,0.00,0.00,0.00,0.00,724,3,5,0,0,0,0.00,0.00,0.00,0.00,0.00,0.00,0.00,0.00,0.00,0.00,0.00,0.00,0.00,0.00,0.00,0.00,0.00,0.00,0.00,0.00,0.00,0.00,0.00,0.00,0.00,0.00,0.00,0.00,0.00,0.00,0.00,0.00,0.00,0.00,0.00,0.00,0.00,0.00,0.00,0.00,0.00,0.00,0.00,0.00,0.00,0.00,0.00,0.00,0.00,0.00,0.00,0.00,0.00,0.00,0.00,3,2,1,0,0.00,0.00,0.00,0.00,0.00,0.00,0.00,0.00,0.00,0.00,0.00,0.00,0.00,0.00,0.00,0.00,0.00,0.00,0.00,0.00,0.00,0.00,0.00,0.00,0.00,0.00,0.00,0.00,0.00,0.00,0.00,0.00,0.00,0.00,0.00,0.00,0.00,0.00,0.00,0.00,0.00,0.00,0.00,0.00,0.00,0.00,0.00,0.00,0.00,0.00,0.00,0.00,0.00,4.00,0.00,0.00,0.00,0.00,1995.37
0.50,0.00,0.50,0.00,0.00,0.00,0.00,0.00,0.00,99.00,0.00,59.00,0.00,0.00,0.00,0.00,0.00,0.00,91.00,0.00,0.00,0.00,0.00,0.00,0.00,0.00,0.00,0.00,672604,1153416,1368116,67.04,48004,551248,3817632,187.07,839084,365732,184,605648,100552,7408,28944,0,0,0,0.00,0,0.00,0,0,0.00,26720,7648,36954,0,0,463,0.00,0.00,0.01,0,0.00,0.00,0.00,0.00,0.00,0.00,0.00,0.00,0.00,0.00,0.00,0.00,0.00,0.00,183.00,0.00,262.07,0.00,0.00,0.00,0.00,0.00,0.00,0.00,0.00,0.00,0.00,0.00,0.00,0.00,0.00,0.00,0.00,0.00,0.00,0.00,0.00,0.00,0.00,0.00,0.00,0.00,0.00,0.00,0.00,0.00,0.00,0.00,724,3,5,0,0,0,180.00,0.00,4.00,0.00,180.00,4.00,0.00,0.00,0.00,0.00,0.00,0.00,0.00,0.00,0.00,0.00,0.00,0.00,0.00,0.00,0.00,0.00,0.00,0.00,0.00,0.00,0.00,0.00,0.00,0.00,0.00,0.00,0.00,0.00,0.00,0.00,0.00,0.00,0.00,0.00,0.00,0.00,0.00,0.00,4.00,0.00,0.00,0.00,0.00,0.00,0.00,0.00,0.00,0.00,0.00,3,2,1,0,0.00,0.00,0.00,0.00,0.00,0.00,0.00,0.00,0.00,0.00,0.00,0.00,0.00,0.00,0.00,0.00,0.00,0.00,0.00,0.00,0.00,0.00,0.00,0.00,0.00,0.00,0.00,0.00,0.00,0.00,0.00,0.00,0.00,0.00,0.00,0.00,0.00,0.00,0.00,0.00,0.00,0.00,0.00,0.00,0.00,0.00,0.00,0.00,0.00,0.00,0.00,0.00,0.00,183.00,0.00,0.00,0.00,0.00,1995.37
0.00,0.00,0.00,0.00,0.00,0.00,0.00,0.00,0.00,100.00,0.00,77.00,0.00,0.00,0.00,0.00,0.00,0.00,835.00,0.00,0.00,0.00,0.00,0.00,0.00,0.00,0.00,0.00,672668,1153480,1368052,67.04,48004,551260,3817632,187.07,839084,365732,196,605648,100552,7408,28944,0,0,0,0.00,0,0.00,0,0,0.00,26720,7648,36954,0,0,463,0.00,0.00,0.01,0,0.00,0.00,0.00,0.00,0.00,0.00,0.00,0.00,0.00,0.00,0.00,0.00,0.00,0.00,1628.00,0.00,2357.52,0.00,0.00,0.00,0.00,0.00,0.00,0.00,0.00,1.00,0.00,0.00,0.00,0.00,0.00,0.00,0.00,0.00,0.00,0.00,0.00,0.00,0.00,0.00,0.00,0.00,0.00,0.00,0.00,0.00,0.00,0.00,724,3,5,0,0,0,1620.00,0.00,36.00,0.00,1620.00,36.00,0.00,0.00,0.00,0.00,0.00,0.00,0.00,0.00,0.00,0.00,0.00,0.00,0.00,0.00,0.00,0.00,0.00,0.00,0.00,0.00,0.00,0.00,0.00,0.00,0.00,0.00,0.00,0.00,0.00,0.00,0.00,0.00,0.00,0.00,0.00,0.00,0.00,0.00,36.00,0.00,0.00,0.00,0.00,0.00,0.00,0.00,0.00,0.00,0.00,3,2,1,0,0.00,0.00,0.00,0.00,0.00,0.00,0.00,0.00,0.00,0.00,0.00,0.00,0.00,0.00,0.00,0.00,0.00,0.00,0.00,0.00,0.00,0.00,0.00,0.00,0.00,0.00,0.00,0.00,0.00,0.00,0.00,0.00,0.00,0.00,0.00,0.00,0.00,0.00,0.00,0.00,0.00,0.00,0.00,0.00,0.00,0.00,0.00,0.00,0.00,0.00,0.00,0.00,0.00,1628.00,0.00,0.00,0.00,0.00,1995.37
0.50,0.00,0.00,0.00,0.00,0.00,0.50,0.00,0.00,99.00,0.00,92.00,0.00,0.00,0.00,0.00,0.00,0.00,1627.00,0.00,0.00,0.00,0.00,0.00,0.00,0.00,0.00,0.00,672636,1153448,1368084,67.04,48004,551276,3817632,187.07,839084,365732,212,605648,100552,7408,28944,0,0,0,0.00,0,0.00,0,0,0.00,26720,7648,36954,0,0,463,0.00,0.00,0.01,0,0.00,0.00,0.00,0.00,0.00,0.00,0.00,0.00,0.00,0.00,0.00,0.00,0.00,0.00,3249.00,0.00,4714.63,0.00,0.00,0.00,0.00,0.00,0.00,0.00,0.00,0.00,0.00,0.00,0.00,0.00,0.00,0.00,0.00,0.00,0.00,0.00,0.00,0.00,0.00,0.00,0.00,0.00,0.00,0.00,0.00,0.00,0.00,0.00,724,3,5,0,0,0,3240.00,0.00,72.00,0.00,3240.00,72.00,0.00,0.00,0.00,0.00,0.00,0.00,0.00,0.00,0.00,0.00,0.00,0.00,0.00,0.00,0.00,0.00,0.00,0.00,0.00,0.00,0.00,0.00,0.00,0.00,0.00,0.00,0.00,0.00,0.00,0.00,0.00,0.00,0.00,0.00,0.00,0.00,0.00,0.00,72.00,0.00,0.00,0.00,0.00,0.00,0.00,0.00,0.00,0.00,0.00,3,2,1,0,0.00,0.00,0.00,0.00,0.00,0.00,0.00,0.00,0.00,0.00,0.00,0.00,0.00,0.00,0.00,0.00,0.00,0.00,0.00,0.00,0.00,0.00,0.00,0.00,0.00,0.00,0.00,0.00,0.00,0.00,0.00,0.00,0.00,0.00,0.00,0.00,0.00,0.00,0.00,0.00,0.00,0.00,0.00,0.00,0.00,0.00,0.00,0.00,0.00,0.00,0.00,0.00,0.00,3249.00,0.00,0.00,0.00,0.00,1995.37
0.00,0.00,0.50,4.98,0.00,0.00,0.00,0.00,0.00,94.53,0.00,66.00,0.00,0.00,0.00,12.00,0.00,0.00,28.00,0.00,0.00,0.00,0.00,2.00,0.00,2.00,0.00,24.00,672540,1153408,1368180,67.04,48012,551292,3817632,187.07,839088,365784,228,605648,100556,7408,28944,0,0,0,0.00,0,0.00,0,0,0.00,26720,7648,36954,0,0,463,0.00,0.00,0.01,0,0.00,0.00,0.00,0.00,0.00,0.00,2.00,0.00,12.00,6.00,0.00,48.00,0.00,0.00,52.00,0.00,65.88,0.00,0.00,0.00,0.00,0.00,0.00,0.00,0.00,1.00,0.00,0.00,0.00,0.00,0.00,0.00,0.00,0.00,0.00,0.00,0.00,0.00,0.00,0.00,0.00,0.00,0.00,0.00,0.00,0.00,0.00,0.00,724,3,5,0,0,0,45.00,0.00,1.00,0.00,45.00,1.00,0.00,0.00,0.00,0.00,0.00,0.00,0.00,0.00,0.00,0.00,0.00,0.00,0.00,0.00,0.00,0.00,0.00,0.00,0.00,0.00,0.00,0.00,0.00,0.00,0.00,0.00,0.00,0.00,0.00,0.00,0.00,0.00,0.00,0.00,0.00,0.00,0.00,0.00,1.00,0.00,0.00,0.00,0.00,0.00,0.00,0.00,0.00,0.00,0.00,3,2,1,0,0.00,0.00,0.00,0.00,0.00,0.00,0.00,0.00,0.00,0.00,0.00,0.00,0.00,0.00,0.00,0.00,0.00,0.00,0.00,0.00,0.00,0.00,0.00,0.00,0.00,0.00,0.00,0.00,0.00,0.00,0.00,0.00,0.00,0.00,0.00,0.00,0.00,0.00,0.00,0.00,0.00,0.00,0.00,0.00,0.00,0.00,0.00,0.00,0.00,0.00,0.00,0.00,0.00,52.00,0.00,0.00,0.00,0.00,1995.37
0.51,0.00,0.00,0.00,0.00,0.00,0.51,0.00,0.00,98.99,0.00,112.87,0.00,0.00,0.00,0.00,0.00,0.00,3544.55,0.00,0.00,0.00,0.00,0.00,0.00,0.00,0.00,0.00,672668,1153536,1368052,67.04,48012,551308,3817632,187.07,839088,365784,244,605648,100556,7408,28944,0,0,0,0.00,0,0.00,0,0,0.00,26720,7648,36954,0,0,463,0.00,0.00,0.01,0,0.00,0.00,0.00,0.00,0.00,0.00,0.00,0.00,0.00,0.00,0.00,0.00,0.00,0.00,7047.52,0.00,10242.87,0.00,0.00,0.00,0.00,0.00,0.00,0.00,0.00,0.00,0.00,0.00,0.00,0.00,0.00,0.00,0.00,0.00,0.00,0.00,0.00,0.00,0.00,0.00,0.00,0.00,0.00,0.00,0.00,0.00,0.00,0.00,724,3,5,0,0,0,7039.60,0.00,156.44,0.00,7039.60,156.44,0.00,0.00,0.00,0.00,0.00,0.00,0.00,0.00,0.00,0.00,0.00,0.00,0.00,0.00,0.00,0.00,0.00,0.00,0.00,0.00,0.00,0.00,0.00,0.00,0.00,0.00,0.00,0.00,0.00,0.00,0.00,0.00,0.00,0.00,0.00,0.00,0.00,0.00,156.44,0.00,0.00,0.00,0.00,0.00,0.00,0.00,0.00,0.00,0.00,3,2,1,0,0.00,0.00,0.00,0.00,0.00,0.00,0.00,0.00,0.00,0.00,0.00,0.00,0.00,0.00,0.00,0.00,0.00,0.00,0.00,0.00,0.00,0.00,0.00,0.00,0.00,0.00,0.00,0.00,0.00,0.00,0.00,0.00,0.00,0.00,0.00,0.00,0.00,0.00,0.00,0.00,0.00,0.00,0.00,0.00,0.00,0.00,0.00,0.00,0.00,0.00,0.00,0.00,0.00,7047.52,0.00,0.00,0.00,0.00,1995.37
0.50,0.00,0.00,0.00,0.00,0.00,0.00,0.00,0.00,99.50,0.00,63.00,0.00,0.00,0.00,0.00,0.00,0.00,28.00,0.00,0.00,0.00,0.00,0.00,0.00,0.00,0.00,0.00,672540,1153408,1368180,67.04,48012,551324,3817632,187.07,839088,365784,260,605648,100556,7408,28944,0,0,0,0.00,0,0.00,0,0,0.00,26720,7648,36954,0,0,463,0.00,0.00,0.01,0,0.00,0.00,0.00,0.00,0.00,0.00,0.00,0.00,0.00,0.00,0.00,0.00,0.00,0.00,55.00,0.00,66.37,0.00,0.00,0.00,0.00,0.00,0.00,0.00,0.00,2.00,0.00,0.00,0.00,0.00,0.00,0.00,0.00,0.00,0.00,0.00,0.00,0.00,0.00,0.00,0.00,0.00,0.00,0.00,0.00,0.00,0.00,0.00,724,3,5,0,0,0,45.00,0.00,1.00,0.00,45.00,1.00,0.00,0.00,0.00,0.00,0.00,0.00,0.00,0.00,0.00,0.00,0.00,0.00,0.00,0.00,0.00,0.00,0.00,0.00,0.00,0.00,0.00,0.00,0.00,0.00,0.00,0.00,0.00,0.00,0.00,0.00,0.00,0.00,0.00,0.00,0.00,0.00,0.00,0.00,1.00,0.00,0.00,0.00,0.00,0.00,0.00,0.00,0.00,0.00,0.00,3,2,1,0,0.00,0.00,0.00,0.00,0.00,0.00,0.00,0.00,0.00,0.00,0.00,0.00,0.00,0.00,0.00,0.00,0.00,0.00,0.00,0.00,0.00,0.00,0.00,0.00,0.00,0.00,0.00,0.00,0.00,0.00,0.00,0.00,0.00,0.00,0.00,0.00,0.00,0.00,0.00,0.00,0.00,0.00,0.00,0.00,0.00,0.00,0.00,0.00,0.00,0.00,0.00,0.00,0.00,55.00,0.00,0.00,0.00,0.00,1995.37
0.00,0.00,0.00,0.00,0.00,0.00,0.00,0.00,0.00,100.00,0.00,50.00,0.00,0.00,0.00,0.00,0.00,0.00,52.00,0.00,0.00,0.00,0.00,0.00,0.00,0.00,0.00,0.00,672512,1153380,1368208,67.05,48012,551324,3817632,187.07,839088,365784,260,605648,100556,7408,28944,0,0,0,0.00,0,0.00,0,0,0.00,26720,7648,36954,0,0,463,0.00,0.00,0.01,0,0.00,0.00,0.00,0.00,0.00,0.00,0.00,0.00,0.00,0.00,0.00,0.00,0.00,0.00,95.00,0.00,131.24,0.00,0.00,0.00,0.00,0.00,0.00,0.00,0.00,0.00,0.00,0.00,0.00,0.00,0.00,0.00,0.00,0.00,0.00,0.00,0.00,0.00,0.00,0.00,0.00,0.00,0.00,0.00,0.00,0.00,0.00,0.00,724,3,5,0,0,0,90.00,0.00,2.00,0.00,90.00,2.00,0.00,0.00,0.00,0.00,0.00,0.00,0.00,0.00,0.00,0.00,0.00,0.00,0.00,0.00,0.00,0.00,0.00,0.00,0.00,0.00,0.00,0.00,0.00,0.00,0.00,0.00,0.00,0.00,0.00,0.00,0.00,0.00,0.00,0.00,0.00,0.00,0.00,0.00,2.00,0.00,0.00,0.00,0.00,0.00,0.00,0.00,0.00,0.00,0.00,3,2,1,0,0.00,0.00,0.00,0.00,0.00,0.00,0.00,0.00,0.00,0.00,0.00,0.00,0.00,0.00,0.00,0.00,0.00,0.00,0.00,0.00,0.00,0.00,0.00,0.00,0.00,0.00,0.00,0.00,0.00,0.00,0.00,0.00,0.00,0.00,0.00,0.00,0.00,0.00,0.00,0.00,0.00,0.00,0.00,0.00,0.00,0.00,0.00,0.00,0.00,0.00,0.00,0.00,0.00,95.00,0.00,0.00,0.00,0.00,1995.37
0.00,0.00,1.00,0.00,0.00,0.00,0.50,0.00,0.00,98.51,0.00,75.00,0.00,0.00,0.00,0.00,1.00,0.00,2500.00,0.00,0.00,0.00,0.00,0.00,0.00,0.00,0.00,0.00,672480,1153428,1368240,67.05,48012,551356,3817632,187.07,839096,365856,292,605652,100556,7408,28944,0,0,0,0.00,0,0.00,0,0,0.00,26720,7648,36954,0,0,463,0.00,0.00,0.01,0,0.00,0.00,0.00,0.00,0.00,0.00,0.00,0.00,0.00,0.00,0.00,0.00,0.00,0.00,4955.00,0.00,7202.39,0.00,0.00,0.00,0.00,0.00,0.00,0.00,0.00,1.00,0.00,0.00,0.00,0.00,0.00,0.00,0.00,0.00,0.00,0.00,0.00,0.00,0.00,0.00,0.00,0.00,0.00,0.00,0.00,0.00,0.00,0.00,724,3,5,0,0,0,4950.00,0.00,110.00,0.00,4950.00,110.00,0.00,0.00,0.00,0.00,0.00,0.00,0.00,0.00,0.00,0.00,0.00,0.00,0.00,0.00,0.00,0.00,0.00,0.00,0.00,0.00,0.00,0.00,0.00,0.00,0.00,0.00,0.00,0.00,0.00,0.00,0.00,0.00,0.00,0.00,0.00,0.00,0.00,0.00,110.00,0.00,0.00,0.00,0.00,0.00,0.00,0.00,0.00,0.00,0.00,3,2,1,0,0.00,0.00,0.00,0.00,0.00,0.00,0.00,0.00,0.00,0.00,0.00,0.00,0.00,0.00,0.00,0.00,0.00,0.00,0.00,0.00,0.00,0.00,0.00,0.00,0.00,0.00,0.00,0.00,0.00,0.00,0.00,0.00,0.00,0.00,0.00,0.00,0.00,0.00,0.00,0.00,0.00,0.00,0.00,0.00,0.00,0.00,0.00,0.00,0.00,0.00,0.00,0.00,0.00,4955.00,0.00,0.00,0.00,0.00,1995.37
0.50,0.00,0.00,1.01,0.00,0.00,0.00,0.00,0.00,98.49,0.00,62.00,0.00,0.00,0.00,12.00,0.00,0.00,4.00,0.00,0.00,0.00,0.00,2.00,0.00,2.00,0.00,24.00,672480,1153428,1368240,67.05,48020,551372,3817632,187.07,839096,365856,308,605652,100556,7408,28944,0,0,0,0.00,0,0.00,0,0,0.00,26720,7648,36954,0,0,463,0.00,0.00,0.01,0,0.00,0.00,0.00,0.00,0.00,0.00,2.00,0.00,12.00,6.00,0.00,8.00,0.00,0.00,3.00,0.00,0.18,0.00,0.00,0.00,0.00,0.00,0.00,0.00,0.00,0.00,0.00,0.00,0.00,0.00,0.00,0.00,0.00,0.00,0.00,0.00,0.00,0.00,0.00,0.00,0.00,0.00,0.00,0.00,0.00,0.00,0.00,0.00,724,3,5,0,0,0,0.00,0.00,0.00,0.00,0.00,0.00,0.00,0.00,0.00,0.00,0.00,0.00,0.00,0.00,0.00,0.00,0.00,0.00,0.00,0.00,0.00,0.00,0.00,0.00,0.00,0.00,0.00,0.00,0.00,0.00,0.00,0.00,0.00,0.00,0.00,0.00,0.00,0.00,0.00,0.00,0.00,0.00,0.00,0.00,0.00,0.00,0.00,0.00,0.00,0.00,0.00,0.00,0.00,0.00,0.00,3,2,1,0,0.00,0.00,0.00,0.00,0.00,0.00,0.00,0.00,0.00,0.00,0.00,0.00,0.00,0.00,0.00,0.00,0.00,0.00,0.00,0.00,0.00,0.00,0.00,0.00,0.00,0.00,0.00,0.00,0.00,0.00,0.00,0.00,0.00,0.00,0.00,0.00,0.00,0.00,0.00,0.00,0.00,0.00,0.00,0.00,0.00,0.00,0.00,0.00,0.00,0.00,0.00,0.00,0.00,3.00,0.00,0.00,0.00,0.00,1995.37
0.00,0.00,0.50,0.00,0.00,0.00,0.00,0.00,0.00,99.50,0.00,47.00,0.00,0.00,0.00,0.00,0.00,0.00,3.00,0.00,0.00,0.00,0.00,0.00,0.00,0.00,0.00,0.00,672480,1153428,1368240,67.05,48020,551384,3817632,187.07,839096,365856,320,605652,100556,7408,28944,0,0,0,0.00,0,0.00,0,0,0.00,26720,7648,36954,0,0,463,0.00,0.00,0.01,0,0.00,0.00,0.00,0.00,0.00,0.00,0.00,0.00,0.00,0.00,0.00,0.00,0.00,0.00,4.00,0.00,0.23,0.00,0.00,0.00,0.00,0.00,0.00,0.00,0.00,1.00,0.00,0.00,0.00,0.00,0.00,0.00,0.00,0.00,0.00,0.00,0.00,0.00,0.00,0.00,0.00,0.00,0.00,0.00,0.00,0.00,0.00,0.00,724,3,5,0,0,0,0.00,0.00,0.00,0.00,0.00,0.00,0.00,0.00,0.00,0.00,0.00,0.00,0.00,0.00,0.00,0.00,0.00,0.00,0.00,0.00,0.00,0.00,0.00,0.00,0.00,0.00,0.00,0.00,0.00,0.00,0.00,0.00,0.00,0.00,0.00,0.00,0.00,0.00,0.00,0.00,0.00,0.00,0.00,0.00,0.00,0.00,0.00,0.00,0.00,0.00,0.00,0.00,0.00,0.00,0.00,3,2,1,0,0.00,0.00,0.00,0.00,0.00,0.00,0.00,0.00,0.00,0.00,0.00,0.00,0.00,0.00,0.00,0.00,0.00,0.00,0.00,0.00,0.00,0.00,0.00,0.00,0.00,0.00,0.00,0.00,0.00,0.00,0.00,0.00,0.00,0.00,0.00,0.00,0.00,0.00,0.00,0.00,0.00,0.00,0.00,0.00,0.00,0.00,0.00,0.00,0.00,0.00,0.00,0.00,0.00,4.00,0.00,0.00,0.00,0.00,1995.37
0.50,0.00,0.00,0.00,0.00,0.00,0.00,0.00,0.00,99.50,0.00,41.00,0.00,0.00,0.00,0.00,0.00,0.00,12.00,0.00,0.00,0.00,0.00,0.00,0.00,0.00,0.00,0.00,672480,1153428,1368240,67.05,48020,551384,3817632,187.07,839096,365856,320,605652,100556,7408,28944,0,0,0,0.00,0,0.00,0,0,0.00,26720,7648,36954,0,0,463,0.00,0.00,0.01,0,0.00,0.00,0.00,0.00,0.00,0.00,0.00,0.00,0.00,0.00,0.00,0.00,0.00,0.00,4.00,0.00,0.23,0.00,0.00,0.00,0.00,0.00,0.00,0.00,0.00,0.00,0.00,0.00,0.00,0.00,0.00,0.00,0.00,0.00,0.00,0.00,0.00,0.00,0.00,0.00,0.00,0.00,0.00,0.00,0.00,0.00,0.00,0.00,724,3,5,0,0,0,0.00,0.00,0.00,0.00,0.00,0.00,0.00,0.00,0.00,0.00,0.00,0.00,0.00,0.00,0.00,0.00,0.00,0.00,0.00,0.00,0.00,0.00,0.00,0.00,0.00,0.00,0.00,0.00,0.00,0.00,0.00,0.00,0.00,0.00,0.00,0.00,0.00,0.00,0.00,0.00,0.00,0.00,0.00,0.00,0.00,0.00,0.00,0.00,0.00,0.00,0.00,0.00,0.00,0.00,0.00,3,2,1,0,0.00,0.00,0.00,0.00,0.00,0.00,0.00,0.00,0.00,0.00,0.00,0.00,0.00,0.00,0.00,0.00,0.00,0.00,0.00,0.00,0.00,0.00,0.00,0.00,0.00,0.00,0.00,0.00,0.00,0.00,0.00,0.00,0.00,0.00,0.00,0.00,0.00,0.00,0.00,0.00,0.00,0.00,0.00,0.00,0.00,0.00,0.00,0.00,0.00,0.00,0.00,0.00,0.00,4.00,0.00,0.00,0.00,0.00,1995.37
0.00,0.00,0.00,0.00,0.00,0.00,0.00,0.00,0.00,100.00,0.00,56.00,0.00,0.00,0.00,0.00,0.00,0.00,4.00,0.00,0.00,0.00,0.00,0.00,0.00,0.00,0.00,0.00,672512,1153512,1368208,67.05,48020,551416,3817632,187.07,839108,365900,352,605652,100556,7408,28944,0,0,0,0.00,0,0.00,0,0,0.00,26720,7648,36954,0,0,463,0.00,0.00,0.01,0,0.00,0.00,0.00,0.00,0.00,0.00,0.00,0.00,0.00,0.00,0.00,0.00,0.00,0.00,8.00,0.00,0.47,0.00,0.00,0.00,0.00,0.00,0.00,0.00,0.00,1.00,0.00,0.00,0.00,0.00,0.00,0.00,0.00,0.00,0.00,0.00,0.00,0.00,0.00,0.00,0.00,0.00,0.00,0.00,0.00,0.00,0.00,0.00,724,3,5,0,0,0,0.00,0.00,0.00,0.00,0.00,0.00,0.00,0.00,0.00,0.00,0.00,0.00,0.00,0.00,0.00,0.00,0.00,0.00,0.00,0.00,0.00,0.00,0.00,0.00,0.00,0.00,0.00,0.00,0.00,0.00,0.00,0.00,0.00,0.00,0.00,0.00,0.00,0.00,0.00,0.00,0.00,0.00,0.00,0.00,0.00,0.00,0.00,0.00,0.00,0.00,0.00,0.00,0.00,0.00,0.00,3,2,1,0,0.00,0.00,0.00,0.00,0.00,0.00,0.00,0.00,0.00,0.00,0.00,0.00,0.00,0.00,0.00,0.00,0.00,0.00,0.00,0.00,0.00,0.00,0.00,0.00,0.00,0.00,0.00,0.00,0.00,0.00,0.00,0.00,0.00,0.00,0.00,0.00,0.00,0.00,0.00,0.00,0.00,0.00,0.00,0.00,0.00,0.00,0.00,0.00,0.00,0.00,0.00,0.00,0.00,8.00,0.00,0.00,0.00,0.00,1995.37
0.50,0.00,0.50,0.00,0.00,0.00,0.00,0.00,0.00,99.00,0.00,52.00,0.00,0.00,0.00,0.00,0.00,0.00,3.00,0.00,0.00,0.00,0.00,0.00,0.00,0.00,0.00,0.00,672636,1153640,1368084,67.04,48020,551432,3817632,187.07,839108,365900,368,605652,100560,7408,28944,0,0,0,0.00,0,0.00,0,0,0.00,26720,7648,36954,0,0,463,0.00,0.00,0.01,0,0.00,0.00,0.00,0.00,0.00,0.00,0.00,0.00,0.00,0.00,0.00,0.00,0.00,0.00,10.00,0.00,0.65,0.00,0.00,0.00,0.00,0.00,0.00,0.00,0.00,0.00,0.00,0.00,0.00,0.00,0.00,0.00,0.00,0.00,0.00,0.00,0.00,0.00,0.00,0.00,0.00,0.00,0.00,0.00,0.00,0.00,0.00,0.00,724,3,5,0,0,0,3.00,0.00,1.00,0.00,0.00,0.00,0.00,0.00,0.00,0.00,0.00,0.00,0.00,0.00,0.00,0.00,0.00,0.00,0.00,0.00,0.00,0.00,0.00,0.00,0.00,0.00,0.00,0.00,0.00,0.00,0.00,0.00,0.00,0.00,0.00,0.00,0.00,0.00,0.00,0.00,0.00,0.00,0.00,0.00,0.00,0.00,0.00,0.00,0.00,0.00,0.00,0.00,0.00,0.00,0.00,3,2,1,0,0.00,0.00,0.00,0.00,0.00,0.00,0.00,0.00,0.00,0.00,0.00,0.00,0.00,0.00,0.00,0.00,0.00,0.00,0.00,0.00,0.00,0.00,0.00,0.00,0.00,0.00,0.00,0.00,0.00,0.00,0.00,0.00,0.00,0.00,0.00,0.00,0.00,0.00,0.00,0.00,0.00,0.00,0.00,0.00,0.00,0.00,0.00,0.00,0.00,0.00,0.00,0.00,0.00,10.00,0.00,0.00,0.00,0.00,1995.37
0.50,0.00,0.00,2.00,0.50,0.00,0.00,0.00,0.00,97.00,0.00,67.00,0.00,0.00,0.00,12.00,0.00,0.00,11.00,0.00,0.00,0.00,0.00,2.00,0.00,2.00,0.00,24.00,672420,1153480,1368300,67.05,48028,551448,3817632,187.07,839116,365948,384,605652,100560,7408,28944,0,0,0,0.00,0,0.00,0,0,0.00,26720,7648,36954,0,0,463,0.00,0.00,0.01,0,0.00,0.00,0.00,0.00,0.00,0.00,2.00,0.00,12.00,6.00,0.00,20.00,0.00,0.00,10.00,0.00,0.65,0.00,0.00,0.00,0.00,0.00,0.00,0.00,0.00,1.00,0.00,0.00,0.00,0.00,0.00,0.00,0.00,0.00,0.00,0.00,0.00,0.00,0.00,0.00,0.00,0.00,0.00,0.00,0.00,0.00,0.00,0.00,724,3,5,0,0,0,3.00,0.00,1.00,0.00,0.00,0.00,0.00,0.00,0.00,0.00,0.00,0.00,0.00,0.00,0.00,0.00,0.00,0.00,0.00,0.00,0.00,0.00,0.00,0.00,0.00,0.00,0.00,0.00,0.00,0.00,0.00,0.00,0.00,0.00,0.00,0.00,0.00,0.00,0.00,0.00,0.00,0.00,0.00,0.00,0.00,0.00,0.00,0.00,0.00,0.00,0.00,0.00,0.00,0.00,0.00,3,2,1,0,0.00,0.00,0.00,0.00,0.00,0.00,0.00,0.00,0.00,0.00,0.00,0.00,0.00,0.00,0.00,0.00,0.00,0.00,0.00,0.00,0.00,0.00,0.00,0.00,0.00,0.00,0.00,0.00,0.00,0.00,0.00,0.00,0.00,0.00,0.00,0.00,0.00,0.00,0.00,0.00,0.00,0.00,0.00,0.00,0.00,0.00,0.00,0.00,0.00,0.00,0.00,0.00,0.00,10.00,0.00,0.00,0.00,0.00,1995.37
0.50,0.00,0.00,0.00,0.00,0.00,0.00,0.00,0.00,99.50,0.00,55.00,0.00,0.00,0.00,0.00,0.00,0.00,4.00,0.00,0.00,0.00,0.00,0.00,0.00,0.00,0.00,0.00,672420,1153480,1368300,67.05,48028,551464,3817632,187.07,839116,365948,400,605652,100560,7408,28944,0,0,0,0.00,0,0.00,0,0,0.00,26720,7648,36954,0,0,463,0.00,0.00,0.01,0,0.00,0.00,0.00,0.00,0.00,0.00,0.00,0.00,0.00,0.00,0.00,0.00,0.00,0.00,10.00,0.00,0.62,0.00,0.00,0.00,0.00,0.00,0.00,0.00,0.00,0.00,0.00,0.00,0.00,0.00,0.00,0.00,0.00,0.00,0.00,0.00,0.00,0.00,0.00,0.00,0.00,0.00,0.00,0.00,0.00,0.00,0.00,0.00,724,3,5,0,0,0,1.00,0.00,1.00,0.00,0.00,0.00,0.00,0.00,0.00,0.00,0.00,0.00,0.00,0.00,0.00,0.00,0.00,0.00,0.00,0.00,0.00,0.00,0.00,0.00,0.00,0.00,0.00,0.00,0.00,0.00,0.00,0.00,0.00,0.00,0.00,0.00,0.00,0.00,0.00,0.00,0.00,0.00,0.00,0.00,0.00,0.00,0.00,0.00,0.00,0.00,0.00,0.00,0.00,0.00,0.00,3,2,1,0,0.00,0.00,0.00,0.00,0.00,0.00,0.00,0.00,0.00,0.00,0.00,0.00,0.00,0.00,0.00,0.00,0.00,0.00,0.00,0.00,0.00,0.00,0.00,0.00,0.00,0.00,0.00,0.00,0.00,0.00,0.00,0.00,0.00,0.00,0.00,0.00,0.00,0.00,0.00,0.00,0.00,0.00,0.00,0.00,0.00,0.00,0.00,0.00,0.00,0.00,0.00,0.00,0.00,10.00,0.00,0.00,0.00,0.00,1995.37
0.50,0.00,0.00,0.00,0.00,0.00,0.00,0.00,0.00,99.50,0.00,60.00,0.00,0.00,0.00,0.00,0.00,0.00,12.00,0.00,0.00,0.00,0.00,0.00,0.00,0.00,0.00,0.00,672452,1153512,1368268,67.05,48028,551480,3817632,187.07,839116,365948,416,605652,100560,7408,28944,0,0,0,0.00,0,0.00,0,0,0.00,26720,7648,36954,0,0,463,0.00,0.00,0.01,0,0.00,0.00,0.00,0.00,0.00,0.00,0.00,0.00,0.00,0.00,0.00,0.00,0.00,0.00,8.00,0.00,0.47,0.00,0.00,0.00,0.00,0.00,0.00,0.00,0.00,1.00,0.00,0.00,0.00,0.00,0.00,0.00,0.00,0.00,0.00,0.00,0.00,0.00,0.00,0.00,0.00,0.00,0.00,0.00,0.00,0.00,0.00,0.00,724,3,5,0,0,0,0.00,0.00,0.00,0.00,0.00,0.00,0.00,0.00,0.00,0.00,0.00,0.00,0.00,0.00,0.00,0.00,0.00,0.00,0.00,0.00,0.00,0.00,0.00,0.00,0.00,0.00,0.00,0.00,0.00,0.00,0.00,0.00,0.00,0.00,0.00,0.00,0.00,0.00,0.00,0.00,0.00,0.00,0.00,0.00,0.00,0.00,0.00,0.00,0.00,0.00,0.00,0.00,0.00,0.00,0.00,3,2,1,0,0.00,0.00,0.00,0.00,0.00,0.00,0.00,0.00,0.00,0.00,0.00,0.00,0.00,0.00,0.00,0.00,0.00,0.00,0.00,0.00,0.00,0.00,0.00,0.00,0.00,0.00,0.00,0.00,0.00,0.00,0.00,0.00,0.00,0.00,0.00,0.00,0.00,0.00,0.00,0.00,0.00,0.00,0.00,0.00,0.00,0.00,0.00,0.00,0.00,0.00,0.00,0.00,0.00,8.00,0.00,0.00,0.00,0.00,1995.37
0.00,0.00,0.50,0.00,0.00,0.00,0.00,0.00,0.00,99.50,0.00,31.00,0.00,0.00,0.00,0.00,0.00,0.00,4.00,0.00,0.00,0.00,0.00,0.00,0.00,0.00,0.00,0.00,672452,1153512,1368268,67.05,48028,551480,3817632,187.07,839116,365948,416,605652,100560,7408,28944,0,0,0,0.00,0,0.00,0,0,0.00,26720,7648,36954,0,0,463,0.00,0.00,0.01,0,0.00,0.00,0.00,0.00,0.00,0.00,0.00,0.00,0.00,0.00,0.00,0.00,0.00,0.00,2.00,1.00,0.12,0.04,0.00,0.00,0.00,0.00,0.00,0.00,0.00,0.00,0.00,0.00,0.00,0.00,0.00,0.00,0.00,0.00,0.00,0.00,0.00,0.00,0.00,0.00,0.00,0.00,0.00,0.00,0.00,0.00,0.00,0.00,724,3,5,0,0,0,0.00,0.00,0.00,0.00,0.00,0.00,0.00,0.00,0.00,0.00,0.00,0.00,0.00,0.00,0.00,0.00,0.00,0.00,0.00,0.00,0.00,0.00,0.00,0.00,0.00,0.00,0.00,0.00,0.00,0.00,0.00,0.00,0.00,0.00,0.00,0.00,0.00,0.00,0.00,0.00,0.00,0.00,0.00,0.00,0.00,0.00,0.00,0.00,0.00,0.00,0.00,0.00,0.00,0.00,0.00,3,2,1,0,0.00,0.00,0.00,0.00,0.00,0.00,0.00,0.00,0.00,0.00,0.00,0.00,0.00,0.00,0.00,0.00,0.00,0.00,0.00,0.00,0.00,0.00,0.00,0.00,0.00,0.00,0.00,0.00,0.00,0.00,0.00,0.00,0.00,0.00,0.00,0.00,0.00,0.00,0.00,0.00,0.00,0.00,0.00,0.00,0.00,0.00,0.00,0.00,0.00,0.00,0.00,0.00,0.00,2.00,0.00,0.00,0.00,0.00,1995.37
0.00,0.00,0.00,0.00,0.00,0.00,6.93,0.00,0.00,93.07,0.00,355.00,0.00,0.00,0.00,92.00,4.00,0.00,18391.00,0.00,0.00,0.00,0.00,20.00,0.00,20.00,0.00,192.00,674360,1154300,1366360,66.95,47800,553572,3744492,183.49,831448,369028,24,599136,102812,7360,29008,0,0,0,0.00,0,0.00,0,0,0.00,26670,7648,36942,0,0,460,0.00,0.00,0.00,0,0.00,0.00,0.00,0.00,0.00,0.00,20.00,0.00,96.00,4.80,0.06,4.60,1.40,2.80,36235.00,1.00,52706.86,0.04,0.00,0.00,0.00,0.00,0.00,0.00,0.00,1.00,0.00,0.00,0.00,0.00,0.00,0.00,0.00,0.00,0.00,0.00,0.00,0.00,0.00,0.00,0.00,0.00,0.00,0.00,0.00,0.00,0.00,0.00,723,3,5,0,0,0,36225.00,0.00,805.00,0.00,36225.00,805.00,0.00,0.00,0.00,0.00,0.00,0.00,0.00,0.00,0.00,0.00,0.00,0.00,0.00,0.00,0.00,0.00,0.00,0.00,0.00,0.00,0.00,0.00,0.00,0.00,0.00,0.00,0.00,0.00,0.00,0.00,0.00,0.00,0.00,0.00,0.00,0.00,0.00,0.00,805.00,0.00,0.00,0.00,0.00,0.00,0.00,0.00,0.00,0.00,0.00,3,2,1,0,0.00,0.00,0.00,0.00,0.00,0.00,0.00,0.00,0.00,0.00,0.00,0.00,0.00,0.00,0.00,0.00,0.00,0.00,0.00,0.00,0.00,0.00,0.00,0.00,0.00,0.00,0.00,0.00,0.00,0.00,0.00,0.00,0.00,0.00,0.00,0.00,0.00,0.00,0.00,0.00,0.00,0.00,0.00,0.00,0.00,0.00,0.00,0.00,0.00,0.00,0.00,0.00,0.00,36235.00,0.00,0.00,0.00,0.00,1995.37
0.50,0.00,0.50,0.00,0.50,0.00,4.98,0.00,0.00,93.53,0.00,304.00,0.00,0.00,0.00,0.00,3.00,0.00,17611.00,0.00,0.00,0.00,0.00,0.00,0.00,0.00,0.00,0.00,674360,1154300,1366360,66.95,47800,553588,3744492,183.49,831448,369028,40,599144,102812,7360,29008,0,0,0,0.00,0,0.00,0,0,0.00,26670,7648,36942,0,0,460,0.00,0.00,0.00,0,0.00,0.00,0.00,0.00,0.00,0.00,0.00,0.00,0.00,0.00,0.00,0.00,0.00,0.00,34974.00,0.00,50873.54,0.00,0.00,0.00,0.00,0.00,0.00,0.00,0.00,0.00,0.00,0.00,0.00,0.00,0.00,0.00,0.00,0.00,0.00,0.00,0.00,0.00,0.00,0.00,0.00,0.00,0.00,0.00,0.00,0.00,0.00,0.00,723,3,5,0,0,0,34965.00,0.00,777.00,0.00,34965.00,777.00,0.00,0.00,0.00,0.00,0.00,0.00,0.00,0.00,0.00,0.00,0.00,0.00,0.00,0.00,0.00,0.00,0.00,0.00,0.00,0.00,0.00,0.00,0.00,0.00,0.00,0.00,0.00,0.00,0.00,0.00,0.00,0.00,0.00,0.00,0.00,0.00,0.00,0.00,777.00,0.00,0.00,0.00,0.00,0.00,0.00,0.00,0.00,0.00,0.00,3,2,1,0,0.00,0.00,0.00,0.00,0.00,0.00,0.00,0.00,0.00,0.00,0.00,0.00,0.00,0.00,0.00,0.00,0.00,0.00,0.00,0.00,0.00,0.00,0.00,0.00,0.00,0.00,0.00,0.00,0.00,0.00,0.00,0.00,0.00,0.00,0.00,0.00,0.00,0.00,0.00,0.00,0.00,0.00,0.00,0.00,0.00,0.00,0.00,0.00,0.00,0.00,0.00,0.00,0.00,35019.00,0.00,0.00,0.00,0.00,1995.37
0.00,0.00,0.00,0.00,0.00,0.00,4.52,0.00,0.00,95.48,0.00,313.00,0.00,0.00,0.00,0.00,0.00,0.00,15020.00,0.00,0.00,0.00,0.00,0.00,0.00,0.00,0.00,0.00,674360,1154300,1366360,66.95,47800,553600,3744492,183.49,831448,369028,52,599144,102812,7360,29008,0,0,0,0.00,0,0.00,0,0,0.00,26670,7648,36942,0,0,460,0.00,0.00,0.00,0,0.00,0.00,0.00,0.00,0.00,0.00,0.00,0.00,0.00,0.00,0.00,0.00,0.00,0.00,29797.00,0.00,43343.96,0.00,0.00,0.00,0.00,0.00,0.00,0.00,0.00,1.00,0.00,0.00,0.00,0.00,0.00,0.00,0.00,0.00,0.00,0.00,0.00,0.00,0.00,0.00,0.00,0.00,0.00,0.00,0.00,0.00,0.00,0.00,723,3,5,0,0,0,29835.00,0.00,663.00,0.00,29835.00,663.00,0.00,0.00,0.00,0.00,0.00,0.00,0.00,0.00,0.00,0.00,0.00,0.00,0.00,0.00,0.00,0.00,0.00,0.00,0.00,0.00,0.00,0.00,0.00,0.00,0.00,0.00,0.00,0.00,0.00,0.00,0.00,0.00,0.00,0.00,0.00,0.00,0.00,0.00,663.00,0.00,0.00,0.00,0.00,0.00,0.00,0.00,0.00,0.00,0.00,3,2,1,0,0.00,0.00,0.00,0.00,0.00,0.00,0.00,0.00,0.00,0.00,0.00,0.00,0.00,0.00,0.00,0.00,0.00,0.00,0.00,0.00,0.00,0.00,0.00,0.00,0.00,0.00,0.00,0.00,0.00,0.00,0.00,0.00,0.00,0.00,0.00,0.00,0.00,0.00,0.00,0.00,0.00,0.00,0.00,0.00,0.00,0.00,0.00,0.00,0.00,0.00,0.00,0.00,0.00,29842.00,0.00,0.00,0.00,0.00,1995.37
0.50,0.00,0.50,0.00,0.50,0.00,4.00,0.00,0.00,94.50,0.00,313.00,0.00,0.00,0.00,0.00,0.00,0.00,14068.00,0.00,0.00,0.00,0.00,0.00,0.00,0.00,0.00,0.00,674360,1154300,1366360,66.95,47800,553616,3744492,183.49,831448,369028,68,599144,102812,7360,29008,0,0,0,0.00,0,0.00,0,0,0.00,26670,7648,36942,0,0,460,0.00,0.00,0.00,0,0.00,0.00,0.00,0.00,0.00,0.00,0.00,0.00,0.00,0.00,0.00,0.00,0.00,0.00,27949.00,0.00,40659.36,0.00,0.00,0.00,0.00,0.00,0.00,0.00,0.00,0.00,0.00,0.00,0.00,0.00,0.00,0.00,0.00,0.00,0.00,0.00,0.00,0.00,0.00,0.00,0.00,0.00,0.00,0.00,0.00,0.00,0.00,0.00,723,3,5,0,0,0,27900.00,0.00,620.00,0.00,27900.00,620.00,0.00,0.00,0.00,0.00,0.00,0.00,0.00,0.00,0.00,0.00,0.00,0.00,0.00,0.00,0.00,0.00,0.00,0.00,0.00,0.00,0.00,0.00,0.00,0.00,0.00,0.00,0.00,0.00,0.00,0.00,0.00,0.00,0.00,0.00,0.00,0.00,0.00,0.00,620.00,0.00,0.00,0.00,0.00,0.00,0.00,0.00,0.00,0.00,0.00,3,2,1,0,0.00,0.00,0.00,0.00,0.00,0.00,0.00,0.00,0.00,0.00,0.00,0.00,0.00,0.00,0.00,0.00,0.00,0.00,0.00,0.00,0.00,0.00,0.00,0.00,0.00,0.00,0.00,0.00,0.00,0.00,0.00,0.00,0.00,0.00,0.00,0.00,0.00,0.00,0.00,0.00,0.00,0.00,0.00,0.00,0.00,0.00,0.00,0.00,0.00,0.00,0.00,0.00,0.00,27904.00,0.00,0.00,0.00,0.00,1995.37
0.50,0.00,0.00,0.00,0.00,0.00,6.44,0.00,0.00,93.07,0.00,359.00,0.00,0.00,0.00,0.00,0.00,0.00,16580.00,0.00,0.00,0.00,0.00,0.00,0.00,0.00,0.00,0.00,674328,1154324,1366392,66.96,47800,553632,3744492,183.49,831448,369084,84,599144,102812,7360,29008,0,0,0,0.00,0,0.00,0,0,0.00,26670,7648,36942,0,0,460,0.00,0.00,0.00,0,0.00,0.00,0.00,0.00,0.00,0.00,0.00,0.00,0.00,0.00,0.00,0.00,0.00,0.00,32944.00,0.00,47926.93,0.00,0.00,0.00,0.00,0.00,0.00,0.00,0.00,1.00,0.00,0.00,0.00,0.00,0.00,0.00,0.00,0.00,0.00,0.00,0.00,0.00,0.00,0.00,0.00,0.00,0.00,0.00,0.00,0.00,0.00,0.00,723,3,5,0,0,0,32940.00,0.00,732.00,0.00,32940.00,732.00,0.00,0.00,0.00,0.00,0.00,0.00,0.00,0.00,0.00,0.00,0.00,0.00,0.00,0.00,0.00,0.00,0.00,0.00,0.00,0.00,0.00,0.00,0.00,0.00,0.00,0.00,0.00,0.00,0.00,0.00,0.00,0.00,0.00,0.00,0.00,0.00,0.00,0.00,732.00,0.00,0.00,0.00,0.00,0.00,0.00,0.00,0.00,0.00,0.00,3,2,1,0,0.00,0.00,0.00,0.00,0.00,0.00,0.00,0.00,0.00,0.00,0.00,0.00,0.00,0.00,0.00,0.00,0.00,0.00,0.00,0.00,0.00,0.00,0.00,0.00,0.00,0.00,0.00,0.00,0.00,0.00,0.00,0.00,0.00,0.00,0.00,0.00,0.00,0.00,0.00,0.00,0.00,0.00,0.00,0.00,0.00,0.00,0.00,0.00,0.00,0.00,0.00,0.00,0.00,32899.00,0.00,0.00,0.00,0.00,1995.37
0.50,0.00,0.00,6.00,0.50,0.00,4.50,0.00,0.00,88.50,0.00,359.00,0.00,0.00,0.00,40.00,0.00,0.00,14652.00,0.00,0.00,0.00,0.00,2.00,0.00,2.00,0.00,80.00,674300,1154296,1366420,66.96,47808,553648,3744492,183.49,831448,369084,128,599144,102812,7360,29008,0,0,0,0.00,0,0.00,0,0,0.00,26670,7648,36942,0,0,460,0.00,0.00,0.00,0,0.00,0.00,0.00,0.00,0.00,0.00,2.00,0.00,40.00,20.00,0.00,66.00,0.00,0.00,29120.00,0.00,42361.73,0.00,0.00,0.00,0.00,0.00,0.00,0.00,0.00,0.00,0.00,0.00,0.00,0.00,0.00,0.00,0.00,0.00,0.00,0.00,0.00,0.00,0.00,0.00,0.00,0.00,0.00,0.00,0.00,0.00,0.00,0.00,723,3,5,0,1,0,29142.00,0.00,647.00,0.00,29142.00,647.00,0.00,0.00,0.00,0.00,0.00,0.00,0.00,0.00,0.00,0.00,0.00,0.00,0.00,0.00,0.00,0.00,0.00,0.00,0.00,0.00,0.00,0.00,0.00,0.00,0.00,0.00,0.00,0.00,0.00,0.00,0.00,0.00,0.00,0.00,0.00,0.00,0.00,0.00,648.00,0.00,0.00,0.00,0.00,0.00,0.00,0.00,0.00,0.00,0.00,3,2,1,0,0.00,0.00,0.00,0.00,0.00,0.00,0.00,0.00,0.00,0.00,0.00,0.00,0.00,0.00,0.00,0.00,0.00,0.00,0.00,0.00,0.00,0.00,0.00,0.00,0.00,0.00,0.00,0.00,0.00,0.00,0.00,0.00,0.00,0.00,0.00,0.00,0.00,0.00,0.00,0.00,0.00,0.00,0.00,0.00,0.00,0.00,0.00,0.00,0.00,0.00,0.00,0.00,0.00,29165.00,0.00,0.00,0.00,0.00,1995.37
0.51,0.00,0.00,0.00,0.00,0.00,3.55,0.00,0.00,95.94,0.00,314.00,0.00,0.00,0.00,0.00,0.00,0.00,14444.00,0.00,0.00,0.00,0.00,0.00,0.00,0.00,0.00,0.00,674236,1154232,1366484,66.96,47808,553664,3744492,183.49,831448,369084,144,599144,102812,7360,29008,0,0,0,0.00,0,0.00,0,0,0.00,26670,7648,36942,0,0,460,0.00,0.00,0.00,0,0.00,0.00,0.00,0.00,0.00,0.00,0.00,0.00,0.00,0.00,0.00,0.00,0.00,0.00,28717.00,0.00,41772.59,0.00,0.00,0.00,0.00,0.00,0.00,0.00,0.00,1.00,0.00,0.00,0.00,0.00,0.00,0.00,0.00,0.00,0.00,0.00,0.00,0.00,0.00,0.00,0.00,0.00,0.00,0.00,0.00,0.00,0.00,0.00,723,3,5,0,1,0,28728.00,0.00,638.00,0.00,28728.00,639.00,0.00,0.00,0.00,0.00,0.00,0.00,0.00,0.00,0.00,0.00,0.00,0.00,0.00,0.00,0.00,0.00,0.00,0.00,0.00,0.00,0.00,0.00,0.00,0.00,0.00,0.00,0.00,0.00,0.00,0.00,0.00,0.00,0.00,0.00,0.00,0.00,0.00,0.00,638.00,0.00,0.00,0.00,0.00,0.00,0.00,0.00,0.00,0.00,0.00,3,2,1,0,0.00,0.00,0.00,0.00,0.00,0.00,0.00,0.00,0.00,0.00,0.00,0.00,0.00,0.00,0.00,0.00,0.00,0.00,0.00,0.00,0.00,0.00,0.00,0.00,0.00,0.00,0.00,0.00,0.00,0.00,0.00,0.00,0.00,0.00,0.00,0.00,0.00,0.00,0.00,0.00,0.00,0.00,0.00,0.00,0.00,0.00,0.00,0.00,0.00,0.00,0.00,0.00,0.00,28762.00,0.00,0.00,0.00,0.00,1995.37
0.50,0.00,0.50,0.00,0.00,0.00,4.46,0.00,0.00,94.55,0.00,319.00,0.00,0.00,0.00,0.00,0.00,0.00,12981.00,0.00,0.00,0.00,0.00,0.00,0.00,0.00,0.00,0.00,674268,1154320,1366452,66.96,47808,553680,3744492,183.49,831456,369132,160,599144,102816,7360,29008,0,0,0,0.00,0,0.00,0,0,0.00,26670,7648,36942,0,0,460,0.00,0.00,0.00,0,0.00,0.00,0.00,0.00,0.00,0.00,0.00,0.00,0.00,0.00,0.00,0.00,0.00,0.00,25836.00,0.00,37582.22,0.00,0.00,0.00,0.00,0.00,0.00,0.00,0.00,0.00,0.00,0.00,0.00,0.00,0.00,0.00,0.00,0.00,0.00,0.00,0.00,0.00,0.00,0.00,0.00,0.00,0.00,0.00,0.00,0.00,0.00,0.00,723,3,5,0,0,0,25785.00,0.00,574.00,0.00,25785.00,573.00,0.00,0.00,0.00,0.00,0.00,0.00,0.00,0.00,0.00,0.00,0.00,0.00,0.00,0.00,0.00,0.00,0.00,0.00,0.00,0.00,0.00,0.00,0.00,0.00,0.00,0.00,0.00,0.00,0.00,0.00,0.00,0.00,0.00,0.00,0.00,0.00,0.00,0.00,573.00,0.00,0.00,0.00,0.00,0.00,0.00,0.00,0.00,0.00,0.00,3,2,1,0,0.00,0.00,0.00,0.00,0.00,0.00,0.00,0.00,0.00,0.00,0.00,0.00,0.00,0.00,0.00,0.00,0.00,0.00,0.00,0.00,0.00,0.00,0.00,0.00,0.00,0.00,0.00,0.00,0.00,0.00,0.00,0.00,0.00,0.00,0.00,0.00,0.00,0.00,0.00,0.00,0.00,0.00,0.00,0.00,0.00,0.00,0.00,0.00,0.00,0.00,0.00,0.00,0.00,25791.00,0.00,0.00,0.00,0.00,1995.37
0.00,0.00,0.00,0.00,0.51,0.00,3.54,0.00,0.00,95.96,0.00,294.00,0.00,0.00,0.00,0.00,0.00,0.00,15317.00,0.00,0.00,0.00,0.00,0.00,0.00,0.00,0.00,0.00,674268,1154320,1366452,66.96,47808,553696,3744492,183.49,831456,369132,176,599144,102816,7360,29008,0,0,0,0.00,0,0.00,0,0,0.00,26670,7648,36942,0,0,460,0.00,0.00,0.00,0,0.00,0.00,0.00,0.00,0.00,0.00,0.00,0.00,0.00,0.00,0.00,0.00,0.00,0.00,30426.00,0.00,44260.53,0.00,0.00,0.00,0.00,0.00,0.00,0.00,0.00,1.00,0.00,0.00,0.00,0.00,0.00,0.00,0.00,0.00,0.00,0.00,0.00,0.00,0.00,0.00,0.00,0.00,0.00,0.00,0.00,0.00,0.00,0.00,723,3,5,0,0,0,30420.00,0.00,676.00,0.00,30420.00,676.00,0.00,0.00,0.00,0.00,0.00,0.00,0.00,0.00,0.00,0.00,0.00,0.00,0.00,0.00,0.00,0.00,0.00,0.00,0.00,0.00,0.00,0.00,0.00,0.00,0.00,0.00,0.00,0.00,0.00,0.00,0.00,0.00,0.00,0.00,0.00,0.00,0.00,0.00,676.00,0.00,0.00,0.00,0.00,0.00,0.00,0.00,0.00,0.00,0.00,3,2,1,0,0.00,0.00,0.00,0.00,0.00,0.00,0.00,0.00,0.00,0.00,0.00,0.00,0.00,0.00,0.00,0.00,0.00,0.00,0.00,0.00,0.00,0.00,0.00,0.00,0.00,0.00,0.00,0.00,0.00,0.00,0.00,0.00,0.00,0.00,0.00,0.00,0.00,0.00,0.00,0.00,0.00,0.00,0.00,0.00,0.00,0.00,0.00,0.00,0.00,0.00,0.00,0.00,0.00,30426.00,0.00,0.00,0.00,0.00,1995.37
0.49,0.00,0.49,0.00,0.00,0.00,5.88,0.00,0.00,93.14,0.00,316.83,0.00,0.00,0.00,0.00,0.00,0.00,15710.89,0.00,0.00,0.00,0.00,0.00,0.00,0.00,0.00,0.00,674236,1154288,1366484,66.96,47808,553712,3744492,183.49,831456,369132,192,599144,102816,7360,29008,0,0,0,0.00,0,0.00,0,0,0.00,26670,7648,36942,0,0,460,0.00,0.00,0.00,0,0.00,0.00,0.00,0.00,0.00,0.00,0.00,0.00,0.00,0.00,0.00,0.00,0.00,0.00,31193.07,0.00,45378.06,0.00,0.00,0.00,0.00,0.00,0.00,0.00,0.00,0.00,0.00,0.00,0.00,0.00,0.00,0.00,0.00,0.00,0.00,0.00,0.00,0.00,0.00,0.00,0.00,0.00,0.00,0.00,0.00,0.00,0.00,0.00,723,3,5,0,0,0,31188.12,0.00,693.07,0.00,31188.12,693.07,0.00,0.00,0.00,0.00,0.00,0.00,0.00,0.00,0.00,0.00,0.00,0.00,0.00,0.00,0.00,0.00,0.00,0.00,0.00,0.00,0.00,0.00,0.00,0.00,0.00,0.00,0.00,0.00,0.00,0.00,0.00,0.00,0.00,0.00,0.00,0.00,0.00,0.00,693.07,0.00,0.00,0.00,0.00,0.00,0.00,0.00,0.00,0.00,0.00,3,2,1,0,0.00,0.00,0.00,0.00,0.00,0.00,0.00,0.00,0.00,0.00,0.00,0.00,0.00,0.00,0.00,0.00,0.00,0.00,0.00,0.00,0.00,0.00,0.00,0.00,0.00,0.00,0.00,0.00,0.00,0.00,0.00,0.00,0.00,0.00,0.00,0.00,0.00,0.00,0.00,0.00,0.00,0.00,0.00,0.00,0.00,0.00,0.00,0.00,0.00,0.00,0.00,0.00,0.00,31148.51,0.00,0.00,0.00,0.00,1995.37
0.00,0.00,0.00,5.03,0.00,0.00,3.52,0.00,0.00,91.46,0.00,318.00,0.00,0.00,0.00,216.00,0.00,0.00,11780.00,0.00,0.00,0.00,0.00,11.00,0.00,11.00,0.00,432.00,674236,1154344,1366484,66.96,47816,553724,3744492,183.49,831472,369180,0,599144,102816,7360,29008,0,0,0,0.00,0,0.00,0,0,0.00,26670,7648,36942,0,0,460,0.00,0.00,0.00,0,0.00,0.00,0.00,0.00,0.00,0.00,11.00,0.00,216.00,19.64,0.08,18.91,2.18,2.40,23494.00,0.00,34177.47,0.00,0.00,0.00,0.00,0.00,0.00,0.00,0.00,1.00,0.00,0.00,0.00,0.00,0.00,0.00,0.00,0.00,0.00,0.00,0.00,0.00,0.00,0.00,0.00,0.00,0.00,0.00,0.00,0.00,0.00,0.00,723,3,5,0,0,0,23490.00,0.00,522.00,0.00,23490.00,522.00,0.00,0.00,0.00,0.00,0.00,0.00,0.00,0.00,0.00,0.00,0.00,0.00,0.00,0.00,0.00,0.00,0.00,0.00,0.00,0.00,0.00,0.00,0.00,0.00,0.00,0.00,0.00,0.00,0.00,0.00,0.00,0.00,0.00,0.00,0.00,0.00,0.00,0.00,522.00,0.00,0.00,0.00,0.00,0.00,0.00,0.00,0.00,0.00,0.00,3,2,1,0,0.00,0.00,0.00,0.00,0.00,0.00,0.00,0.00,0.00,0.00,0.00,0.00,0.00,0.00,0.00,0.00,0.00,0.00,0.00,0.00,0.00,0.00,0.00,0.00,0.00,0.00,0.00,0.00,0.00,0.00,0.00,0.00,0.00,0.00,0.00,0.00,0.00,0.00,0.00,0.00,0.00,0.00,0.00,0.00,0.00,0.00,0.00,0.00,0.00,0.00,0.00,0.00,0.00,23539.00,0.00,0.00,0.00,0.00,1995.37
0.00,0.00,0.00,0.00,0.50,0.00,4.50,0.00,0.00,95.00,0.00,309.00,0.00,0.00,0.00,0.00,0.00,0.00,13691.00,0.00,0.00,0.00,0.00,0.00,0.00,0.00,0.00,0.00,674236,1154344,1366484,66.96,47816,553740,3744492,183.49,831472,369180,20,599144,102816,7360,29008,0,0,0,0.00,0,0.00,0,0,0.00,26670,7648,36942,0,0,460,0.00,0.00,0.00,0,0.00,0.00,0.00,0.00,0.00,0.00,0.00,0.00,0.00,0.00,0.00,0.00,0.00,0.00,27139.00,0.00,39480.86,0.00,0.00,0.00,0.00,0.00,0.00,0.00,0.00,2.00,0.00,0.00,0.00,0.00,0.00,0.00,0.00,0.00,0.00,0.00,0.00,0.00,0.00,0.00,0.00,0.00,0.00,0.00,0.00,0.00,0.00,0.00,723,3,5,0,0,0,27137.00,0.00,603.00,0.00,27137.00,603.00,0.00,0.00,0.00,0.00,0.00,0.00,0.00,0.00,0.00,0.00,0.00,0.00,0.00,0.00,0.00,0.00,0.00,0.00,0.00,0.00,0.00,0.00,0.00,0.00,0.00,0.00,0.00,0.00,0.00,0.00,0.00,0.00,0.00,0.00,0.00,0.00,0.00,0.00,604.00,0.00,0.00,0.00,0.00,0.00,0.00,0.00,0.00,0.00,0.00,3,2,1,0,0.00,0.00,0.00,0.00,0.00,0.00,0.00,0.00,0.00,0.00,0.00,0.00,0.00,0.00,0.00,0.00,0.00,0.00,0.00,0.00,0.00,0.00,0.00,0.00,0.00,0.00,0.00,0.00,0.00,0.00,0.00,0.00,0.00,0.00,0.00,0.00,0.00,0.00,0.00,0.00,0.00,0.00,0.00,0.00,0.00,0.00,0.00,0.00,0.00,0.00,0.00,0.00,0.00,27184.00,0.00,0.00,0.00,0.00,1995.37
0.00,0.00,0.00,0.00,0.00,0.00,2.04,0.00,0.00,97.96,0.00,286.00,0.00,0.00,0.00,0.00,0.00,0.00,10268.00,0.00,0.00,0.00,0.00,0.00,0.00,0.00,0.00,0.00,674080,1154188,1366640,66.97,47816,553756,3744492,183.49,831472,369180,36,599144,102816,7360,29008,0,0,0,0.00,0,0.00,0,0,0.00,26670,7648,36942,0,0,460,0.00,0.00,0.00,0,0.00,0.00,0.00,0.00,0.00,0.00,0.00,0.00,0.00,0.00,0.00,0.00,0.00,0.00,20390.00,0.00,29659.85,0.00,0.00,0.00,0.00,0.00,0.00,0.00,0.00,1.00,0.00,0.00,0.00,0.00,0.00,0.00,0.00,0.00,0.00,0.00,0.00,0.00,0.00,0.00,0.00,0.00,0.00,0.00,0.00,0.00,0.00,0.00,723,3,5,0,0,0,20383.00,0.00,453.00,0.00,20383.00,453.00,0.00,0.00,0.00,0.00,0.00,0.00,0.00,0.00,0.00,0.00,0.00,0.00,0.00,0.00,0.00,0.00,0.00,0.00,0.00,0.00,0.00,0.00,0.00,0.00,0.00,0.00,0.00,0.00,0.00,0.00,0.00,0.00,0.00,0.00,0.00,0.00,0.00,0.00,452.00,0.00,0.00,0.00,0.00,0.00,0.00,0.00,0.00,0.00,0.00,3,2,1,0,0.00,0.00,0.00,0.00,0.00,0.00,0.00,0.00,0.00,0.00,0.00,0.00,0.00,0.00,0.00,0.00,0.00,0.00,0.00,0.00,0.00,0.00,0.00,0.00,0.00,0.00,0.00,0.00,0.00,0.00,0.00,0.00,0.00,0.00,0.00,0.00,0.00,0.00,0.00,0.00,0.00,0.00,0.00,0.00,0.00,0.00,0.00,0.00,0.00,0.00,0.00,0.00,0.00,20390.00,0.00,0.00,0.00,0.00,1995.37
0.50,0.00,0.50,0.00,0.50,0.00,3.96,0.00,0.00,94.55,0.00,303.00,0.00,0.00,0.00,0.00,0.00,0.00,11587.00,0.00,0.00,0.00,0.00,0.00,0.00,0.00,0.00,0.00,674016,1154124,1366704,66.97,47816,553772,3744492,183.49,831472,369180,52,599144,102816,7360,29008,0,0,0,0.00,0,0.00,0,0,0.00,26670,7648,36942,0,0,460,0.00,0.00,0.00,0,0.00,0.00,0.00,0.00,0.00,0.00,0.00,0.00,0.00,0.00,0.00,0.00,0.00,0.00,23041.00,0.00,33522.56,0.00,0.00,0.00,0.00,0.00,0.00,0.00,0.00,0.00,0.00,0.00,0.00,0.00,0.00,0.00,0.00,0.00,0.00,0.00,0.00,0.00,0.00,0.00,0.00,0.00,0.00,0.00,0.00,0.00,0.00,0.00,723,3,5,0,0,0,23040.00,0.00,512.00,0.00,23040.00,512.00,0.00,0.00,0.00,0.00,0.00,0.00,0.00,0.00,0.00,0.00,0.00,0.00,0.00,0.00,0.00,0.00,0.00,0.00,0.00,0.00,0.00,0.00,0.00,0.00,0.00,0.00,0.00,0.00,0.00,0.00,0.00,0.00,0.00,0.00,0.00,0.00,0.00,0.00,512.00,0.00,0.00,0.00,0.00,0.00,0.00,0.00,0.00,0.00,0.00,3,2,1,0,0.00,0.00,0.00,0.00,0.00,0.00,0.00,0.00,0.00,0.00,0.00,0.00,0.00,0.00,0.00,0.00,0.00,0.00,0.00,0.00,0.00,0.00,0.00,0.00,0.00,0.00,0.00,0.00,0.00,0.00,0.00,0.00,0.00,0.00,0.00,0.00,0.00,0.00,0.00,0.00,0.00,0.00,0.00,0.00,0.00,0.00,0.00,0.00,0.00,0.00,0.00,0.00,0.00,22951.00,0.00,0.00,0.00,0.00,1995.37
0.00,0.00,0.00,0.00,0.00,0.00,2.51,0.00,0.00,97.49,0.00,293.00,0.00,0.00,0.00,0.00,0.00,0.00,9228.00,0.00,0.00,0.00,0.00,0.00,0.00,0.00,0.00,0.00,674176,1154340,1366544,66.96,47816,553788,3744492,183.49,831472,369236,68,599144,102816,7360,29008,0,0,0,0.00,0,0.00,0,0,0.00,26670,7648,36942,0,0,460,0.00,0.00,0.00,0,0.00,0.00,0.00,0.00,0.00,0.00,0.00,0.00,0.00,0.00,0.00,0.00,0.00,0.00,18366.00,0.00,26713.59,0.00,0.00,0.00,0.00,0.00,0.00,0.00,0.00,1.00,0.00,0.00,0.00,0.00,0.00,0.00,0.00,0.00,0.00,0.00,0.00,0.00,0.00,0.00,0.00,0.00,0.00,0.00,0.00,0.00,0.00,0.00,723,3,5,0,0,0,18360.00,0.00,408.00,0.00,18360.00,408.00,0.00,0.00,0.00,0.00,0.00,0.00,0.00,0.00,0.00,0.00,0.00,0.00,0.00,0.00,0.00,0.00,0.00,0.00,0.00,0.00,0.00,0.00,0.00,0.00,0.00,0.00,0.00,0.00,0.00,0.00,0.00,0.00,0.00,0.00,0.00,0.00,0.00,0.00,408.00,0.00,0.00,0.00,0.00,0.00,0.00,0.00,0.00,0.00,0.00,3,2,1,0,0.00,0.00,0.00,0.00,0.00,0.00,0.00,0.00,0.00,0.00,0.00,0.00,0.00,0.00,0.00,0.00,0.00,0.00,0.00,0.00,0.00,0.00,0.00,0.00,0.00,0.00,0.00,0.00,0.00,0.00,0.00,0.00,0.00,0.00,0.00,0.00,0.00,0.00,0.00,0.00,0.00,0.00,0.00,0.00,0.00,0.00,0.00,0.00,0.00,0.00,0.00,0.00,0.00,18366.00,0.00,0.00,0.00,0.00,1995.37
0.00,0.00,0.50,1.00,0.00,0.00,4.00,0.00,0.00,94.50,0.00,313.00,0.00,0.00,0.00,20.00,0.00,0.00,10908.00,0.00,0.00,0.00,0.00,2.00,0.00,2.00,0.00,40.00,674048,1154212,1366672,66.97,47824,553804,3744492,183.49,831472,369236,92,599144,102816,7360,29008,0,0,0,0.00,0,0.00,0,0,0.00,26670,7648,36942,0,0,460,0.00,0.00,0.00,0,0.00,0.00,0.00,0.00,0.00,0.00,2.00,0.00,20.00,10.00,0.00,14.00,0.00,0.00,21605.00,0.00,31427.64,0.00,0.00,0.00,0.00,0.00,0.00,0.00,0.00,0.00,0.00,0.00,0.00,0.00,0.00,0.00,0.00,0.00,0.00,0.00,0.00,0.00,0.00,0.00,0.00,0.00,0.00,0.00,0.00,0.00,0.00,0.00,723,3,5,0,0,0,21600.00,0.00,480.00,0.00,21600.00,480.00,0.00,0.00,0.00,0.00,0.00,0.00,0.00,0.00,0.00,0.00,0.00,0.00,0.00,0.00,0.00,0.00,0.00,0.00,0.00,0.00,0.00,0.00,0.00,0.00,0.00,0.00,0.00,0.00,0.00,0.00,0.00,0.00,0.00,0.00,0.00,0.00,0.00,0.00,480.00,0.00,0.00,0.00,0.00,0.00,0.00,0.00,0.00,0.00,0.00,3,2,1,0,0.00,0.00,0.00,0.00,0.00,0.00,0.00,0.00,0.00,0.00,0.00,0.00,0.00,0.00,0.00,0.00,0.00,0.00,0.00,0.00,0.00,0.00,0.00,0.00,0.00,0.00,0.00,0.00,0.00,0.00,0.00,0.00,0.00,0.00,0.00,0.00,0.00,0.00,0.00,0.00,0.00,0.00,0.00,0.00,0.00,0.00,0.00,0.00,0.00,0.00,0.00,0.00,0.00,21605.00,0.00,0.00,0.00,0.00,1995.37
0.00,0.00,0.00,0.00,0.00,0.00,4.02,0.00,0.00,95.98,0.00,305.00,0.00,0.00,0.00,0.00,0.00,0.00,11292.00,0.00,0.00,0.00,0.00,0.00,0.00,0.00,0.00,0.00,674072,1154244,1366648,66.97,47824,553820,3744492,183.49,831472,369236,108,599144,102828,7360,29008,0,0,0,0.00,0,0.00,0,0,0.00,26670,7648,36942,0,0,460,0.00,0.00,0.00,0,0.00,0.00,0.00,0.00,0.00,0.00,0.00,0.00,0.00,0.00,0.00,0.00,0.00,0.00,22461.00,0.00,32671.73,0.00,0.00,0.00,0.00,0.00,0.00,0.00,0.00,1.00,0.00,0.00,0.00,0.00,0.00,0.00,0.00,0.00,0.00,0.00,0.00,0.00,0.00,0.00,0.00,0.00,0.00,0.00,0.00,0.00,0.00,0.00,723,3,5,0,0,0,22456.00,0.00,500.00,0.00,22455.00,499.00,0.00,0.00,0.00,0.00,0.00,0.00,0.00,0.00,0.00,0.00,0.00,0.00,0.00,0.00,0.00,0.00,0.00,0.00,0.00,0.00,0.00,0.00,0.00,0.00,0.00,0.00,0.00,0.00,0.00,0.00,0.00,0.00,0.00,0.00,0.00,0.00,0.00,0.00,499.00,0.00,0.00,0.00,0.00,0.00,0.00,0.00,0.00,0.00,0.00,3,2,1,0,0.00,0.00,0.00,0.00,0.00,0.00,0.00,0.00,0.00,0.00,0.00,0.00,0.00,0.00,0.00,0.00,0.00,0.00,0.00,0.00,0.00,0.00,0.00,0.00,0.00,0.00,0.00,0.00,0.00,0.00,0.00,0.00,0.00,0.00,0.00,0.00,0.00,0.00,0.00,0.00,0.00,0.00,0.00,0.00,0.00,0.00,0.00,0.00,0.00,0.00,0.00,0.00,0.00,22461.00,0.00,0.00,0.00,0.00,1995.37
0.50,0.00,0.50,0.00,0.50,0.00,2.99,0.00,0.00,95.52,0.00,292.00,0.00,0.00,0.00,0.00,0.00,0.00,10396.00,0.00,0.00,0.00,0.00,0.00,0.00,0.00,0.00,0.00,674228,1154456,1366492,66.96,47824,553836,3744492,183.49,831480,369284,124,599144,102828,7360,29008,0,0,0,0.00,0,0.00,0,0,0.00,26670,7648,36942,0,0,460,0.00,0.00,0.00,0,0.00,0.00,0.00,0.00,0.00,0.00,0.00,0.00,0.00,0.00,0.00,0.00,0.00,0.00,20708.00,0.00,30118.37,0.00,0.00,0.00,0.00,0.00,0.00,0.00,0.00,0.00,0.00,0.00,0.00,0.00,0.00,0.00,0.00,0.00,0.00,0.00,0.00,0.00,0.00,0.00,0.00,0.00,0.00,0.00,0.00,0.00,0.00,0.00,723,3,5,0,0,0,20701.00,0.00,461.00,0.00,20700.00,460.00,0.00,0.00,0.00,0.00,0.00,0.00,0.00,0.00,0.00,0.00,0.00,0.00,0.00,0.00,0.00,0.00,0.00,0.00,0.00,0.00,0.00,0.00,0.00,0.00,0.00,0.00,0.00,0.00,0.00,0.00,0.00,0.00,0.00,0.00,0.00,0.00,0.00,0.00,460.00,0.00,0.00,0.00,0.00,0.00,0.00,0.00,0.00,0.00,0.00,3,2,1,0,0.00,0.00,0.00,0.00,0.00,0.00,0.00,0.00,0.00,0.00,0.00,0.00,0.00,0.00,0.00,0.00,0.00,0.00,0.00,0.00,0.00,0.00,0.00,0.00,0.00,0.00,0.00,0.00,0.00,0.00,0.00,0.00,0.00,0.00,0.00,0.00,0.00,0.00,0.00,0.00,0.00,0.00,0.00,0.00,0.00,0.00,0.00,0.00,0.00,0.00,0.00,0.00,0.00,20708.00,0.00,0.00,0.00,0.00,1995.37
0.00,0.00,0.00,0.00,0.00,0.00,2.02,0.00,0.00,97.98,0.00,291.00,0.00,0.00,0.00,0.00,0.00,0.00,8732.00,0.00,0.00,0.00,0.00,0.00,0.00,0.00,0.00,0.00,674260,1154488,1366460,66.96,47824,553852,3744492,183.49,831480,369284,140,599144,102828,7360,29008,0,0,0,0.00,0,0.00,0,0,0.00,26670,7648,36942,0,0,460,0.00,0.00,0.00,0,0.00,0.00,0.00,0.00,0.00,0.00,0.00,0.00,0.00,0.00,0.00,0.00,0.00,0.00,17332.00,0.00,25207.79,0.00,0.00,0.00,0.00,0.00,0.00,0.00,0.00,1.00,0.00,0.00,0.00,0.00,0.00,0.00,0.00,0.00,0.00,0.00,0.00,0.00,0.00,0.00,0.00,0.00,0.00,0.00,0.00,0.00,0.00,0.00,723,3,5,0,0,0,17326.00,0.00,386.00,0.00,17325.00,385.00,0.00,0.00,0.00,0.00,0.00,0.00,0.00,0.00,0.00,0.00,0.00,0.00,0.00,0.00,0.00,0.00,0.00,0.00,0.00,0.00,0.00,0.00,0.00,0.00,0.00,0.00,0.00,0.00,0.00,0.00,0.00,0.00,0.00,0.00,0.00,0.00,0.00,0.00,385.00,0.00,0.00,0.00,0.00,0.00,0.00,0.00,0.00,0.00,0.00,3,2,1,0,0.00,0.00,0.00,0.00,0.00,0.00,0.00,0.00,0.00,0.00,0.00,0.00,0.00,0.00,0.00,0.00,0.00,0.00,0.00,0.00,0.00,0.00,0.00,0.00,0.00,0.00,0.00,0.00,0.00,0.00,0.00,0.00,0.00,0.00,0.00,0.00,0.00,0.00,0.00,0.00,0.00,0.00,0.00,0.00,0.00,0.00,0.00,0.00,0.00,0.00,0.00,0.00,0.00,17377.00,0.00,0.00,0.00,0.00,1995.37
0.00,0.00,0.50,0.00,0.00,0.00,2.01,0.00,0.00,97.49,0.00,297.00,0.00,0.00,0.00,0.00,0.00,0.00,6636.00,0.00,0.00,0.00,0.00,0.00,0.00,0.00,0.00,0.00,674228,1154456,1366492,66.96,47824,553864,3744492,183.49,831480,369284,152,599144,102828,7360,29008,0,0,0,0.00,0,0.00,0,0,0.00,26670,7648,36942,0,0,460,0.00,0.00,0.00,0,0.00,0.00,0.00,0.00,0.00,0.00,0.00,0.00,0.00,0.00,0.00,0.00,0.00,0.00,13186.00,0.00,19183.83,0.00,0.00,0.00,0.00,0.00,0.00,0.00,0.00,0.00,0.00,0.00,0.00,0.00,0.00,0.00,0.00,0.00,0.00,0.00,0.00,0.00,0.00,0.00,0.00,0.00,0.00,0.00,0.00,0.00,0.00,0.00,723,3,5,0,0,0,13185.00,0.00,293.00,0.00,13185.00,293.00,0.00,0.00,0.00,0.00,0.00,0.00,0.00,0.00,0.00,0.00,0.00,0.00,0.00,0.00,0.00,0.00,0.00,0.00,0.00,0.00,0.00,0.00,0.00,0.00,0.00,0.00,0.00,0.00,0.00,0.00,0.00,0.00,0.00,0.00,0.00,0.00,0.00,0.00,293.00,0.00,0.00,0.00,0.00,0.00,0.00,0.00,0.00,0.00,0.00,3,2,1,0,0.00,0.00,0.00,0.00,0.00,0.00,0.00,0.00,0.00,0.00,0.00,0.00,0.00,0.00,0.00,0.00,0.00,0.00,0.00,0.00,0.00,0.00,0.00,0.00,0.00,0.00,0.00,0.00,0.00,0.00,0.00,0.00,0.00,0.00,0.00,0.00,0.00,0.00,0.00,0.00,0.00,0.00,0.00,0.00,0.00,0.00,0.00,0.00,0.00,0.00,0.00,0.00,0.00,13141.00,0.00,0.00,0.00,0.00,1995.37
0.00,0.00,0.00,2.48,0.50,0.00,2.97,0.00,0.00,94.06,0.00,300.00,0.00,0.00,0.00,12.00,0.00,0.00,6796.00,0.00,0.00,0.00,0.00,2.00,0.00,2.00,0.00,24.00,673980,1154208,1366740,66.97,47832,553880,3744492,183.49,831480,369284,168,599144,102832,7360,29008,0,0,0,0.00,0,0.00,0,0,0.00,26670,7648,36942,0,0,460,0.00,0.00,0.00,0,0.00,0.00,0.00,0.00,0.00,0.00,2.00,0.00,12.00,6.00,0.00,26.00,0.00,0.00,13457.00,0.00,19576.73,0.00,0.00,0.00,0.00,0.00,0.00,0.00,0.00,1.00,0.00,0.00,0.00,0.00,0.00,0.00,0.00,0.00,0.00,0.00,0.00,0.00,0.00,0.00,0.00,0.00,0.00,0.00,0.00,0.00,0.00,0.00,723,3,5,0,0,0,13455.00,0.00,299.00,0.00,13455.00,299.00,0.00,0.00,0.00,0.00,0.00,0.00,0.00,0.00,0.00,0.00,0.00,0.00,0.00,0.00,0.00,0.00,0.00,0.00,0.00,0.00,0.00,0.00,0.00,0.00,0.00,0.00,0.00,0.00,0.00,0.00,0.00,0.00,0.00,0.00,0.00,0.00,0.00,0.00,299.00,0.00,0.00,0.00,0.00,0.00,0.00,0.00,0.00,0.00,0.00,3,2,1,0,0.00,0.00,0.00,0.00,0.00,0.00,0.00,0.00,0.00,0.00,0.00,0.00,0.00,0.00,0.00,0.00,0.00,0.00,0.00,0.00,0.00,0.00,0.00,0.00,0.00,0.00,0.00,0.00,0.00,0.00,0.00,0.00,0.00,0.00,0.00,0.00,0.00,0.00,0.00,0.00,0.00,0.00,0.00,0.00,0.00,0.00,0.00,0.00,0.00,0.00,0.00,0.00,0.00,13457.00,0.00,0.00,0.00,0.00,1995.37
0.00,0.00,0.50,0.00,0.00,0.00,2.97,0.00,0.00,96.53,0.00,298.00,0.00,0.00,0.00,0.00,0.00,0.00,5460.00,0.00,0.00,0.00,0.00,0.00,0.00,0.00,0.00,0.00,674012,1154240,1366708,66.97,47832,553896,3744492,183.49,831480,369284,184,599144,102832,7360,29008,0,0,0,0.00,0,0.00,0,0,0.00,26670,7648,36942,0,0,460,0.00,0.00,0.00,0,0.00,0.00,0.00,0.00,0.00,0.00,0.00,0.00,0.00,0.00,0.00,0.00,0.00,0.00,10847.00,0.00,15779.26,0.00,0.00,0.00,0.00,0.00,0.00,0.00,0.00,0.00,0.00,0.00,0.00,0.00,0.00,0.00,0.00,0.00,0.00,0.00,0.00,0.00,0.00,0.00,0.00,0.00,0.00,0.00,0.00,0.00,0.00,0.00,723,3,5,0,0,0,10845.00,0.00,241.00,0.00,10845.00,241.00,0.00,0.00,0.00,0.00,0.00,0.00,0.00,0.00,0.00,0.00,0.00,0.00,0.00,0.00,0.00,0.00,0.00,0.00,0.00,0.00,0.00,0.00,0.00,0.00,0.00,0.00,0.00,0.00,0.00,0.00,0.00,0.00,0.00,0.00,0.00,0.00,0.00,0.00,241.00,0.00,0.00,0.00,0.00,0.00,0.00,0.00,0.00,0.00,0.00,3,2,1,0,0.00,0.00,0.00,0.00,0.00,0.00,0.00,0.00,0.00,0.00,0.00,0.00,0.00,0.00,0.00,0.00,0.00,0.00,0.00,0.00,0.00,0.00,0.00,0.00,0.00,0.00,0.00,0.00,0.00,0.00,0.00,0.00,0.00,0.00,0.00,0.00,0.00,0.00,0.00,0.00,0.00,0.00,0.00,0.00,0.00,0.00,0.00,0.00,0.00,0.00,0.00,0.00,0.00,10847.00,0.00,0.00,0.00,0.00,1995.37
0.50,0.00,0.00,0.00,0.00,0.00,2.01,0.00,0.00,97.49,0.00,282.00,0.00,0.00,0.00,0.00,2.00,0.00,5964.00,0.00,0.00,0.00,0.00,0.00,0.00,0.00,0.00,0.00,673980,1154256,1366740,66.97,47832,553912,3744492,183.49,831480,369332,200,599144,102832,7360,29008,0,0,0,0.00,0,0.00,0,0,0.00,26670,7648,36942,0,0,460,0.00,0.00,0.00,0,0.00,0.00,0.00,0.00,0.00,0.00,0.00,0.00,0.00,0.00,0.00,0.00,0.00,0.00,11882.00,0.00,17285.16,0.00,0.00,0.00,0.00,0.00,0.00,0.00,0.00,1.00,0.00,0.00,0.00,0.00,0.00,0.00,0.00,0.00,0.00,0.00,0.00,0.00,0.00,0.00,0.00,0.00,0.00,0.00,0.00,0.00,0.00,0.00,723,3,5,0,0,0,11880.00,0.00,264.00,0.00,11880.00,264.00,0.00,0.00,0.00,0.00,0.00,0.00,0.00,0.00,0.00,0.00,0.00,0.00,0.00,0.00,0.00,0.00,0.00,0.00,0.00,0.00,0.00,0.00,0.00,0.00,0.00,0.00,0.00,0.00,0.00,0.00,0.00,0.00,0.00,0.00,0.00,0.00,0.00,0.00,264.00,0.00,0.00,0.00,0.00,0.00,0.00,0.00,0.00,0.00,0.00,3,2,1,0,0.00,0.00,0.00,0.00,0.00,0.00,0.00,0.00,0.00,0.00,0.00,0.00,0.00,0.00,0.00,0.00,0.00,0.00,0.00,0.00,0.00,0.00,0.00,0.00,0.00,0.00,0.00,0.00,0.00,0.00,0.00,0.00,0.00,0.00,0.00,0.00,0.00,0.00,0.00,0.00,0.00,0.00,0.00,0.00,0.00,0.00,0.00,0.00,0.00,0.00,0.00,0.00,0.00,11882.00,0.00,0.00,0.00,0.00,1995.37
0.00,0.00,0.50,0.00,0.00,0.00,2.00,0.00,0.00,97.50,0.00,281.00,0.00,0.00,0.00,0.00,0.00,0.00,4884.00,0.00,0.00,0.00,0.00,0.00,0.00,0.00,0.00,0.00,673948,1154224,1366772,66.97,47832,553928,3744492,183.49,831480,369332,216,599144,102832,7360,29008,0,0,0,0.00,0,0.00,0,0,0.00,26670,7648,36942,0,0,460,0.00,0.00,0.00,0,0.00,0.00,0.00,0.00,0.00,0.00,0.00,0.00,0.00,0.00,0.00,0.00,0.00,0.00,9677.00,0.00,14076.95,0.00,0.00,0.00,0.00,0.00,0.00,0.00,0.00,0.00,0.00,0.00,0.00,0.00,0.00,0.00,0.00,0.00,0.00,0.00,0.00,0.00,0.00,0.00,0.00,0.00,0.00,0.00,0.00,0.00,0.00,0.00,723,3,5,0,0,0,9675.00,0.00,215.00,0.00,9675.00,215.00,0.00,0.00,0.00,0.00,0.00,0.00,0.00,0.00,0.00,0.00,0.00,0.00,0.00,0.00,0.00,0.00,0.00,0.00,0.00,0.00,0.00,0.00,0.00,0.00,0.00,0.00,0.00,0.00,0.00,0.00,0.00,0.00,0.00,0.00,0.00,0.00,0.00,0.00,216.00,0.00,0.00,0.00,0.00,0.00,0.00,0.00,0.00,0.00,0.00,3,2,1,0,0.00,0.00,0.00,0.00,0.00,0.00,0.00,0.00,0.00,0.00,0.00,0.00,0.00,0.00,0.00,0.00,0.00,0.00,0.00,0.00,0.00,0.00,0.00,0.00,0.00,0.00,0.00,0.00,0.00,0.00,0.00,0.00,0.00,0.00,0.00,0.00,0.00,0.00,0.00,0.00,0.00,0.00,0.00,0.00,0.00,0.00,0.00,0.00,0.00,0.00,0.00,0.00,0.00,9722.00,0.00,0.00,0.00,0.00,1995.37
0.50,0.00,0.00,0.00,0.50,0.00,2.48,0.00,0.00,96.53,0.00,291.00,0.00,0.00,0.00,0.00,0.00,0.00,5036.00,0.00,0.00,0.00,0.00,0.00,0.00,0.00,0.00,0.00,673980,1154256,1366740,66.97,47832,553944,3744492,183.49,831480,369332,232,599144,102832,7360,29008,0,0,0,0.00,0,0.00,0,0,0.00,26670,7648,36942,0,0,460,0.00,0.00,0.00,0,0.00,0.00,0.00,0.00,0.00,0.00,0.00,0.00,0.00,0.00,0.00,0.00,0.00,0.00,10083.00,0.00,14666.27,0.00,0.00,0.00,0.00,0.00,0.00,0.00,0.00,1.00,0.00,0.00,0.00,0.00,0.00,0.00,0.00,0.00,0.00,0.00,0.00,0.00,0.00,0.00,0.00,0.00,0.00,0.00,0.00,0.00,0.00,0.00,723,3,5,0,0,0,10080.00,0.00,224.00,0.00,10080.00,224.00,0.00,0.00,0.00,0.00,0.00,0.00,0.00,0.00,0.00,0.00,0.00,0.00,0.00,0.00,0.00,0.00,0.00,0.00,0.00,0.00,0.00,0.00,0.00,0.00,0.00,0.00,0.00,0.00,0.00,0.00,0.00,0.00,0.00,0.00,0.00,0.00,0.00,0.00,224.00,0.00,0.00,0.00,0.00,0.00,0.00,0.00,0.00,0.00,0.00,3,2,1,0,0.00,0.00,0.00,0.00,0.00,0.00,0.00,0.00,0.00,0.00,0.00,0.00,0.00,0.00,0.00,0.00,0.00,0.00,0.00,0.00,0.00,0.00,0.00,0.00,0.00,0.00,0.00,0.00,0.00,0.00,0.00,0.00,0.00,0.00,0.00,0.00,0.00,0.00,0.00,0.00,0.00,0.00,0.00,0.00,0.00,0.00,0.00,0.00,0.00,0.00,0.00,0.00,0.00,10128.00,0.00,0.00,0.00,0.00,1995.37
0.00,0.00,0.50,2.00,0.00,0.00,1.50,0.00,0.00,96.00,0.00,275.00,0.00,0.00,0.00,12.00,0.00,0.00,5700.00,0.00,0.00,0.00,0.00,2.00,0.00,2.00,0.00,24.00,673980,1154256,1366740,66.97,47840,553952,3744492,183.49,831480,369332,248,599144,102832,7360,29008,0,0,0,0.00,0,0.00,0,0,0.00,26670,7648,36942,0,0,460,0.00,0.00,0.00,0,0.00,0.00,0.00,0.00,0.00,0.00,2.00,0.00,12.00,6.00,0.00,18.00,0.00,0.00,11256.00,0.00,16368.76,0.00,0.00,0.00,0.00,0.00,0.00,0.00,0.00,0.00,0.00,0.00,0.00,0.00,0.00,0.00,0.00,0.00,0.00,0.00,0.00,0.00,0.00,0.00,0.00,0.00,0.00,0.00,0.00,0.00,0.00,0.00,723,3,5,0,0,0,11250.00,0.00,250.00,0.00,11250.00,250.00,0.00,0.00,0.00,0.00,0.00,0.00,0.00,0.00,0.00,0.00,0.00,0.00,0.00,0.00,0.00,0.00,0.00,0.00,0.00,0.00,0.00,0.00,0.00,0.00,0.00,0.00,0.00,0.00,0.00,0.00,0.00,0.00,0.00,0.00,0.00,0.00,0.00,0.00,249.00,0.00,0.00,0.00,0.00,0.00,0.00,0.00,0.00,0.00,0.00,3,2,1,0,0.00,0.00,0.00,0.00,0.00,0.00,0.00,0.00,0.00,0.00,0.00,0.00,0.00,0.00,0.00,0.00,0.00,0.00,0.00,0.00,0.00,0.00,0.00,0.00,0.00,0.00,0.00,0.00,0.00,0.00,0.00,0.00,0.00,0.00,0.00,0.00,0.00,0.00,0.00,0.00,0.00,0.00,0.00,0.00,0.00,0.00,0.00,0.00,0.00,0.00,0.00,0.00,0.00,11211.00,0.00,0.00,0.00,0.00,1995.37
0.00,0.00,0.50,0.00,0.00,0.00,1.01,0.00,0.00,98.49,0.00,274.00,0.00,0.00,0.00,0.00,0.00,0.00,2836.00,0.00,0.00,0.00,0.00,0.00,0.00,0.00,0.00,0.00,674012,1154400,1366708,66.97,47840,553976,3744492,183.49,831492,369432,268,599144,102832,7360,29008,0,0,0,0.00,0,0.00,0,0,0.00,26670,7648,36942,0,0,460,0.00,0.00,0.00,0,0.00,0.00,0.00,0.00,0.00,0.00,0.00,0.00,0.00,0.00,0.00,0.00,0.00,0.00,5632.00,0.00,8184.61,0.00,0.00,0.00,0.00,0.00,0.00,0.00,0.00,1.00,0.00,0.00,0.00,0.00,0.00,0.00,0.00,0.00,0.00,0.00,0.00,0.00,0.00,0.00,0.00,0.00,0.00,0.00,0.00,0.00,0.00,0.00,723,3,5,0,0,0,5625.00,0.00,125.00,0.00,5625.00,125.00,0.00,0.00,0.00,0.00,0.00,0.00,0.00,0.00,0.00,0.00,0.00,0.00,0.00,0.00,0.00,0.00,0.00,0.00,0.00,0.00,0.00,0.00,0.00,0.00,0.00,0.00,0.00,0.00,0.00,0.00,0.00,0.00,0.00,0.00,0.00,0.00,0.00,0.00,125.00,0.00,0.00,0.00,0.00,0.00,0.00,0.00,0.00,0.00,0.00,3,2,1,0,0.00,0.00,0.00,0.00,0.00,0.00,0.00,0.00,0.00,0.00,0.00,0.00,0.00,0.00,0.00,0.00,0.00,0.00,0.00,0.00,0.00,0.00,0.00,0.00,0.00,0.00,0.00,0.00,0.00,0.00,0.00,0.00,0.00,0.00,0.00,0.00,0.00,0.00,0.00,0.00,0.00,0.00,0.00,0.00,0.00,0.00,0.00,0.00,0.00,0.00,0.00,0.00,0.00,5587.00,0.00,0.00,0.00,0.00,1995.37
1.01,0.00,0.00,0.00,0.00,0.00,0.50,0.00,0.00,98.49,0.00,299.00,0.00,0.00,0.00,0.00,11.00,0.00,1918.00,0.00,0.00,0.00,0.00,0.00,0.00,0.00,0.00,0.00,674012,1154400,1366708,66.97,47840,553988,3744492,183.49,831492,369432,280,599144,102832,7360,29008,0,0,0,0.00,0,0.00,0,0,0.00,26670,7648,36942,0,0,460,0.00,0.00,0.00,0,0.00,0.00,0.00,0.00,0.00,0.00,0.00,0.00,0.00,0.00,0.00,0.00,0.00,0.00,3785.00,0.00,5500.08,0.00,0.00,0.00,0.00,0.00,0.00,0.00,0.00,0.00,0.00,0.00,0.00,0.00,0.00,0.00,0.00,0.00,0.00,0.00,0.00,0.00,0.00,0.00,0.00,0.00,0.00,0.00,0.00,0.00,0.00,0.00,723,3,5,0,0,0,3780.00,0.00,84.00,0.00,3780.00,84.00,0.00,0.00,0.00,0.00,0.00,0.00,0.00,0.00,0.00,0.00,0.00,0.00,0.00,0.00,0.00,0.00,0.00,0.00,0.00,0.00,0.00,0.00,0.00,0.00,0.00,0.00,0.00,0.00,0.00,0.00,0.00,0.00,0.00,0.00,0.00,0.00,0.00,0.00,84.00,0.00,0.00,0.00,0.00,0.00,0.00,0.00,0.00,0.00,0.00,3,2,1,0,0.00,0.00,0.00,0.00,0.00,0.00,0.00,0.00,0.00,0.00,0.00,0.00,0.00,0.00,0.00,0.00,0.00,0.00,0.00,0.00,0.00,0.00,0.00,0.00,0.00,0.00,0.00,0.00,0.00,0.00,0.00,0.00,0.00,0.00,0.00,0.00,0.00,0.00,0.00,0.00,0.00,0.00,0.00,0.00,0.00,0.00,0.00,0.00,0.00,0.00,0.00,0.00,0.00,3785.00,0.00,0.00,0.00,0.00,1995.37
1.01,0.00,0.00,0.00,0.00,0.00,0.50,0.00,0.00,98.49,0.00,290.00,0.00,0.00,0.00,0.00,5.00,0.00,1706.00,0.00,0.00,0.00,0.00,0.00,0.00,0.00,0.00,0.00,674044,1154432,1366676,66.97,47840,554004,3744492,183.49,831492,369428,296,599140,102832,7360,29008,0,0,0,0.00,0,0.00,0,0,0.00,26670,7648,36942,0,0,460,0.00,0.00,0.00,0,0.00,0.00,0.00,0.00,0.00,0.00,0.00,0.00,0.00,0.00,0.00,0.00,0.00,0.00,3383.00,0.00,4910.99,0.00,0.00,0.00,0.00,0.00,0.00,0.00,0.00,1.00,0.00,0.00,0.00,0.00,0.00,0.00,0.00,0.00,0.00,0.00,0.00,0.00,0.00,0.00,0.00,0.00,0.00,0.00,0.00,0.00,0.00,0.00,723,3,5,0,0,0,3375.00,0.00,75.00,0.00,3375.00,75.00,0.00,0.00,0.00,0.00,0.00,0.00,0.00,0.00,0.00,0.00,0.00,0.00,0.00,0.00,0.00,0.00,0.00,0.00,0.00,0.00,0.00,0.00,0.00,0.00,0.00,0.00,0.00,0.00,0.00,0.00,0.00,0.00,0.00,0.00,0.00,0.00,0.00,0.00,75.00,0.00,0.00,0.00,0.00,0.00,0.00,0.00,0.00,0.00,0.00,3,2,1,0,0.00,0.00,0.00,0.00,0.00,0.00,0.00,0.00,0.00,0.00,0.00,0.00,0.00,0.00,0.00,0.00,0.00,0.00,0.00,0.00,0.00,0.00,0.00,0.00,0.00,0.00,0.00,0.00,0.00,0.00,0.00,0.00,0.00,0.00,0.00,0.00,0.00,0.00,0.00,0.00,0.00,0.00,0.00,0.00,0.00,0.00,0.00,0.00,0.00,0.00,0.00,0.00,0.00,3383.00,0.00,0.00,0.00,0.00,1995.37
0.00,0.00,0.50,0.00,0.00,0.00,0.00,0.00,0.00,99.50,0.00,168.00,0.00,0.00,0.00,0.00,1.00,0.00,708.00,0.00,0.00,0.00,0.00,0.00,0.00,0.00,0.00,0.00,673792,1154180,1366928,66.98,47840,554020,3744492,183.49,831492,369428,312,599140,102832,7360,29008,0,0,0,0.00,0,0.00,0,0,0.00,26670,7648,36942,0,0,460,0.00,0.00,0.00,0,0.00,0.00,0.00,0.00,0.00,0.00,0.00,0.00,0.00,0.00,0.00,0.00,0.00,0.00,1404.00,0.00,2030.21,0.00,0.00,0.00,0.00,0.00,0.00,0.00,0.00,0.00,0.00,0.00,0.00,0.00,0.00,0.00,0.00,0.00,0.00,0.00,0.00,0.00,0.00,0.00,0.00,0.00,0.00,0.00,0.00,0.00,0.00,0.00,723,3,5,0,0,0,1395.00,0.00,31.00,0.00,1395.00,31.00,0.00,0.00,0.00,0.00,0.00,0.00,0.00,0.00,0.00,0.00,0.00,0.00,0.00,0.00,0.00,0.00,0.00,0.00,0.00,0.00,0.00,0.00,0.00,0.00,0.00,0.00,0.00,0.00,0.00,0.00,0.00,0.00,0.00,0.00,0.00,0.00,0.00,0.00,31.00,0.00,0.00,0.00,0.00,0.00,0.00,0.00,0.00,0.00,0.00,3,2,1,0,0.00,0.00,0.00,0.00,0.00,0.00,0.00,0.00,0.00,0.00,0.00,0.00,0.00,0.00,0.00,0.00,0.00,0.00,0.00,0.00,0.00,0.00,0.00,0.00,0.00,0.00,0.00,0.00,0.00,0.00,0.00,0.00,0.00,0.00,0.00,0.00,0.00,0.00,0.00,0.00,0.00,0.00,0.00,0.00,0.00,0.00,0.00,0.00,0.00,0.00,0.00,0.00,0.00,1404.00,0.00,0.00,0.00,0.00,1995.37
0.00,0.00,0.50,0.00,0.00,0.00,0.00,0.00,0.00,99.50,0.00,84.00,0.00,0.00,0.00,0.00,0.00,0.00,236.00,0.00,0.00,0.00,0.00,0.00,0.00,0.00,0.00,0.00,673856,1154304,1366864,66.98,47840,554036,3744492,183.49,831492,369484,328,599140,102836,7360,29008,0,0,0,0.00,0,0.00,0,0,0.00,26670,7648,36942,0,0,460,0.00,0.00,0.00,0,0.00,0.00,0.00,0.00,0.00,0.00,0.00,0.00,0.00,0.00,0.00,0.00,0.00,0.00,454.00,0.00,654.97,0.00,0.00,0.00,0.00,0.00,0.00,0.00,0.00,1.00,0.00,0.00,0.00,0.00,0.00,0.00,0.00,0.00,0.00,0.00,0.00,0.00,0.00,0.00,0.00,0.00,0.00,0.00,0.00,0.00,0.00,0.00,723,3,5,0,0,0,450.00,0.00,10.00,0.00,450.00,10.00,0.00,0.00,0.00,0.00,0.00,0.00,0.00,0.00,0.00,0.00,0.00,0.00,0.00,0.00,0.00,0.00,0.00,0.00,0.00,0.00,0.00,0.00,0.00,0.00,0.00,0.00,0.00,0.00,0.00,0.00,0.00,0.00,0.00,0.00,0.00,0.00,0.00,0.00,10.00,0.00,0.00,0.00,0.00,0.00,0.00,0.00,0.00,0.00,0.00,3,2,1,0,0.00,0.00,0.00,0.00,0.00,0.00,0.00,0.00,0.00,0.00,0.00,0.00,0.00,0.00,0.00,0.00,0.00,0.00,0.00,0.00,0.00,0.00,0.00,0.00,0.00,0.00,0.00,0.00,0.00,0.00,0.00,0.00,0.00,0.00,0.00,0.00,0.00,0.00,0.00,0.00,0.00,0.00,0.00,0.00,0.00,0.00,0.00,0.00,0.00,0.00,0.00,0.00,0.00,454.00,0.00,0.00,0.00,0.00,1995.37
0.00,0.00,0.00,5.03,0.00,0.00,0.00,0.00,0.00,94.97,0.00,74.00,0.00,0.00,0.00,12.00,0.00,0.00,51.00,0.00,0.00,0.00,0.00,2.00,0.00,2.00,0.00,24.00,673792,1154240,1366928,66.98,47848,554052,3744492,183.49,831492,369484,344,599140,102836,7360,29008,0,0,0,0.00,0,0.00,0,0,0.00,26670,7648,36942,0,0,460,0.00,0.00,0.00,0,0.00,0.00,0.00,0.00,0.00,0.00,2.00,0.00,12.00,6.00,0.00,52.00,0.00,0.00,93.00,0.00,131.12,0.00,0.00,0.00,0.00,0.00,0.00,0.00,0.00,0.00,0.00,0.00,0.00,0.00,0.00,0.00,0.00,0.00,0.00,0.00,0.00,0.00,0.00,0.00,0.00,0.00,0.00,0.00,0.00,0.00,0.00,0.00,723,3,5,0,0,0,90.00,0.00,2.00,0.00,90.00,2.00,0.00,0.00,0.00,0.00,0.00,0.00,0.00,0.00,0.00,0.00,0.00,0.00,0.00,0.00,0.00,0.00,0.00,0.00,0.00,0.00,0.00,0.00,0.00,0.00,0.00,0.00,0.00,0.00,0.00,0.00,0.00,0.00,0.00,0.00,0.00,0.00,0.00,0.00,2.00,0.00,0.00,0.00,0.00,0.00,0.00,0.00,0.00,0.00,0.00,3,2,1,0,0.00,0.00,0.00,0.00,0.00,0.00,0.00,0.00,0.00,0.00,0.00,0.00,0.00,0.00,0.00,0.00,0.00,0.00,0.00,0.00,0.00,0.00,0.00,0.00,0.00,0.00,0.00,0.00,0.00,0.00,0.00,0.00,0.00,0.00,0.00,0.00,0.00,0.00,0.00,0.00,0.00,0.00,0.00,0.00,0.00,0.00,0.00,0.00,0.00,0.00,0.00,0.00,0.00,93.00,0.00,0.00,0.00,0.00,1995.37
0.00,0.00,0.50,0.00,0.00,0.00,0.00,0.00,0.00,99.50,0.00,35.00,0.00,0.00,0.00,0.00,0.00,0.00,4.00,0.00,0.00,0.00,0.00,0.00,0.00,0.00,0.00,0.00,673792,1154240,1366928,66.98,47848,554068,3744492,183.49,831492,369484,360,599140,102836,7360,29008,0,0,0,0.00,0,0.00,0,0,0.00,26670,7648,36942,0,0,460,0.00,0.00,0.00,0,0.00,0.00,0.00,0.00,0.00,0.00,0.00,0.00,0.00,0.00,0.00,0.00,0.00,0.00,4.00,0.00,0.23,0.00,0.00,0.00,0.00,0.00,0.00,0.00,0.00,1.00,0.00,0.00,0.00,0.00,0.00,0.00,0.00,0.00,0.00,0.00,0.00,0.00,0.00,0.00,0.00,0.00,0.00,0.00,0.00,0.00,0.00,0.00,723,3,5,0,0,0,0.00,0.00,0.00,0.00,0.00,0.00,0.00,0.00,0.00,0.00,0.00,0.00,0.00,0.00,0.00,0.00,0.00,0.00,0.00,0.00,0.00,0.00,0.00,0.00,0.00,0.00,0.00,0.00,0.00,0.00,0.00,0.00,0.00,0.00,0.00,0.00,0.00,0.00,0.00,0.00,0.00,0.00,0.00,0.00,0.00,0.00,0.00,0.00,0.00,0.00,0.00,0.00,0.00,0.00,0.00,3,2,1,0,0.00,0.00,0.00,0.00,0.00,0.00,0.00,0.00,0.00,0.00,0.00,0.00,0.00,0.00,0.00,0.00,0.00,0.00,0.00,0.00,0.00,0.00,0.00,0.00,0.00,0.00,0.00,0.00,0.00,0.00,0.00,0.00,0.00,0.00,0.00,0.00,0.00,0.00,0.00,0.00,0.00,0.00,0.00,0.00,0.00,0.00,0.00,0.00,0.00,0.00,0.00,0.00,0.00,4.00,0.00,0.00,0.00,0.00,1995.37
0.50,0.00,0.00,0.00,0.00,0.00,0.00,0.00,0.00,99.50,0.00,33.00,0.00,0.00,0.00,0.00,0.00,0.00,12.00,0.00,0.00,0.00,0.00,0.00,0.00,0.00,0.00,0.00,673824,1154328,1366896,66.98,47848,554084,3744492,183.49,831492,369540,376,599140,102836,7360,29008,0,0,0,0.00,0,0.00,0,0,0.00,26670,7648,36942,0,0,460,0.00,0.00,0.00,0,0.00,0.00,0.00,0.00,0.00,0.00,0.00,0.00,0.00,0.00,0.00,0.00,0.00,0.00,4.00,0.00,0.23,0.00,0.00,0.00,0.00,0.00,0.00,0.00,0.00,0.00,0.00,0.00,0.00,0.00,0.00,0.00,0.00,0.00,0.00,0.00,0.00,0.00,0.00,0.00,0.00,0.00,0.00,0.00,0.00,0.00,0.00,0.00,723,3,5,0,0,0,0.00,0.00,0.00,0.00,0.00,0.00,0.00,0.00,0.00,0.00,0.00,0.00,0.00,0.00,0.00,0.00,0.00,0.00,0.00,0.00,0.00,0.00,0.00,0.00,0.00,0.00,0.00,0.00,0.00,0.00,0.00,0.00,0.00,0.00,0.00,0.00,0.00,0.00,0.00,0.00,0.00,0.00,0.00,0.00,0.00,0.00,0.00,0.00,0.00,0.00,0.00,0.00,0.00,0.00,0.00,3,2,1,0,0.00,0.00,0.00,0.00,0.00,0.00,0.00,0.00,0.00,0.00,0.00,0.00,0.00,0.00,0.00,0.00,0.00,0.00,0.00,0.00,0.00,0.00,0.00,0.00,0.00,0.00,0.00,0.00,0.00,0.00,0.00,0.00,0.00,0.00,0.00,0.00,0.00,0.00,0.00,0.00,0.00,0.00,0.00,0.00,0.00,0.00,0.00,0.00,0.00,0.00,0.00,0.00,0.00,4.00,0.00,0.00,0.00,0.00,1995.37
0.00,0.00,0.50,0.00,0.50,0.00,0.00,0.00,0.00,99.00,0.00,33.00,0.00,0.00,0.00,0.00,0.00,0.00,4.00,0.00,0.00,0.00,0.00,0.00,0.00,0.00,0.00,0.00,673824,1154328,1366896,66.98,47848,554100,3744492,183.49,831492,369540,392,599140,102836,7360,29008,0,0,0,0.00,0,0.00,0,0,0.00,26670,7648,36942,0,0,460,0.00,0.00,0.00,0,0.00,0.00,0.00,0.00,0.00,0.00,0.00,0.00,0.00,0.00,0.00,0.00,0.00,0.00,2.00,0.00,0.12,0.00,0.00,0.00,0.00,0.00,0.00,0.00,0.00,1.00,0.00,0.00,0.00,0.00,0.00,0.00,0.00,0.00,0.00,0.00,0.00,0.00,0.00,0.00,0.00,0.00,0.00,0.00,0.00,0.00,0.00,0.00,723,3,5,0,0,0,0.00,0.00,0.00,0.00,0.00,0.00,0.00,0.00,0.00,0.00,0.00,0.00,0.00,0.00,0.00,0.00,0.00,0.00,0.00,0.00,0.00,0.00,0.00,0.00,0.00,0.00,0.00,0.00,0.00,0.00,0.00,0.00,0.00,0.00,0.00,0.00,0.00,0.00,0.00,0.00,0.00,0.00,0.00,0.00,0.00,0.00,0.00,0.00,0.00,0.00,0.00,0.00,0.00,0.00,0.00,3,2,1,0,0.00,0.00,0.00,0.00,0.00,0.00,0.00,0.00,0.00,0.00,0.00,0.00,0.00,0.00,0.00,0.00,0.00,0.00,0.00,0.00,0.00,0.00,0.00,0.00,0.00,0.00,0.00,0.00,0.00,0.00,0.00,0.00,0.00,0.00,0.00,0.00,0.00,0.00,0.00,0.00,0.00,0.00,0.00,0.00,0.00,0.00,0.00,0.00,0.00,0.00,0.00,0.00,0.00,2.00,0.00,0.00,0.00,0.00,1995.37
0.50,0.00,0.00,0.00,0.00,0.00,0.00,0.00,0.00,99.50,0.00,150.00,0.00,0.00,0.00,0.00,0.00,0.00,4.00,0.00,0.00,0.00,0.00,0.00,0.00,0.00,0.00,0.00,673824,1154328,1366896,66.98,47848,554116,3744492,183.49,831492,369540,408,599140,102836,7360,29008,0,0,0,0.00,0,0.00,0,0,0.00,26670,7648,36942,0,0,460,0.00,0.00,0.00,0,0.00,0.00,0.00,0.00,0.00,0.00,0.00,0.00,0.00,0.00,0.00,0.00,0.00,0.00,4.00,0.00,0.23,0.00,0.00,0.00,0.00,0.00,0.00,0.00,0.00,0.00,0.00,0.00,0.00,0.00,0.00,0.00,0.00,0.00,0.00,0.00,0.00,0.00,0.00,0.00,0.00,0.00,0.00,0.00,0.00,0.00,0.00,0.00,723,3,5,0,0,0,0.00,0.00,0.00,0.00,0.00,0.00,0.00,0.00,0.00,0.00,0.00,0.00,0.00,0.00,0.00,0.00,0.00,0.00,0.00,0.00,0.00,0.00,0.00,0.00,0.00,0.00,0.00,0.00,0.00,0.00,0.00,0.00,0.00,0.00,0.00,0.00,0.00,0.00,0.00,0.00,0.00,0.00,0.00,0.00,0.00,0.00,0.00,0.00,0.00,0.00,0.00,0.00,0.00,0.00,0.00,3,2,1,0,0.00,0.00,0.00,0.00,0.00,0.00,0.00,0.00,0.00,0.00,0.00,0.00,0.00,0.00,0.00,0.00,0.00,0.00,0.00,0.00,0.00,0.00,0.00,0.00,0.00,0.00,0.00,0.00,0.00,0.00,0.00,0.00,0.00,0.00,0.00,0.00,0.00,0.00,0.00,0.00,0.00,0.00,0.00,0.00,0.00,0.00,0.00,0.00,0.00,0.00,0.00,0.00,0.00,4.00,0.00,0.00,0.00,0.00,1995.37
1.00,0.00,0.00,0.50,0.00,0.00,0.00,0.00,0.00,98.51,0.00,56.00,0.00,0.00,0.00,12.00,0.00,0.00,5.00,0.00,0.00,0.00,0.00,2.00,0.00,2.00,0.00,24.00,673824,1154328,1366896,66.98,47856,554128,3744492,183.49,831492,369540,420,599140,102836,7360,29008,0,0,0,0.00,0,0.00,0,0,0.00,26670,7648,36942,0,0,460,0.00,0.00,0.00,0,0.00,0.00,0.00,0.00,0.00,0.00,2.00,0.00,12.00,6.00,0.00,6.00,0.00,0.00,5.00,0.00,0.29,0.00,0.00,0.00,0.00,0.00,0.00,0.00,0.00,1.00,0.00,0.00,0.00,0.00,0.00,0.00,0.00,0.00,0.00,0.00,0.00,0.00,0.00,0.00,0.00,0.00,0.00,0.00,0.00,0.00,0.00,0.00,723,3,5,0,0,0,0.00,0.00,0.00,0.00,0.00,0.00,0.00,0.00,0.00,0.00,0.00,0.00,0.00,0.00,0.00,0.00,0.00,0.00,0.00,0.00,0.00,0.00,0.00,0.00,0.00,0.00,0.00,0.00,0.00,0.00,0.00,0.00,0.00,0.00,0.00,0.00,0.00,0.00,0.00,0.00,0.00,0.00,0.00,0.00,0.00,0.00,0.00,0.00,0.00,0.00,0.00,0.00,0.00,0.00,0.00,3,2,1,0,0.00,0.00,0.00,0.00,0.00,0.00,0.00,0.00,0.00,0.00,0.00,0.00,0.00,0.00,0.00,0.00,0.00,0.00,0.00,0.00,0.00,0.00,0.00,0.00,0.00,0.00,0.00,0.00,0.00,0.00,0.00,0.00,0.00,0.00,0.00,0.00,0.00,0.00,0.00,0.00,0.00,0.00,0.00,0.00,0.00,0.00,0.00,0.00,0.00,0.00,0.00,0.00,0.00,5.00,0.00,0.00,0.00,0.00,1995.37
0.00,0.00,0.50,0.00,0.00,0.00,0.00,0.00,0.00,99.50,0.00,46.00,0.00,0.00,0.00,0.00,0.00,0.00,13.00,0.00,0.00,0.00,0.00,0.00,0.00,0.00,0.00,0.00,673700,1154204,1367020,66.99,47856,554128,3744492,183.49,831492,369540,420,599140,102836,7360,29008,0,0,0,0.00,0,0.00,0,0,0.00,26670,7648,36942,0,0,460,0.00,0.00,0.00,0,0.00,0.00,0.00,0.00,0.00,0.00,0.00,0.00,0.00,0.00,0.00,0.00,0.00,0.00,7.00,0.00,0.41,0.00,0.00,0.00,0.00,0.00,0.00,0.00,0.00,0.00,0.00,0.00,0.00,0.00,0.00,0.00,0.00,0.00,0.00,0.00,0.00,0.00,0.00,0.00,0.00,0.00,0.00,0.00,0.00,0.00,0.00,0.00,723,3,5,0,0,0,0.00,0.00,0.00,0.00,0.00,0.00,0.00,0.00,0.00,0.00,0.00,0.00,0.00,0.00,0.00,0.00,0.00,0.00,0.00,0.00,0.00,0.00,0.00,0.00,0.00,0.00,0.00,0.00,0.00,0.00,0.00,0.00,0.00,0.00,0.00,0.00,0.00,0.00,0.00,0.00,0.00,0.00,0.00,0.00,0.00,0.00,0.00,0.00,0.00,0.00,0.00,0.00,0.00,0.00,0.00,3,2,1,0,0.00,0.00,0.00,0.00,0.00,0.00,0.00,0.00,0.00,0.00,0.00,0.00,0.00,0.00,0.00,0.00,0.00,0.00,0.00,0.00,0.00,0.00,0.00,0.00,0.00,0.00,0.00,0.00,0.00,0.00,0.00,0.00,0.00,0.00,0.00,0.00,0.00,0.00,0.00,0.00,0.00,0.00,0.00,0.00,0.00,0.00,0.00,0.00,0.00,0.00,0.00,0.00,0.00,7.00,0.00,0.00,0.00,0.00,1995.37
0.50,0.00,0.50,0.00,0.00,0.00,0.00,0.00,0.00,99.00,0.00,45.00,0.00,0.00,0.00,0.00,0.00,0.00,4.00,0.00,0.00,0.00,0.00,0.00,0.00,0.00,0.00,0.00,673856,1154416,1366864,66.98,47856,554160,3744492,183.49,831492,369596,452,599140,102836,7360,29008,0,0,0,0.00,0,0.00,0,0,0.00,26670,7648,36942,0,0,460,0.00,0.00,0.00,0,0.00,0.00,0.00,0.00,0.00,0.00,0.00,0.00,0.00,0.00,0.00,0.00,0.00,0.00,7.00,0.00,0.41,0.00,0.00,0.00,0.00,0.00,0.00,0.00,0.00,1.00,0.00,0.00,0.00,0.00,0.00,0.00,0.00,0.00,0.00,0.00,0.00,0.00,0.00,0.00,0.00,0.00,0.00,0.00,0.00,0.00,0.00,0.00,723,3,5,0,0,0,0.00,0.00,0.00,0.00,0.00,0.00,0.00,0.00,0.00,0.00,0.00,0.00,0.00,0.00,0.00,0.00,0.00,0.00,0.00,0.00,0.00,0.00,0.00,0.00,0.00,0.00,0.00,0.00,0.00,0.00,0.00,0.00,0.00,0.00,0.00,0.00,0.00,0.00,0.00,0.00,0.00,0.00,0.00,0.00,0.00,0.00,0.00,0.00,0.00,0.00,0.00,0.00,0.00,0.00,0.00,3,2,1,0,0.00,0.00,0.00,0.00,0.00,0.00,0.00,0.00,0.00,0.00,0.00,0.00,0.00,0.00,0.00,0.00,0.00,0.00,0.00,0.00,0.00,0.00,0.00,0.00,0.00,0.00,0.00,0.00,0.00,0.00,0.00,0.00,0.00,0.00,0.00,0.00,0.00,0.00,0.00,0.00,0.00,0.00,0.00,0.00,0.00,0.00,0.00,0.00,0.00,0.00,0.00,0.00,0.00,7.00,0.00,0.00,0.00,0.00,1995.37
0.00,0.00,0.00,0.00,0.00,0.00,0.00,0.00,0.00,100.00,0.00,77.00,0.00,0.00,0.00,0.00,0.00,0.00,4.00,0.00,0.00,0.00,0.00,0.00,0.00,0.00,0.00,0.00,673856,1154416,1366864,66.98,47856,554176,3744492,183.49,831492,369596,468,599140,102836,7360,29008,0,0,0,0.00,0,0.00,0,0,0.00,26670,7648,36942,0,0,460,0.00,0.00,0.00,0,0.00,0.00,0.00,0.00,0.00,0.00,0.00,0.00,0.00,0.00,0.00,0.00,0.00,0.00,9.00,0.00,1.74,0.00,0.00,0.00,0.00,0.00,0.00,0.00,0.00,0.00,0.00,0.00,0.00,0.00,0.00,0.00,0.00,0.00,0.00,0.00,0.00,0.00,0.00,0.00,0.00,0.00,0.00,0.00,0.00,0.00,0.00,0.00,723,3,5,0,0,0,1.00,0.00,1.00,0.00,0.00,0.00,0.00,0.00,0.00,0.00,0.00,0.00,0.00,0.00,0.00,0.00,0.00,0.00,0.00,0.00,0.00,0.00,0.00,0.00,0.00,0.00,0.00,0.00,0.00,0.00,0.00,0.00,0.00,0.00,0.00,0.00,0.00,0.00,0.00,0.00,0.00,0.00,0.00,0.00,0.00,0.00,0.00,0.00,0.00,0.00,0.00,0.00,0.00,0.00,0.00,3,2,1,0,0.00,0.00,0.00,0.00,0.00,0.00,0.00,0.00,0.00,0.00,0.00,0.00,0.00,0.00,0.00,0.00,0.00,0.00,0.00,0.00,0.00,0.00,0.00,0.00,0.00,0.00,0.00,0.00,0.00,0.00,0.00,0.00,0.00,0.00,0.00,0.00,0.00,0.00,0.00,0.00,0.00,0.00,0.00,0.00,0.00,0.00,0.00,0.00,0.00,0.00,0.00,0.00,0.00,9.00,0.00,0.00,0.00,0.00,1995.37
0.50,0.00,0.00,0.00,0.00,0.00,0.00,0.00,0.00,99.50,0.00,43.00,0.00,0.00,0.00,0.00,0.00,0.00,12.00,0.00,0.00,0.00,0.00,0.00,0.00,0.00,0.00,0.00,673888,1154504,1366832,66.98,47856,554192,3744492,183.49,831492,369652,484,599140,102840,7360,29008,0,0,0,0.00,0,0.00,0,0,0.00,26670,7648,36942,0,0,460,0.00,0.00,0.00,0,0.00,0.00,0.00,0.00,0.00,0.00,0.00,0.00,0.00,0.00,0.00,0.00,0.00,0.00,5.00,0.00,0.29,0.00,0.00,0.00,0.00,0.00,0.00,0.00,0.00,1.00,0.00,0.00,0.00,0.00,0.00,0.00,0.00,0.00,0.00,0.00,0.00,0.00,0.00,0.00,0.00,0.00,0.00,0.00,0.00,0.00,0.00,0.00,723,3,5,0,0,0,0.00,0.00,0.00,0.00,0.00,0.00,0.00,0.00,0.00,0.00,0.00,0.00,0.00,0.00,0.00,0.00,0.00,0.00,0.00,0.00,0.00,0.00,0.00,0.00,0.00,0.00,0.00,0.00,0.00,0.00,0.00,0.00,0.00,0.00,0.00,0.00,0.00,0.00,0.00,0.00,0.00,0.00,0.00,0.00,0.00,0.00,0.00,0.00,0.00,0.00,0.00,0.00,0.00,0.00,0.00,3,2,1,0,0.00,0.00,0.00,0.00,0.00,0.00,0.00,0.00,0.00,0.00,0.00,0.00,0.00,0.00,0.00,0.00,0.00,0.00,0.00,0.00,0.00,0.00,0.00,0.00,0.00,0.00,0.00,0.00,0.00,0.00,0.00,0.00,0.00,0.00,0.00,0.00,0.00,0.00,0.00,0.00,0.00,0.00,0.00,0.00,0.00,0.00,0.00,0.00,0.00,0.00,0.00,0.00,0.00,5.00,0.00,0.00,0.00,0.00,1995.37
0.50,0.00,0.00,2.50,0.00,0.00,0.00,0.00,0.00,97.00,0.00,66.00,0.00,0.00,0.00,500.00,0.00,0.00,5.00,0.00,0.00,0.00,0.00,4.00,0.00,4.00,0.00,1000.00,673888,1154528,1366832,66.98,47864,554208,3744492,183.49,831516,369652,12,599140,102840,7360,29008,0,0,0,0.00,0,0.00,0,0,0.00,26670,7648,36942,0,0,460,0.00,0.00,0.00,0,0.00,0.00,0.00,0.00,0.00,0.00,4.00,0.00,500.00,125.00,0.00,14.00,0.00,0.00,6.00,1.00,0.38,0.04,0.00,0.00,0.00,0.00,0.00,0.00,0.00,2.00,0.00,0.00,0.00,0.00,0.00,0.00,0.00,0.00,0.00,0.00,0.00,0.00,0.00,0.00,0.00,0.00,0.00,0.00,0.00,0.00,0.00,0.00,723,3,5,0,0,0,0.00,0.00,0.00,0.00,0.00,0.00,0.00,0.00,0.00,0.00,0.00,0.00,0.00,0.00,0.00,0.00,0.00,0.00,0.00,0.00,0.00,0.00,0.00,0.00,0.00,0.00,0.00,0.00,0.00,0.00,0.00,0.00,0.00,0.00,0.00,0.00,0.00,0.00,0.00,0.00,0.00,0.00,0.00,0.00,0.00,0.00,0.00,0.00,0.00,0.00,0.00,0.00,0.00,0.00,0.00,3,2,1,0,0.00,0.00,0.00,0.00,0.00,0.00,0.00,0.00,0.00,0.00,0.00,0.00,0.00,0.00,0.00,0.00,0.00,0.00,0.00,0.00,0.00,0.00,0.00,0.00,0.00,0.00,0.00,0.00,0.00,0.00,0.00,0.00,0.00,0.00,0.00,0.00,0.00,0.00,0.00,0.00,0.00,0.00,0.00,0.00,0.00,0.00,0.00,0.00,0.00,0.00,0.00,0.00,0.00,6.00,0.00,0.00,0.00,0.00,1995.37
0.50,0.00,0.50,0.00,0.00,0.00,0.00,0.00,0.00,99.00,0.00,18.00,0.00,0.00,0.00,0.00,0.00,0.00,4.00,0.00,0.00,0.00,0.00,0.00,0.00,0.00,0.00,0.00,673888,1154528,1366832,66.98,47864,554208,3744492,183.49,831516,369652,12,599140,102840,7360,29008,0,0,0,0.00,0,0.00,0,0,0.00,26670,7648,36942,0,0,460,0.00,0.00,0.00,0,0.00,0.00,0.00,0.00,0.00,0.00,0.00,0.00,0.00,0.00,0.00,0.00,0.00,0.00,3.00,0.00,0.17,0.00,0.00,0.00,0.00,0.00,0.00,0.00,0.00,1.00,0.00,0.00,0.00,0.00,0.00,0.00,0.00,0.00,0.00,0.00,0.00,0.00,0.00,0.00,0.00,0.00,0.00,0.00,0.00,0.00,0.00,0.00,723,3,5,0,0,0,0.00,0.00,0.00,0.00,0.00,0.00,0.00,0.00,0.00,0.00,0.00,0.00,0.00,0.00,0.00,0.00,0.00,0.00,0.00,0.00,0.00,0.00,0.00,0.00,0.00,0.00,0.00,0.00,0.00,0.00,0.00,0.00,0.00,0.00,0.00,0.00,0.00,0.00,0.00,0.00,0.00,0.00,0.00,0.00,0.00,0.00,0.00,0.00,0.00,0.00,0.00,0.00,0.00,0.00,0.00,3,2,1,0,0.00,0.00,0.00,0.00,0.00,0.00,0.00,0.00,0.00,0.00,0.00,0.00,0.00,0.00,0.00,0.00,0.00,0.00,0.00,0.00,0.00,0.00,0.00,0.00,0.00,0.00,0.00,0.00,0.00,0.00,0.00,0.00,0.00,0.00,0.00,0.00,0.00,0.00,0.00,0.00,0.00,0.00,0.00,0.00,0.00,0.00,0.00,0.00,0.00,0.00,0.00,0.00,0.00,3.00,0.00,0.00,0.00,0.00,1995.37
0.50,0.00,0.00,0.00,0.00,0.00,0.00,0.00,0.00,99.50,0.00,28.00,0.00,0.00,0.00,0.00,0.00,0.00,4.00,0.00,0.00,0.00,0.00,0.00,0.00,0.00,0.00,0.00,673888,1154528,1366832,66.98,47864,554240,3744492,183.49,831516,369652,48,599140,102840,7360,29008,0,0,0,0.00,0,0.00,0,0,0.00,26670,7648,36942,0,0,460,0.00,0.00,0.00,0,0.00,0.00,0.00,0.00,0.00,0.00,0.00,0.00,0.00,0.00,0.00,0.00,0.00,0.00,0.00,0.00,0.00,0.00,0.00,0.00,0.00,0.00,0.00,0.00,0.00,0.00,0.00,0.00,0.00,0.00,0.00,0.00,0.00,0.00,0.00,0.00,0.00,0.00,0.00,0.00,0.00,0.00,0.00,0.00,0.00,0.00,0.00,0.00,723,3,5,0,0,0,0.00,0.00,0.00,0.00,0.00,0.00,0.00,0.00,0.00,0.00,0.00,0.00,0.00,0.00,0.00,0.00,0.00,0.00,0.00,0.00,0.00,0.00,0.00,0.00,0.00,0.00,0.00,0.00,0.00,0.00,0.00,0.00,0.00,0.00,0.00,0.00,0.00,0.00,0.00,0.00,0.00,0.00,0.00,0.00,0.00,0.00,0.00,0.00,0.00,0.00,0.00,0.00,0.00,0.00,0.00,3,2,1,0,0.00,0.00,0.00,0.00,0.00,0.00,0.00,0.00,0.00,0.00,0.00,0.00,0.00,0.00,0.00,0.00,0.00,0.00,0.00,0.00,0.00,0.00,0.00,0.00,0.00,0.00,0.00,0.00,0.00,0.00,0.00,0.00,0.00,0.00,0.00,0.00,0.00,0.00,0.00,0.00,0.00,0.00,0.00,0.00,0.00,0.00,0.00,0.00,0.00,0.00,0.00,0.00,0.00,0.00,0.00,0.00,0.00,0.00,1995.37
0.50,0.00,0.00,0.00,0.00,0.00,0.00,0.00,0.00,99.50,0.00,20.00,0.00,0.00,0.00,0.00,0.00,0.00,4.00,0.00,0.00,0.00,0.00,0.00,0.00,0.00,0.00,0.00,673888,1154584,1366832,66.98,47864,554252,3744492,183.49,831516,369708,60,599140,102840,7360,29008,0,0,0,0.00,0,0.00,0,0,0.00,26670,7648,36942,0,0,460,0.00,0.00,0.00,0,0.00,0.00,0.00,0.00,0.00,0.00,0.00,0.00,0.00,0.00,0.00,0.00,0.00,0.00,1.00,0.00,0.06,0.00,0.00,0.00,0.00,0.00,0.00,0.00,0.00,1.00,0.00,0.00,0.00,0.00,0.00,0.00,0.00,0.00,0.00,0.00,0.00,0.00,0.00,0.00,0.00,0.00,0.00,0.00,0.00,0.00,0.00,0.00,723,3,5,0,0,0,0.00,0.00,0.00,0.00,0.00,0.00,0.00,0.00,0.00,0.00,0.00,0.00,0.00,0.00,0.00,0.00,0.00,0.00,0.00,0.00,0.00,0.00,0.00,0.00,0.00,0.00,0.00,0.00,0.00,0.00,0.00,0.00,0.00,0.00,0.00,0.00,0.00,0.00,0.00,0.00,0.00,0.00,0.00,0.00,0.00,0.00,0.00,0.00,0.00,0.00,0.00,0.00,0.00,0.00,0.00,3,2,1,0,0.00,0.00,0.00,0.00,0.00,0.00,0.00,0.00,0.00,0.00,0.00,0.00,0.00,0.00,0.00,0.00,0.00,0.00,0.00,0.00,0.00,0.00,0.00,0.00,0.00,0.00,0.00,0.00,0.00,0.00,0.00,0.00,0.00,0.00,0.00,0.00,0.00,0.00,0.00,0.00,0.00,0.00,0.00,0.00,0.00,0.00,0.00,0.00,0.00,0.00,0.00,0.00,0.00,1.00,0.00,0.00,0.00,0.00,1995.37
0.50,0.00,0.50,0.00,0.00,0.00,0.00,0.00,0.00,99.00,0.00,21.00,0.00,0.00,0.00,0.00,0.00,0.00,4.00,0.00,0.00,0.00,0.00,0.00,0.00,0.00,0.00,0.00,673764,1154460,1366956,66.98,47864,554268,3744492,183.49,831516,369708,76,599140,102840,7360,29008,0,0,0,0.00,0,0.00,0,0,0.00,26670,7648,36942,0,0,460,0.00,0.00,0.00,0,0.00,0.00,0.00,0.00,0.00,0.00,0.00,0.00,0.00,0.00,0.00,0.00,0.00,0.00,2.00,0.00,0.12,0.00,0.00,0.00,0.00,0.00,0.00,0.00,0.00,0.00,0.00,0.00,0.00,0.00,0.00,0.00,0.00,0.00,0.00,0.00,0.00,0.00,0.00,0.00,0.00,0.00,0.00,0.00,0.00,0.00,0.00,0.00,723,3,5,0,0,0,0.00,0.00,0.00,0.00,0.00,0.00,0.00,0.00,0.00,0.00,0.00,0.00,0.00,0.00,0.00,0.00,0.00,0.00,0.00,0.00,0.00,0.00,0.00,0.00,0.00,0.00,0.00,0.00,0.00,0.00,0.00,0.00,0.00,0.00,0.00,0.00,0.00,0.00,0.00,0.00,0.00,0.00,0.00,0.00,0.00,0.00,0.00,0.00,0.00,0.00,0.00,0.00,0.00,0.00,0.00,3,2,1,0,0.00,0.00,0.00,0.00,0.00,0.00,0.00,0.00,0.00,0.00,0.00,0.00,0.00,0.00,0.00,0.00,0.00,0.00,0.00,0.00,0.00,0.00,0.00,0.00,0.00,0.00,0.00,0.00,0.00,0.00,0.00,0.00,0.00,0.00,0.00,0.00,0.00,0.00,0.00,0.00,0.00,0.00,0.00,0.00,0.00,0.00,0.00,0.00,0.00,0.00,0.00,0.00,0.00,2.00,0.00,0.00,0.00,0.00,1995.37
0.50,0.00,0.00,5.03,0.00,0.00,0.00,0.00,0.00,94.47,0.00,45.00,0.00,0.00,0.00,36.00,0.00,0.00,4.00,0.00,0.00,0.00,0.00,4.00,0.00,4.00,0.00,72.00,673888,1154584,1366832,66.98,47872,554284,3744492,183.49,831516,369708,80,599140,102840,7360,29008,0,0,0,0.00,0,0.00,0,0,0.00,26670,7648,36942,0,0,460,0.00,0.00,0.00,0,0.00,0.00,0.00,0.00,0.00,0.00,4.00,0.00,36.00,9.00,0.00,26.00,0.00,0.00,5.00,0.00,0.29,0.00,0.00,0.00,0.00,0.00,0.00,0.00,0.00,1.00,0.00,0.00,0.00,0.00,0.00,0.00,0.00,0.00,0.00,0.00,0.00,0.00,0.00,0.00,0.00,0.00,0.00,0.00,0.00,0.00,0.00,0.00,723,3,5,0,0,0,0.00,0.00,0.00,0.00,0.00,0.00,0.00,0.00,0.00,0.00,0.00,0.00,0.00,0.00,0.00,0.00,0.00,0.00,0.00,0.00,0.00,0.00,0.00,0.00,0.00,0.00,0.00,0.00,0.00,0.00,0.00,0.00,0.00,0.00,0.00,0.00,0.00,0.00,0.00,0.00,0.00,0.00,0.00,0.00,0.00,0.00,0.00,0.00,0.00,0.00,0.00,0.00,0.00,0.00,0.00,3,2,1,0,0.00,0.00,0.00,0.00,0.00,0.00,0.00,0.00,0.00,0.00,0.00,0.00,0.00,0.00,0.00,0.00,0.00,0.00,0.00,0.00,0.00,0.00,0.00,0.00,0.00,0.00,0.00,0.00,0.00,0.00,0.00,0.00,0.00,0.00,0.00,0.00,0.00,0.00,0.00,0.00,0.00,0.00,0.00,0.00,0.00,0.00,0.00,0.00,0.00,0.00,0.00,0.00,0.00,5.00,0.00,0.00,0.00,0.00,1995.37
0.00,0.00,0.00,0.00,0.00,0.00,0.00,0.00,0.00,100.00,0.00,35.00,0.00,0.00,0.00,0.00,1.00,0.00,13.00,0.00,0.00,0.00,0.00,0.00,0.00,0.00,0.00,0.00,673888,1154640,1366832,66.98,47872,554300,3744492,183.49,831524,369756,96,599140,102840,7360,29008,0,0,0,0.00,0,0.00,0,0,0.00,26670,7648,36942,0,0,460,0.00,0.00,0.00,0,0.00,0.00,0.00,0.00,0.00,0.00,0.00,0.00,0.00,0.00,0.00,0.00,0.00,0.00,4.00,0.00,0.23,0.00,0.00,0.00,0.00,0.00,0.00,0.00,0.00,0.00,0.00,0.00,0.00,0.00,0.00,0.00,0.00,0.00,0.00,0.00,0.00,0.00,0.00,0.00,0.00,0.00,0.00,0.00,0.00,0.00,0.00,0.00,723,3,5,0,0,0,0.00,0.00,0.00,0.00,0.00,0.00,0.00,0.00,0.00,0.00,0.00,0.00,0.00,0.00,0.00,0.00,0.00,0.00,0.00,0.00,0.00,0.00,0.00,0.00,0.00,0.00,0.00,0.00,0.00,0.00,0.00,0.00,0.00,0.00,0.00,0.00,0.00,0.00,0.00,0.00,0.00,0.00,0.00,0.00,0.00,0.00,0.00,0.00,0.00,0.00,0.00,0.00,0.00,0.00,0.00,3,2,1,0,0.00,0.00,0.00,0.00,0.00,0.00,0.00,0.00,0.00,0.00,0.00,0.00,0.00,0.00,0.00,0.00,0.00,0.00,0.00,0.00,0.00,0.00,0.00,0.00,0.00,0.00,0.00,0.00,0.00,0.00,0.00,0.00,0.00,0.00,0.00,0.00,0.00,0.00,0.00,0.00,0.00,0.00,0.00,0.00,0.00,0.00,0.00,0.00,0.00,0.00,0.00,0.00,0.00,4.00,0.00,0.00,0.00,0.00,1995.37
0.50,0.00,0.00,0.00,0.00,0.00,0.00,0.00,0.00,99.50,0.00,59.00,0.00,0.00,0.00,0.00,0.00,0.00,5.00,0.00,0.00,0.00,0.00,0.00,0.00,0.00,0.00,0.00,673920,1154672,1366800,66.98,47872,554316,3744492,183.49,831524,369756,112,599144,102840,7360,29008,0,0,0,0.00,0,0.00,0,0,0.00,26670,7648,36942,0,0,460,0.00,0.00,0.00,0,0.00,0.00,0.00,0.00,0.00,0.00,0.00,0.00,0.00,0.00,0.00,0.00,0.00,0.00,8.00,0.00,0.47,0.00,0.00,0.00,0.00,0.00,0.00,0.00,0.00,1.00,0.00,0.00,0.00,0.00,0.00,0.00,0.00,0.00,0.00,0.00,0.00,0.00,0.00,0.00,0.00,0.00,0.00,0.00,0.00,0.00,0.00,0.00,723,3,5,0,0,0,0.00,0.00,0.00,0.00,0.00,0.00,0.00,0.00,0.00,0.00,0.00,0.00,0.00,0.00,0.00,0.00,0.00,0.00,0.00,0.00,0.00,0.00,0.00,0.00,0.00,0.00,0.00,0.00,0.00,0.00,0.00,0.00,0.00,0.00,0.00,0.00,0.00,0.00,0.00,0.00,0.00,0.00,0.00,0.00,0.00,0.00,0.00,0.00,0.00,0.00,0.00,0.00,0.00,0.00,0.00,3,2,1,0,0.00,0.00,0.00,0.00,0.00,0.00,0.00,0.00,0.00,0.00,0.00,0.00,0.00,0.00,0.00,0.00,0.00,0.00,0.00,0.00,0.00,0.00,0.00,0.00,0.00,0.00,0.00,0.00,0.00,0.00,0.00,0.00,0.00,0.00,0.00,0.00,0.00,0.00,0.00,0.00,0.00,0.00,0.00,0.00,0.00,0.00,0.00,0.00,0.00,0.00,0.00,0.00,0.00,8.00,0.00,0.00,0.00,0.00,1995.37
0.00,0.00,0.00,0.00,0.00,0.00,0.00,0.00,0.00,100.00,0.00,51.00,0.00,0.00,0.00,0.00,0.00,0.00,3.00,0.00,0.00,0.00,0.00,0.00,0.00,0.00,0.00,0.00,673920,1154672,1366800,66.98,47872,554332,3744492,183.49,831524,369756,128,599144,102840,7360,29008,0,0,0,0.00,0,0.00,0,0,0.00,26670,7648,36942,0,0,460,0.00,0.00,0.00,0,0.00,0.00,0.00,0.00,0.00,0.00,0.00,0.00,0.00,0.00,0.00,0.00,0.00,0.00,8.00,0.00,0.47,0.00,0.00,0.00,0.00,0.00,0.00,0.00,0.00,0.00,0.00,0.00,0.00,0.00,0.00,0.00,0.00,0.00,0.00,0.00,0.00,0.00,0.00,0.00,0.00,0.00,0.00,0.00,0.00,0.00,0.00,0.00,723,3,5,0,0,0,0.00,0.00,0.00,0.00,0.00,0.00,0.00,0.00,0.00,0.00,0.00,0.00,0.00,0.00,0.00,0.00,0.00,0.00,0.00,0.00,0.00,0.00,0.00,0.00,0.00,0.00,0.00,0.00,0.00,0.00,0.00,0.00,0.00,0.00,0.00,0.00,0.00,0.00,0.00,0.00,0.00,0.00,0.00,0.00,0.00,0.00,0.00,0.00,0.00,0.00,0.00,0.00,0.00,0.00,0.00,3,2,1,0,0.00,0.00,0.00,0.00,0.00,0.00,0.00,0.00,0.00,0.00,0.00,0.00,0.00,0.00,0.00,0.00,0.00,0.00,0.00,0.00,0.00,0.00,0.00,0.00,0.00,0.00,0.00,0.00,0.00,0.00,0.00,0.00,0.00,0.00,0.00,0.00,0.00,0.00,0.00,0.00,0.00,0.00,0.00,0.00,0.00,0.00,0.00,0.00,0.00,0.00,0.00,0.00,0.00,8.00,0.00,0.00,0.00,0.00,1995.37
0.50,0.00,0.00,0.00,0.00,0.00,0.00,0.00,0.00,99.50,0.00,37.00,0.00,0.00,0.00,0.00,0.00,0.00,12.00,0.00,0.00,0.00,0.00,0.00,0.00,0.00,0.00,0.00,673952,1154708,1366768,66.97,47872,554348,3744492,183.49,831524,369756,144,599144,102844,7360,29008,0,0,0,0.00,0,0.00,0,0,0.00,26670,7648,36942,0,0,460,0.00,0.00,0.00,0,0.00,0.00,0.00,0.00,0.00,0.00,0.00,0.00,0.00,0.00,0.00,0.00,0.00,0.00,8.00,0.00,0.78,0.00,0.00,0.00,0.00,0.00,0.00,0.00,0.00,2.00,0.00,0.00,0.00,0.00,0.00,0.00,0.00,0.00,0.00,0.00,0.00,0.00,0.00,0.00,0.00,0.00,0.00,0.00,0.00,0.00,0.00,0.00,723,3,5,0,0,0,0.00,0.00,0.00,0.00,0.00,0.00,0.00,0.00,0.00,0.00,0.00,0.00,0.00,0.00,0.00,0.00,0.00,0.00,0.00,0.00,0.00,0.00,0.00,0.00,0.00,0.00,0.00,0.00,0.00,0.00,0.00,0.00,0.00,0.00,0.00,0.00,0.00,0.00,0.00,0.00,0.00,0.00,0.00,0.00,0.00,0.00,0.00,0.00,0.00,0.00,0.00,0.00,0.00,0.00,0.00,3,2,1,0,0.00,0.00,0.00,0.00,0.00,0.00,0.00,0.00,0.00,0.00,0.00,0.00,0.00,0.00,0.00,0.00,0.00,0.00,0.00,0.00,0.00,0.00,0.00,0.00,0.00,0.00,0.00,0.00,0.00,0.00,0.00,0.00,0.00,0.00,0.00,0.00,0.00,0.00,0.00,0.00,0.00,0.00,0.00,0.00,0.00,0.00,0.00,0.00,0.00,0.00,0.00,0.00,0.00,8.00,0.00,0.00,0.00,0.00,1995.37
0.00,0.00,0.00,5.03,0.00,0.00,0.50,0.00,0.00,94.47,0.00,121.00,0.00,0.00,0.00,12.00,0.00,0.00,2156.00,0.00,0.00,0.00,0.00,2.00,0.00,2.00,0.00,24.00,673732,1154544,1366988,66.99,47880,554364,3744492,183.49,831524,369812,160,599144,102844,7360,29008,0,0,0,0.00,0,0.00,0,0,0.00,26670,7648,36942,0,0,460,0.00,0.00,0.00,0,0.00,0.00,0.00,0.00,0.00,0.00,2.00,0.00,12.00,6.00,0.00,50.00,0.00,0.00,4277.00,0.00,6220.11,0.00,0.00,0.00,0.00,0.00,0.00,0.00,0.00,0.00,0.00,0.00,0.00,0.00,0.00,0.00,0.00,0.00,0.00,0.00,0.00,0.00,0.00,0.00,0.00,0.00,0.00,0.00,0.00,0.00,0.00,0.00,723,3,5,0,0,0,4275.00,0.00,95.00,0.00,4275.00,95.00,0.00,0.00,0.00,0.00,0.00,0.00,0.00,0.00,0.00,0.00,0.00,0.00,0.00,0.00,0.00,0.00,0.00,0.00,0.00,0.00,0.00,0.00,0.00,0.00,0.00,0.00,0.00,0.00,0.00,0.00,0.00,0.00,0.00,0.00,0.00,0.00,0.00,0.00,95.00,0.00,0.00,0.00,0.00,0.00,0.00,0.00,0.00,0.00,0.00,3,2,1,0,0.00,0.00,0.00,0.00,0.00,0.00,0.00,0.00,0.00,0.00,0.00,0.00,0.00,0.00,0.00,0.00,0.00,0.00,0.00,0.00,0.00,0.00,0.00,0.00,0.00,0.00,0.00,0.00,0.00,0.00,0.00,0.00,0.00,0.00,0.00,0.00,0.00,0.00,0.00,0.00,0.00,0.00,0.00,0.00,0.00,0.00,0.00,0.00,0.00,0.00,0.00,0.00,0.00,4277.00,0.00,0.00,0.00,0.00,1995.37
0.50,0.00,0.00,0.00,0.00,0.00,2.00,0.00,0.00,97.50,0.00,112.00,0.00,0.00,0.00,0.00,0.00,0.00,5628.00,0.00,0.00,0.00,0.00,0.00,0.00,0.00,0.00,0.00,673576,1154388,1367144,66.99,47880,554376,3744492,183.49,831524,369812,172,599144,102844,7360,29008,0,0,0,0.00,0,0.00,0,0,0.00,26670,7648,36942,0,0,460,0.00,0.00,0.00,0,0.00,0.00,0.00,0.00,0.00,0.00,0.00,0.00,0.00,0.00,0.00,0.00,0.00,0.00,11164.00,0.00,16237.70,0.00,0.00,0.00,0.00,0.00,0.00,0.00,0.00,1.00,0.00,0.00,0.00,0.00,0.00,0.00,0.00,0.00,0.00,0.00,0.00,0.00,0.00,0.00,0.00,0.00,0.00,0.00,0.00,0.00,0.00,0.00,723,3,5,0,0,0,11160.00,0.00,248.00,0.00,11160.00,248.00,0.00,0.00,0.00,0.00,0.00,0.00,0.00,0.00,0.00,0.00,0.00,0.00,0.00,0.00,0.00,0.00,0.00,0.00,0.00,0.00,0.00,0.00,0.00,0.00,0.00,0.00,0.00,0.00,0.00,0.00,0.00,0.00,0.00,0.00,0.00,0.00,0.00,0.00,248.00,0.00,0.00,0.00,0.00,0.00,0.00,0.00,0.00,0.00,0.00,3,2,1,0,0.00,0.00,0.00,0.00,0.00,0.00,0.00,0.00,0.00,0.00,0.00,0.00,0.00,0.00,0.00,0.00,0.00,0.00,0.00,0.00,0.00,0.00,0.00,0.00,0.00,0.00,0.00,0.00,0.00,0.00,0.00,0.00,0.00,0.00,0.00,0.00,0.00,0.00,0.00,0.00,0.00,0.00,0.00,0.00,0.00,0.00,0.00,0.00,0.00,0.00,0.00,0.00,0.00,11164.00,0.00,0.00,0.00,0.00,1995.37
0.50,0.00,0.00,0.00,0.00,0.00,0.00,0.00,0.00,99.50,0.00,44.00,0.00,0.00,0.00,0.00,0.00,0.00,756.00,0.00,0.00,0.00,0.00,0.00,0.00,0.00,0.00,0.00,673608,1154420,1367112,66.99,47880,554392,3744492,183.49,831524,369812,188,599144,102844,7360,29008,0,0,0,0.00,0,0.00,0,0,0.00,26670,7648,36942,0,0,460,0.00,0.00,0.00,0,0.00,0.00,0.00,0.00,0.00,0.00,0.00,0.00,0.00,0.00,0.00,0.00,0.00,0.00,1487.00,0.00,2160.75,0.00,0.00,0.00,0.00,0.00,0.00,0.00,0.00,0.00,0.00,0.00,0.00,0.00,0.00,0.00,0.00,0.00,0.00,0.00,0.00,0.00,0.00,0.00,0.00,0.00,0.00,0.00,0.00,0.00,0.00,0.00,723,3,5,0,0,0,1485.00,0.00,33.00,0.00,1485.00,33.00,0.00,0.00,0.00,0.00,0.00,0.00,0.00,0.00,0.00,0.00,0.00,0.00,0.00,0.00,0.00,0.00,0.00,0.00,0.00,0.00,0.00,0.00,0.00,0.00,0.00,0.00,0.00,0.00,0.00,0.00,0.00,0.00,0.00,0.00,0.00,0.00,0.00,0.00,33.00,0.00,0.00,0.00,0.00,0.00,0.00,0.00,0.00,0.00,0.00,3,2,1,0,0.00,0.00,0.00,0.00,0.00,0.00,0.00,0.00,0.00,0.00,0.00,0.00,0.00,0.00,0.00,0.00,0.00,0.00,0.00,0.00,0.00,0.00,0.00,0.00,0.00,0.00,0.00,0.00,0.00,0.00,0.00,0.00,0.00,0.00,0.00,0.00,0.00,0.00,0.00,0.00,0.00,0.00,0.00,0.00,0.00,0.00,0.00,0.00,0.00,0.00,0.00,0.00,0.00,1487.00,0.00,0.00,0.00,0.00,1995.37
0.00,0.00,0.50,0.00,0.00,0.00,0.50,0.00,0.00,99.00,0.00,50.00,0.00,0.00,0.00,0.00,0.00,0.00,1092.00,0.00,0.00,0.00,0.00,0.00,0.00,0.00,0.00,0.00,673668,1154536,1367052,66.99,47880,554408,3744492,183.49,831528,369864,204,599144,102844,7360,29008,0,0,0,0.00,0,0.00,0,0,0.00,26670,7648,36942,0,0,460,0.00,0.00,0.00,0,0.00,0.00,0.00,0.00,0.00,0.00,0.00,0.00,0.00,0.00,0.00,0.00,0.00,0.00,2164.00,0.00,3142.97,0.00,0.00,0.00,0.00,0.00,0.00,0.00,0.00,1.00,0.00,0.00,0.00,0.00,0.00,0.00,0.00,0.00,0.00,0.00,0.00,0.00,0.00,0.00,0.00,0.00,0.00,0.00,0.00,0.00,0.00,0.00,723,3,5,0,0,0,2160.00,0.00,48.00,0.00,2160.00,48.00,0.00,0.00,0.00,0.00,0.00,0.00,0.00,0.00,0.00,0.00,0.00,0.00,0.00,0.00,0.00,0.00,0.00,0.00,0.00,0.00,0.00,0.00,0.00,0.00,0.00,0.00,0.00,0.00,0.00,0.00,0.00,0.00,0.00,0.00,0.00,0.00,0.00,0.00,48.00,0.00,0.00,0.00,0.00,0.00,0.00,0.00,0.00,0.00,0.00,3,2,1,0,0.00,0.00,0.00,0.00,0.00,0.00,0.00,0.00,0.00,0.00,0.00,0.00,0.00,0.00,0.00,0.00,0.00,0.00,0.00,0.00,0.00,0.00,0.00,0.00,0.00,0.00,0.00,0.00,0.00,0.00,0.00,0.00,0.00,0.00,0.00,0.00,0.00,0.00,0.00,0.00,0.00,0.00,0.00,0.00,0.00,0.00,0.00,0.00,0.00,0.00,0.00,0.00,0.00,2164.00,0.00,0.00,0.00,0.00,1995.37
0.50,0.00,0.00,0.00,0.00,0.00,0.00,0.00,0.00,99.50,0.00,28.00,0.00,0.00,0.00,0.00,0.00,0.00,3.00,0.00,0.00,0.00,0.00,0.00,0.00,0.00,0.00,0.00,673668,1154536,1367052,66.99,47880,554424,3744492,183.49,831528,369864,220,599144,102844,7360,29008,0,0,0,0.00,0,0.00,0,0,0.00,26670,7648,36942,0,0,460,0.00,0.00,0.00,0,0.00,0.00,0.00,0.00,0.00,0.00,0.00,0.00,0.00,0.00,0.00,0.00,0.00,0.00,0.00,0.00,0.00,0.00,0.00,0.00,0.00,0.00,0.00,0.00,0.00,0.00,0.00,0.00,0.00,0.00,0.00,0.00,0.00,0.00,0.00,0.00,0.00,0.00,0.00,0.00,0.00,0.00,0.00,0.00,0.00,0.00,0.00,0.00,723,3,5,0,0,0,0.00,0.00,0.00,0.00,0.00,0.00,0.00,0.00,0.00,0.00,0.00,0.00,0.00,0.00,0.00,0.00,0.00,0.00,0.00,0.00,0.00,0.00,0.00,0.00,0.00,0.00,0.00,0.00,0.00,0.00,0.00,0.00,0.00,0.00,0.00,0.00,0.00,0.00,0.00,0.00,0.00,0.00,0.00,0.00,0.00,0.00,0.00,0.00,0.00,0.00,0.00,0.00,0.00,0.00,0.00,3,2,1,0,0.00,0.00,0.00,0.00,0.00,0.00,0.00,0.00,0.00,0.00,0.00,0.00,0.00,0.00,0.00,0.00,0.00,0.00,0.00,0.00,0.00,0.00,0.00,0.00,0.00,0.00,0.00,0.00,0.00,0.00,0.00,0.00,0.00,0.00,0.00,0.00,0.00,0.00,0.00,0.00,0.00,0.00,0.00,0.00,0.00,0.00,0.00,0.00,0.00,0.00,0.00,0.00,0.00,0.00,0.00,0.00,0.00,0.00,1995.37
0.00,0.00,0.50,1.99,0.00,0.00,0.50,0.00,0.00,97.01,0.00,55.00,0.00,0.00,0.00,12.00,0.00,0.00,1291.00,0.00,0.00,0.00,0.00,2.00,0.00,2.00,0.00,24.00,673668,1154536,1367052,66.99,47888,554416,3744492,183.49,831528,369864,220,599144,102844,7360,29008,0,0,0,0.00,0,0.00,0,0,0.00,26670,7648,36942,0,0,460,0.00,0.00,0.00,0,0.00,0.00,0.00,0.00,0.00,0.00,2.00,0.00,12.00,6.00,0.00,16.00,0.00,0.00,2566.00,0.00,3732.06,0.00,0.00,0.00,0.00,0.00,0.00,0.00,0.00,1.00,0.00,0.00,0.00,0.00,0.00,0.00,0.00,0.00,0.00,0.00,0.00,0.00,0.00,0.00,0.00,0.00,0.00,0.00,0.00,0.00,0.00,0.00,723,3,5,0,0,0,2565.00,0.00,57.00,0.00,2565.00,57.00,0.00,0.00,0.00,0.00,0.00,0.00,0.00,0.00,0.00,0.00,0.00,0.00,0.00,0.00,0.00,0.00,0.00,0.00,0.00,0.00,0.00,0.00,0.00,0.00,0.00,0.00,0.00,0.00,0.00,0.00,0.00,0.00,0.00,0.00,0.00,0.00,0.00,0.00,57.00,0.00,0.00,0.00,0.00,0.00,0.00,0.00,0.00,0.00,0.00,3,2,1,0,0.00,0.00,0.00,0.00,0.00,0.00,0.00,0.00,0.00,0.00,0.00,0.00,0.00,0.00,0.00,0.00,0.00,0.00,0.00,0.00,0.00,0.00,0.00,0.00,0.00,0.00,0.00,0.00,0.00,0.00,0.00,0.00,0.00,0.00,0.00,0.00,0.00,0.00,0.00,0.00,0.00,0.00,0.00,0.00,0.00,0.00,0.00,0.00,0.00,0.00,0.00,0.00,0.00,2566.00,0.00,0.00,0.00,0.00,1995.37
0.50,0.00,0.00,0.00,0.00,0.00,0.00,0.00,0.00,99.50,0.00,49.00,0.00,0.00,0.00,0.00,0.00,0.00,60.00,0.00,0.00,0.00,0.00,0.00,0.00,0.00,0.00,0.00,673828,1154752,1366892,66.98,47888,554456,3744492,183.49,831536,369912,252,599144,102844,7360,29008,0,0,0,0.00,0,0.00,0,0,0.00,26670,7648,36942,0,0,460,0.00,0.00,0.00,0,0.00,0.00,0.00,0.00,0.00,0.00,0.00,0.00,0.00,0.00,0.00,0.00,0.00,0.00,98.00,0.00,131.42,0.00,0.00,0.00,0.00,0.00,0.00,0.00,0.00,0.00,0.00,0.00,0.00,0.00,0.00,0.00,0.00,0.00,0.00,0.00,0.00,0.00,0.00,0.00,0.00,0.00,0.00,0.00,0.00,0.00,0.00,0.00,723,3,5,0,0,0,90.00,0.00,2.00,0.00,90.00,2.00,0.00,0.00,0.00,0.00,0.00,0.00,0.00,0.00,0.00,0.00,0.00,0.00,0.00,0.00,0.00,0.00,0.00,0.00,0.00,0.00,0.00,0.00,0.00,0.00,0.00,0.00,0.00,0.00,0.00,0.00,0.00,0.00,0.00,0.00,0.00,0.00,0.00,0.00,2.00,0.00,0.00,0.00,0.00,0.00,0.00,0.00,0.00,0.00,0.00,3,2,1,0,0.00,0.00,0.00,0.00,0.00,0.00,0.00,0.00,0.00,0.00,0.00,0.00,0.00,0.00,0.00,0.00,0.00,0.00,0.00,0.00,0.00,0.00,0.00,0.00,0.00,0.00,0.00,0.00,0.00,0.00,0.00,0.00,0.00,0.00,0.00,0.00,0.00,0.00,0.00,0.00,0.00,0.00,0.00,0.00,0.00,0.00,0.00,0.00,0.00,0.00,0.00,0.00,0.00,98.00,0.00,0.00,0.00,0.00,1995.37
0.00,0.00,0.00,0.00,0.00,0.00,0.00,0.00,0.00,100.00,0.00,35.00,0.00,0.00,0.00,0.00,0.00,0.00,4.00,0.00,0.00,0.00,0.00,0.00,0.00,0.00,0.00,0.00,673828,1154752,1366892,66.98,47888,554472,3744492,183.49,831536,369912,268,599144,102844,7360,29008,0,0,0,0.00,0,0.00,0,0,0.00,26670,7648,36942,0,0,460,0.00,0.00,0.00,0,0.00,0.00,0.00,0.00,0.00,0.00,0.00,0.00,0.00,0.00,0.00,0.00,0.00,0.00,8.00,0.00,0.47,0.00,0.00,0.00,0.00,0.00,0.00,0.00,0.00,1.00,0.00,0.00,0.00,0.00,0.00,0.00,0.00,0.00,0.00,0.00,0.00,0.00,0.00,0.00,0.00,0.00,0.00,0.00,0.00,0.00,0.00,0.00,723,3,5,0,0,0,0.00,0.00,0.00,0.00,0.00,0.00,0.00,0.00,0.00,0.00,0.00,0.00,0.00,0.00,0.00,0.00,0.00,0.00,0.00,0.00,0.00,0.00,0.00,0.00,0.00,0.00,0.00,0.00,0.00,0.00,0.00,0.00,0.00,0.00,0.00,0.00,0.00,0.00,0.00,0.00,0.00,0.00,0.00,0.00,0.00,0.00,0.00,0.00,0.00,0.00,0.00,0.00,0.00,0.00,0.00,3,2,1,0,0.00,0.00,0.00,0.00,0.00,0.00,0.00,0.00,0.00,0.00,0.00,0.00,0.00,0.00,0.00,0.00,0.00,0.00,0.00,0.00,0.00,0.00,0.00,0.00,0.00,0.00,0.00,0.00,0.00,0.00,0.00,0.00,0.00,0.00,0.00,0.00,0.00,0.00,0.00,0.00,0.00,0.00,0.00,0.00,0.00,0.00,0.00,0.00,0.00,0.00,0.00,0.00,0.00,8.00,0.00,0.00,0.00,0.00,1995.37
0.50,0.00,0.50,0.00,0.00,0.00,0.00,0.00,0.00,99.00,0.00,59.00,0.00,0.00,0.00,0.00,0.00,0.00,4.00,0.00,0.00,0.00,0.00,0.00,0.00,0.00,0.00,0.00,673704,1154628,1367016,66.99,47888,554488,3744492,183.49,831536,369912,284,599144,102848,7360,29008,0,0,0,0.00,0,0.00,0,0,0.00,26670,7648,36942,0,0,460,0.00,0.00,0.00,0,0.00,0.00,0.00,0.00,0.00,0.00,0.00,0.00,0.00,0.00,0.00,0.00,0.00,0.00,6.00,0.00,0.35,0.00,0.00,0.00,0.00,0.00,0.00,0.00,0.00,0.00,0.00,0.00,0.00,0.00,0.00,0.00,0.00,0.00,0.00,0.00,0.00,0.00,0.00,0.00,0.00,0.00,0.00,0.00,0.00,0.00,0.00,0.00,723,3,5,0,0,0,0.00,0.00,0.00,0.00,0.00,0.00,0.00,0.00,0.00,0.00,0.00,0.00,0.00,0.00,0.00,0.00,0.00,0.00,0.00,0.00,0.00,0.00,0.00,0.00,0.00,0.00,0.00,0.00,0.00,0.00,0.00,0.00,0.00,0.00,0.00,0.00,0.00,0.00,0.00,0.00,0.00,0.00,0.00,0.00,0.00,0.00,0.00,0.00,0.00,0.00,0.00,0.00,0.00,0.00,0.00,3,2,1,0,0.00,0.00,0.00,0.00,0.00,0.00,0.00,0.00,0.00,0.00,0.00,0.00,0.00,0.00,0.00,0.00,0.00,0.00,0.00,0.00,0.00,0.00,0.00,0.00,0.00,0.00,0.00,0.00,0.00,0.00,0.00,0.00,0.00,0.00,0.00,0.00,0.00,0.00,0.00,0.00,0.00,0.00,0.00,0.00,0.00,0.00,0.00,0.00,0.00,0.00,0.00,0.00,0.00,6.00,0.00,0.00,0.00,0.00,1995.37
0.00,0.00,0.00,0.00,0.00,0.00,4.55,0.00,0.00,95.45,0.00,317.00,0.00,0.00,0.00,0.00,4.00,0.00,16914.00,0.00,0.00,0.00,0.00,0.00,0.00,0.00,0.00,0.00,666744,1135520,1373976,67.33,47796,542636,3737992,183.17,852308,357408,24,619360,101300,7376,28952,0,0,0,0.00,0,0.00,0,0,0.00,26567,7680,36953,0,0,461,0.00,0.00,0.00,0,0.00,0.00,0.00,0.00,0.00,0.00,0.00,0.00,0.00,0.00,0.00,0.00,0.00,0.00,33303.00,0.00,48450.66,0.00,0.00,0.00,0.00,0.00,0.00,0.00,0.00,1.00,0.00,0.00,0.00,0.00,0.00,0.00,0.00,0.00,0.00,0.00,0.00,0.00,0.00,0.00,0.00,0.00,0.00,0.00,0.00,0.00,0.00,0.00,723,3,5,0,0,0,33300.00,0.00,740.00,0.00,33300.00,740.00,0.00,0.00,0.00,0.00,0.00,0.00,0.00,0.00,0.00,0.00,0.00,0.00,0.00,0.00,0.00,0.00,0.00,0.00,0.00,0.00,0.00,0.00,0.00,0.00,0.00,0.00,0.00,0.00,0.00,0.00,0.00,0.00,0.00,0.00,0.00,0.00,0.00,0.00,740.00,0.00,0.00,0.00,0.00,0.00,0.00,0.00,0.00,0.00,0.00,3,2,1,0,0.00,0.00,0.00,0.00,0.00,0.00,0.00,0.00,0.00,0.00,0.00,0.00,0.00,0.00,0.00,0.00,0.00,0.00,0.00,0.00,0.00,0.00,0.00,0.00,0.00,0.00,0.00,0.00,0.00,0.00,0.00,0.00,0.00,0.00,0.00,0.00,0.00,0.00,0.00,0.00,0.00,0.00,0.00,0.00,0.00,0.00,0.00,0.00,0.00,0.00,0.00,0.00,0.00,33348.00,0.00,0.00,0.00,0.00,1995.37
0.00,0.00,0.51,0.00,0.00,0.00,4.55,0.00,0.00,94.95,0.00,309.00,0.00,0.00,0.00,0.00,3.00,0.00,16603.00,0.00,0.00,0.00,0.00,0.00,0.00,0.00,0.00,0.00,666712,1135488,1374008,67.33,47796,542652,3737992,183.17,852308,357408,40,619368,101300,7376,28952,0,0,0,0.00,0,0.00,0,0,0.00,26567,7680,36953,0,0,461,0.00,0.00,0.00,0,0.00,0.00,0.00,0.00,0.00,0.00,0.00,0.00,0.00,0.00,0.00,0.00,0.00,0.00,32945.00,0.00,47926.99,0.00,0.00,0.00,0.00,0.00,0.00,0.00,0.00,0.00,0.00,0.00,0.00,0.00,0.00,0.00,0.00,0.00,0.00,0.00,0.00,0.00,0.00,0.00,0.00,0.00,0.00,0.00,0.00,0.00,0.00,0.00,723,3,5,0,0,0,32940.00,0.00,732.00,0.00,32940.00,732.00,0.00,0.00,0.00,0.00,0.00,0.00,0.00,0.00,0.00,0.00,0.00,0.00,0.00,0.00,0.00,0.00,0.00,0.00,0.00,0.00,0.00,0.00,0.00,0.00,0.00,0.00,0.00,0.00,0.00,0.00,0.00,0.00,0.00,0.00,0.00,0.00,0.00,0.00,732.00,0.00,0.00,0.00,0.00,0.00,0.00,0.00,0.00,0.00,0.00,3,2,1,0,0.00,0.00,0.00,0.00,0.00,0.00,0.00,0.00,0.00,0.00,0.00,0.00,0.00,0.00,0.00,0.00,0.00,0.00,0.00,0.00,0.00,0.00,0.00,0.00,0.00,0.00,0.00,0.00,0.00,0.00,0.00,0.00,0.00,0.00,0.00,0.00,0.00,0.00,0.00,0.00,0.00,0.00,0.00,0.00,0.00,0.00,0.00,0.00,0.00,0.00,0.00,0.00,0.00,32945.00,0.00,0.00,0.00,0.00,1995.37
0.00,0.00,0.50,0.00,0.50,0.00,4.98,0.00,0.00,94.03,0.00,315.00,0.00,0.00,0.00,0.00,0.00,0.00,16020.00,0.00,0.00,0.00,0.00,0.00,0.00,0.00,0.00,0.00,666588,1135364,1374132,67.34,47796,542664,3737992,183.17,852308,357408,52,619368,101304,7376,28952,0,0,0,0.00,0,0.00,0,0,0.00,26567,7680,36953,0,0,461,0.00,0.00,0.00,0,0.00,0.00,0.00,0.00,0.00,0.00,0.00,0.00,0.00,0.00,0.00,0.00,0.00,0.00,31822.00,0.00,46290.27,0.00,0.00,0.00,0.00,0.00,0.00,0.00,0.00,1.00,0.00,0.00,0.00,0.00,0.00,0.00,0.00,0.00,0.00,0.00,0.00,0.00,0.00,0.00,0.00,0.00,0.00,0.00,0.00,0.00,0.00,0.00,723,3,5,0,0,0,31815.00,0.00,707.00,0.00,31815.00,707.00,0.00,0.00,0.00,0.00,0.00,0.00,0.00,0.00,0.00,0.00,0.00,0.00,0.00,0.00,0.00,0.00,0.00,0.00,0.00,0.00,0.00,0.00,0.00,0.00,0.00,0.00,0.00,0.00,0.00,0.00,0.00,0.00,0.00,0.00,0.00,0.00,0.00,0.00,707.00,0.00,0.00,0.00,0.00,0.00,0.00,0.00,0.00,0.00,0.00,3,2,1,0,0.00,0.00,0.00,0.00,0.00,0.00,0.00,0.00,0.00,0.00,0.00,0.00,0.00,0.00,0.00,0.00,0.00,0.00,0.00,0.00,0.00,0.00,0.00,0.00,0.00,0.00,0.00,0.00,0.00,0.00,0.00,0.00,0.00,0.00,0.00,0.00,0.00,0.00,0.00,0.00,0.00,0.00,0.00,0.00,0.00,0.00,0.00,0.00,0.00,0.00,0.00,0.00,0.00,31822.00,0.00,0.00,0.00,0.00,1995.37
0.51,0.00,0.00,0.00,0.00,0.00,4.57,0.00,0.00,94.92,0.00,323.00,0.00,0.00,0.00,0.00,0.00,0.00,18404.00,0.00,0.00,0.00,0.00,0.00,0.00,0.00,0.00,0.00,666652,1135428,1374068,67.33,47796,542680,3737992,183.17,852308,357408,68,619368,101304,7376,28952,0,0,0,0.00,0,0.00,0,0,0.00,26567,7680,36953,0,0,461,0.00,0.00,0.00,0,0.00,0.00,0.00,0.00,0.00,0.00,0.00,0.00,0.00,0.00,0.00,0.00,0.00,0.00,36598.00,1.00,53230.83,0.04,0.00,0.00,0.00,0.00,0.00,0.00,0.00,0.00,0.00,0.00,0.00,0.00,0.00,0.00,0.00,0.00,0.00,0.00,0.00,0.00,0.00,0.00,0.00,0.00,0.00,0.00,0.00,0.00,0.00,0.00,723,3,5,0,0,0,36585.00,0.00,813.00,0.00,36585.00,813.00,0.00,0.00,0.00,0.00,0.00,0.00,0.00,0.00,0.00,0.00,0.00,0.00,0.00,0.00,0.00,0.00,0.00,0.00,0.00,0.00,0.00,0.00,0.00,0.00,0.00,0.00,0.00,0.00,0.00,0.00,0.00,0.00,0.00,0.00,0.00,0.00,0.00,0.00,813.00,0.00,0.00,0.00,0.00,0.00,0.00,0.00,0.00,0.00,0.00,3,2,1,0,0.00,0.00,0.00,0.00,0.00,0.00,0.00,0.00,0.00,0.00,0.00,0.00,0.00,0.00,0.00,0.00,0.00,0.00,0.00,0.00,0.00,0.00,0.00,0.00,0.00,0.00,0.00,0.00,0.00,0.00,0.00,0.00,0.00,0.00,0.00,0.00,0.00,0.00,0.00,0.00,0.00,0.00,0.00,0.00,0.00,0.00,0.00,0.00,0.00,0.00,0.00,0.00,0.00,36643.00,0.00,0.00,0.00,0.00,1995.37
0.00,0.00,0.00,0.00,0.00,0.00,5.00,0.00,0.00,95.00,0.00,312.00,0.00,0.00,0.00,0.00,0.00,0.00,15388.00,0.00,0.00,0.00,0.00,0.00,0.00,0.00,0.00,0.00,666588,1135420,1374132,67.34,47796,542696,3737992,183.17,852308,357464,84,619368,101304,7376,28952,0,0,0,0.00,0,0.00,0,0,0.00,26567,7680,36953,0,0,461,0.00,0.00,0.00,0,0.00,0.00,0.00,0.00,0.00,0.00,0.00,0.00,0.00,0.00,0.00,0.00,0.00,0.00,30518.00,0.00,44391.59,0.00,0.00,0.00,0.00,0.00,0.00,0.00,0.00,1.00,0.00,0.00,0.00,0.00,0.00,0.00,0.00,0.00,0.00,0.00,0.00,0.00,0.00,0.00,0.00,0.00,0.00,0.00,0.00,0.00,0.00,0.00,723,3,5,0,0,0,30510.00,0.00,678.00,0.00,30510.00,678.00,0.00,0.00,0.00,0.00,0.00,0.00,0.00,0.00,0.00,0.00,0.00,0.00,0.00,0.00,0.00,0.00,0.00,0.00,0.00,0.00,0.00,0.00,0.00,0.00,0.00,0.00,0.00,0.00,0.00,0.00,0.00,0.00,0.00,0.00,0.00,0.00,0.00,0.00,678.00,0.00,0.00,0.00,0.00,0.00,0.00,0.00,0.00,0.00,0.00,3,2,1,0,0.00,0.00,0.00,0.00,0.00,0.00,0.00,0.00,0.00,0.00,0.00,0.00,0.00,0.00,0.00,0.00,0.00,0.00,0.00,0.00,0.00,0.00,0.00,0.00,0.00,0.00,0.00,0.00,0.00,0.00,0.00,0.00,0.00,0.00,0.00,0.00,0.00,0.00,0.00,0.00,0.00,0.00,0.00,0.00,0.00,0.00,0.00,0.00,0.00,0.00,0.00,0.00,0.00,30428.00,0.00,0.00,0.00,0.00,1995.37
0.00,0.00,0.00,2.51,0.50,0.00,4.02,0.00,0.00,92.96,0.00,322.00,0.00,0.00,0.00,36.00,0.00,0.00,13532.00,0.00,0.00,0.00,0.00,2.00,0.00,2.00,0.00,72.00,666524,1135356,1374196,67.34,47804,542712,3737992,183.17,852308,357464,124,619368,101304,7376,28952,0,0,0,0.00,0,0.00,0,0,0.00,26567,7680,36953,0,0,461,0.00,0.00,0.00,0,0.00,0.00,0.00,0.00,0.00,0.00,2.00,0.00,36.00,18.00,0.00,28.00,0.00,0.00,26960.00,0.00,39219.00,0.00,0.00,0.00,0.00,0.00,0.00,0.00,0.00,0.00,0.00,0.00,0.00,0.00,0.00,0.00,0.00,0.00,0.00,0.00,0.00,0.00,0.00,0.00,0.00,0.00,0.00,0.00,0.00,0.00,0.00,0.00,723,3,5,0,0,0,26955.00,0.00,599.00,0.00,26955.00,599.00,0.00,0.00,0.00,0.00,0.00,0.00,0.00,0.00,0.00,0.00,0.00,0.00,0.00,0.00,0.00,0.00,0.00,0.00,0.00,0.00,0.00,0.00,0.00,0.00,0.00,0.00,0.00,0.00,0.00,0.00,0.00,0.00,0.00,0.00,0.00,0.00,0.00,0.00,599.00,0.00,0.00,0.00,0.00,0.00,0.00,0.00,0.00,0.00,0.00,3,2,1,0,0.00,0.00,0.00,0.00,0.00,0.00,0.00,0.00,0.00,0.00,0.00,0.00,0.00,0.00,0.00,0.00,0.00,0.00,0.00,0.00,0.00,0.00,0.00,0.00,0.00,0.00,0.00,0.00,0.00,0.00,0.00,0.00,0.00,0.00,0.00,0.00,0.00,0.00,0.00,0.00,0.00,0.00,0.00,0.00,0.00,0.00,0.00,0.00,0.00,0.00,0.00,0.00,0.00,26960.00,0.00,0.00,0.00,0.00,1995.37
0.50,0.00,0.00,0.00,0.00,0.00,4.52,0.00,0.00,94.97,0.00,326.00,0.00,0.00,0.00,0.00,0.00,0.00,15725.00,0.00,0.00,0.00,0.00,0.00,0.00,0.00,0.00,0.00,666524,1135356,1374196,67.34,47804,542728,3737992,183.17,852308,357464,140,619368,101304,7376,28952,0,0,0,0.00,0,0.00,0,0,0.00,26567,7680,36953,0,0,461,0.00,0.00,0.00,0,0.00,0.00,0.00,0.00,0.00,0.00,0.00,0.00,0.00,0.00,0.00,0.00,0.00,0.00,31189.00,0.00,45373.46,0.00,0.00,0.00,0.00,0.00,0.00,0.00,0.00,1.00,0.00,0.00,0.00,0.00,0.00,0.00,0.00,0.00,0.00,0.00,0.00,0.00,0.00,0.00,0.00,0.00,0.00,0.00,0.00,0.00,0.00,0.00,723,3,5,0,0,0,31230.00,0.00,694.00,0.00,31230.00,694.00,0.00,0.00,0.00,0.00,0.00,0.00,0.00,0.00,0.00,0.00,0.00,0.00,0.00,0.00,0.00,0.00,0.00,0.00,0.00,0.00,0.00,0.00,0.00,0.00,0.00,0.00,0.00,0.00,0.00,0.00,0.00,0.00,0.00,0.00,0.00,0.00,0.00,0.00,694.00,0.00,0.00,0.00,0.00,0.00,0.00,0.00,0.00,0.00,0.00,3,2,1,0,0.00,0.00,0.00,0.00,0.00,0.00,0.00,0.00,0.00,0.00,0.00,0.00,0.00,0.00,0.00,0.00,0.00,0.00,0.00,0.00,0.00,0.00,0.00,0.00,0.00,0.00,0.00,0.00,0.00,0.00,0.00,0.00,0.00,0.00,0.00,0.00,0.00,0.00,0.00,0.00,0.00,0.00,0.00,0.00,0.00,0.00,0.00,0.00,0.00,0.00,0.00,0.00,0.00,31234.00,0.00,0.00,0.00,0.00,1995.37
0.49,0.00,0.49,0.00,0.49,0.00,4.93,0.00,0.00,93.60,0.00,326.00,0.00,0.00,0.00,0.00,0.00,0.00,13836.00,0.00,0.00,0.00,0.00,0.00,0.00,0.00,0.00,0.00,666620,1135508,1374100,67.33,47804,542744,3737992,183.17,852316,357512,156,619368,101304,7376,28952,0,0,0,0.00,0,0.00,0,0,0.00,26567,7680,36953,0,0,461,0.00,0.00,0.00,0,0.00,0.00,0.00,0.00,0.00,0.00,0.00,0.00,0.00,0.00,0.00,0.00,0.00,0.00,27500.00,0.00,40004.68,0.00,0.00,0.00,0.00,0.00,0.00,0.00,0.00,0.00,0.00,0.00,0.00,0.00,0.00,0.00,0.00,0.00,0.00,0.00,0.00,0.00,0.00,0.00,0.00,0.00,0.00,0.00,0.00,0.00,0.00,0.00,723,3,5,0,0,0,27450.00,0.00,610.00,0.00,27450.00,610.00,0.00,0.00,0.00,0.00,0.00,0.00,0.00,0.00,0.00,0.00,0.00,0.00,0.00,0.00,0.00,0.00,0.00,0.00,0.00,0.00,0.00,0.00,0.00,0.00,0.00,0.00,0.00,0.00,0.00,0.00,0.00,0.00,0.00,0.00,0.00,0.00,0.00,0.00,610.00,0.00,0.00,0.00,0.00,0.00,0.00,0.00,0.00,0.00,0.00,3,2,1,0,0.00,0.00,0.00,0.00,0.00,0.00,0.00,0.00,0.00,0.00,0.00,0.00,0.00,0.00,0.00,0.00,0.00,0.00,0.00,0.00,0.00,0.00,0.00,0.00,0.00,0.00,0.00,0.00,0.00,0.00,0.00,0.00,0.00,0.00,0.00,0.00,0.00,0.00,0.00,0.00,0.00,0.00,0.00,0.00,0.00,0.00,0.00,0.00,0.00,0.00,0.00,0.00,0.00,27500.00,0.00,0.00,0.00,0.00,1995.37
0.00,0.00,0.50,0.00,0.00,0.00,4.95,0.00,0.00,94.55,0.00,330.00,0.00,0.00,0.00,0.00,0.00,0.00,12420.00,0.00,0.00,0.00,0.00,0.00,0.00,0.00,0.00,0.00,666556,1135444,1374164,67.34,47804,542760,3737992,183.17,852316,357512,172,619368,101304,7376,28952,0,0,0,0.00,0,0.00,0,0,0.00,26567,7680,36953,0,0,461,0.00,0.00,0.00,0,0.00,0.00,0.00,0.00,0.00,0.00,0.00,0.00,0.00,0.00,0.00,0.00,0.00,0.00,24617.00,0.00,35814.19,0.00,0.00,0.00,0.00,0.00,0.00,0.00,0.00,1.00,0.00,0.00,0.00,0.00,0.00,0.00,0.00,0.00,0.00,0.00,0.00,0.00,0.00,0.00,0.00,0.00,0.00,0.00,0.00,0.00,0.00,0.00,723,3,5,0,0,0,24660.00,0.00,548.00,0.00,24660.00,548.00,0.00,0.00,0.00,0.00,0.00,0.00,0.00,0.00,0.00,0.00,0.00,0.00,0.00,0.00,0.00,0.00,0.00,0.00,0.00,0.00,0.00,0.00,0.00,0.00,0.00,0.00,0.00,0.00,0.00,0.00,0.00,0.00,0.00,0.00,0.00,0.00,0.00,0.00,548.00,0.00,0.00,0.00,0.00,0.00,0.00,0.00,0.00,0.00,0.00,3,2,1,0,0.00,0.00,0.00,0.00,0.00,0.00,0.00,0.00,0.00,0.00,0.00,0.00,0.00,0.00,0.00,0.00,0.00,0.00,0.00,0.00,0.00,0.00,0.00,0.00,0.00,0.00,0.00,0.00,0.00,0.00,0.00,0.00,0.00,0.00,0.00,0.00,0.00,0.00,0.00,0.00,0.00,0.00,0.00,0.00,0.00,0.00,0.00,0.00,0.00,0.00,0.00,0.00,0.00,24617.00,0.00,0.00,0.00,0.00,1995.37
0.00,0.00,0.00,0.00,0.00,0.00,4.52,0.00,0.00,95.48,0.00,316.00,0.00,0.00,0.00,0.00,0.00,0.00,13364.00,0.00,0.00,0.00,0.00,0.00,0.00,0.00,0.00,0.00,666588,1135476,1374132,67.34,47804,542776,3737992,183.17,852316,357512,188,619368,101304,7376,28952,0,0,0,0.00,0,0.00,0,0,0.00,26567,7680,36953,0,0,461,0.00,0.00,0.00,0,0.00,0.00,0.00,0.00,0.00,0.00,0.00,0.00,0.00,0.00,0.00,0.00,0.00,0.00,26552.00,0.00,38629.56,0.00,0.00,0.00,0.00,0.00,0.00,0.00,0.00,0.00,0.00,0.00,0.00,0.00,0.00,0.00,0.00,0.00,0.00,0.00,0.00,0.00,0.00,0.00,0.00,0.00,0.00,0.00,0.00,0.00,0.00,0.00,723,3,5,0,0,0,26505.00,0.00,589.00,0.00,26505.00,589.00,0.00,0.00,0.00,0.00,0.00,0.00,0.00,0.00,0.00,0.00,0.00,0.00,0.00,0.00,0.00,0.00,0.00,0.00,0.00,0.00,0.00,0.00,0.00,0.00,0.00,0.00,0.00,0.00,0.00,0.00,0.00,0.00,0.00,0.00,0.00,0.00,0.00,0.00,589.00,0.00,0.00,0.00,0.00,0.00,0.00,0.00,0.00,0.00,0.00,3,2,1,0,0.00,0.00,0.00,0.00,0.00,0.00,0.00,0.00,0.00,0.00,0.00,0.00,0.00,0.00,0.00,0.00,0.00,0.00,0.00,0.00,0.00,0.00,0.00,0.00,0.00,0.00,0.00,0.00,0.00,0.00,0.00,0.00,0.00,0.00,0.00,0.00,0.00,0.00,0.00,0.00,0.00,0.00,0.00,0.00,0.00,0.00,0.00,0.00,0.00,0.00,0.00,0.00,0.00,26507.00,0.00,0.00,0.00,0.00,1995.37
0.50,0.00,0.00,4.46,0.50,0.00,5.45,0.00,0.00,89.11,0.00,328.00,0.00,0.00,0.00,12.00,0.00,0.00,15012.00,0.00,0.00,0.00,0.00,2.00,0.00,2.00,0.00,24.00,666588,1135532,1374132,67.34,47812,542788,3737992,183.17,852324,357560,200,619368,101304,7376,28952,0,0,0,0.00,0,0.00,0,0,0.00,26567,7680,36953,0,0,461,0.00,0.00,0.00,0,0.00,0.00,0.00,0.00,0.00,0.00,2.00,0.00,12.00,6.00,0.00,50.00,0.00,0.00,29838.00,0.00,43409.19,0.00,0.00,0.00,0.00,0.00,0.00,0.00,0.00,1.00,0.00,0.00,0.00,0.00,0.00,0.00,0.00,0.00,0.00,0.00,0.00,0.00,0.00,0.00,0.00,0.00,0.00,0.00,0.00,0.00,0.00,0.00,723,3,5,0,0,0,29835.00,0.00,663.00,0.00,29835.00,663.00,0.00,0.00,0.00,0.00,0.00,0.00,0.00,0.00,0.00,0.00,0.00,0.00,0.00,0.00,0.00,0.00,0.00,0.00,0.00,0.00,0.00,0.00,0.00,0.00,0.00,0.00,0.00,0.00,0.00,0.00,0.00,0.00,0.00,0.00,0.00,0.00,0.00,0.00,663.00,0.00,0.00,0.00,0.00,0.00,0.00,0.00,0.00,0.00,0.00,3,2,1,0,0.00,0.00,0.00,0.00,0.00,0.00,0.00,0.00,0.00,0.00,0.00,0.00,0.00,0.00,0.00,0.00,0.00,0.00,0.00,0.00,0.00,0.00,0.00,0.00,0.00,0.00,0.00,0.00,0.00,0.00,0.00,0.00,0.00,0.00,0.00,0.00,0.00,0.00,0.00,0.00,0.00,0.00,0.00,0.00,0.00,0.00,0.00,0.00,0.00,0.00,0.00,0.00,0.00,29838.00,0.00,0.00,0.00,0.00,1995.37
0.00,0.00,0.50,0.00,0.00,0.00,3.98,0.00,0.00,95.52,0.00,311.00,0.00,0.00,0.00,0.00,0.00,0.00,10604.00,0.00,0.00,0.00,0.00,0.00,0.00,0.00,0.00,0.00,666400,1135348,1374320,67.34,47812,542804,3737992,183.17,852324,357560,216,619368,101308,7376,28952,0,0,0,0.00,0,0.00,0,0,0.00,26567,7680,36953,0,0,461,0.00,0.00,0.00,0,0.00,0.00,0.00,0.00,0.00,0.00,0.00,0.00,0.00,0.00,0.00,0.00,0.00,0.00,21068.00,0.00,30642.13,0.00,0.00,0.00,0.00,0.00,0.00,0.00,0.00,0.00,0.00,0.00,0.00,0.00,0.00,0.00,0.00,0.00,0.00,0.00,0.00,0.00,0.00,0.00,0.00,0.00,0.00,0.00,0.00,0.00,0.00,0.00,723,3,5,0,0,0,21060.00,0.00,468.00,0.00,21060.00,468.00,0.00,0.00,0.00,0.00,0.00,0.00,0.00,0.00,0.00,0.00,0.00,0.00,0.00,0.00,0.00,0.00,0.00,0.00,0.00,0.00,0.00,0.00,0.00,0.00,0.00,0.00,0.00,0.00,0.00,0.00,0.00,0.00,0.00,0.00,0.00,0.00,0.00,0.00,468.00,0.00,0.00,0.00,0.00,0.00,0.00,0.00,0.00,0.00,0.00,3,2,1,0,0.00,0.00,0.00,0.00,0.00,0.00,0.00,0.00,0.00,0.00,0.00,0.00,0.00,0.00,0.00,0.00,0.00,0.00,0.00,0.00,0.00,0.00,0.00,0.00,0.00,0.00,0.00,0.00,0.00,0.00,0.00,0.00,0.00,0.00,0.00,0.00,0.00,0.00,0.00,0.00,0.00,0.00,0.00,0.00,0.00,0.00,0.00,0.00,0.00,0.00,0.00,0.00,0.00,21158.00,0.00,0.00,0.00,0.00,1995.37
0.00,0.00,0.50,0.00,0.00,0.00,4.48,0.00,0.00,95.02,0.00,301.00,0.00,0.00,0.00,0.00,0.00,0.00,11004.00,0.00,0.00,0.00,0.00,0.00,0.00,0.00,0.00,0.00,666496,1135444,1374224,67.34,47812,542820,3737992,183.17,852324,357560,232,619368,101308,7376,28952,0,0,0,0.00,0,0.00,0,0,0.00,26567,7680,36953,0,0,461,0.00,0.00,0.00,0,0.00,0.00,0.00,0.00,0.00,0.00,0.00,0.00,0.00,0.00,0.00,0.00,0.00,0.00,21876.00,0.00,31820.54,0.00,0.00,0.00,0.00,0.00,0.00,0.00,0.00,1.00,0.00,0.00,0.00,0.00,0.00,0.00,0.00,0.00,0.00,0.00,0.00,0.00,0.00,0.00,0.00,0.00,0.00,0.00,0.00,0.00,0.00,0.00,723,3,5,0,0,0,21870.00,0.00,486.00,0.00,21870.00,486.00,0.00,0.00,0.00,0.00,0.00,0.00,0.00,0.00,0.00,0.00,0.00,0.00,0.00,0.00,0.00,0.00,0.00,0.00,0.00,0.00,0.00,0.00,0.00,0.00,0.00,0.00,0.00,0.00,0.00,0.00,0.00,0.00,0.00,0.00,0.00,0.00,0.00,0.00,487.00,0.00,0.00,0.00,0.00,0.00,0.00,0.00,0.00,0.00,0.00,3,2,1,0,0.00,0.00,0.00,0.00,0.00,0.00,0.00,0.00,0.00,0.00,0.00,0.00,0.00,0.00,0.00,0.00,0.00,0.00,0.00,0.00,0.00,0.00,0.00,0.00,0.00,0.00,0.00,0.00,0.00,0.00,0.00,0.00,0.00,0.00,0.00,0.00,0.00,0.00,0.00,0.00,0.00,0.00,0.00,0.00,0.00,0.00,0.00,0.00,0.00,0.00,0.00,0.00,0.00,21876.00,0.00,0.00,0.00,0.00,1995.37
0.50,0.00,0.00,0.00,0.50,0.00,2.51,0.00,0.00,96.48,0.00,290.00,0.00,0.00,0.00,0.00,0.00,0.00,10820.00,0.00,0.00,0.00,0.00,0.00,0.00,0.00,0.00,0.00,666432,1135380,1374288,67.34,47812,542836,3737992,183.17,852324,357560,248,619368,101308,7376,28952,0,0,0,0.00,0,0.00,0,0,0.00,26567,7680,36953,0,0,461,0.00,0.00,0.00,0,0.00,0.00,0.00,0.00,0.00,0.00,0.00,0.00,0.00,0.00,0.00,0.00,0.00,0.00,21469.00,0.00,31231.16,0.00,0.00,0.00,0.00,0.00,0.00,0.00,0.00,0.00,0.00,0.00,0.00,0.00,0.00,0.00,0.00,0.00,0.00,0.00,0.00,0.00,0.00,0.00,0.00,0.00,0.00,0.00,0.00,0.00,0.00,0.00,723,3,5,0,0,0,21465.00,0.00,477.00,0.00,21465.00,477.00,0.00,0.00,0.00,0.00,0.00,0.00,0.00,0.00,0.00,0.00,0.00,0.00,0.00,0.00,0.00,0.00,0.00,0.00,0.00,0.00,0.00,0.00,0.00,0.00,0.00,0.00,0.00,0.00,0.00,0.00,0.00,0.00,0.00,0.00,0.00,0.00,0.00,0.00,476.00,0.00,0.00,0.00,0.00,0.00,0.00,0.00,0.00,0.00,0.00,3,2,1,0,0.00,0.00,0.00,0.00,0.00,0.00,0.00,0.00,0.00,0.00,0.00,0.00,0.00,0.00,0.00,0.00,0.00,0.00,0.00,0.00,0.00,0.00,0.00,0.00,0.00,0.00,0.00,0.00,0.00,0.00,0.00,0.00,0.00,0.00,0.00,0.00,0.00,0.00,0.00,0.00,0.00,0.00,0.00,0.00,0.00,0.00,0.00,0.00,0.00,0.00,0.00,0.00,0.00,21379.00,0.00,0.00,0.00,0.00,1995.37
0.00,0.00,0.50,0.00,0.00,0.00,2.01,0.00,0.00,97.49,0.00,286.00,0.00,0.00,0.00,0.00,0.00,0.00,7332.00,0.00,0.00,0.00,0.00,0.00,0.00,0.00,0.00,0.00,666496,1135500,1374224,67.34,47812,542852,3737992,183.17,852324,357616,264,619368,101308,7376,28952,0,0,0,0.00,0,0.00,0,0,0.00,26567,7680,36953,0,0,461,0.00,0.00,0.00,0,0.00,0.00,0.00,0.00,0.00,0.00,0.00,0.00,0.00,0.00,0.00,0.00,0.00,0.00,14545.00,0.00,21148.57,0.00,0.00,0.00,0.00,0.00,0.00,0.00,0.00,1.00,0.00,0.00,0.00,0.00,0.00,0.00,0.00,0.00,0.00,0.00,0.00,0.00,0.00,0.00,0.00,0.00,0.00,0.00,0.00,0.00,0.00,0.00,723,3,5,0,0,0,14535.00,0.00,323.00,0.00,14535.00,323.00,0.00,0.00,0.00,0.00,0.00,0.00,0.00,0.00,0.00,0.00,0.00,0.00,0.00,0.00,0.00,0.00,0.00,0.00,0.00,0.00,0.00,0.00,0.00,0.00,0.00,0.00,0.00,0.00,0.00,0.00,0.00,0.00,0.00,0.00,0.00,0.00,0.00,0.00,323.00,0.00,0.00,0.00,0.00,0.00,0.00,0.00,0.00,0.00,0.00,3,2,1,0,0.00,0.00,0.00,0.00,0.00,0.00,0.00,0.00,0.00,0.00,0.00,0.00,0.00,0.00,0.00,0.00,0.00,0.00,0.00,0.00,0.00,0.00,0.00,0.00,0.00,0.00,0.00,0.00,0.00,0.00,0.00,0.00,0.00,0.00,0.00,0.00,0.00,0.00,0.00,0.00,0.00,0.00,0.00,0.00,0.00,0.00,0.00,0.00,0.00,0.00,0.00,0.00,0.00,14545.00,0.00,0.00,0.00,0.00,1995.37
0.00,0.00,0.50,4.95,0.00,0.00,2.97,0.00,0.00,91.58,0.00,315.00,0.00,0.00,0.00,12.00,0.00,0.00,6924.00,0.00,0.00,0.00,0.00,2.00,0.00,2.00,0.00,24.00,666400,1135404,1374320,67.34,47820,542868,3737992,183.17,852324,357616,280,619368,101308,7376,28952,0,0,0,0.00,0,0.00,0,0,0.00,26567,7680,36953,0,0,461,0.00,0.00,0.00,0,0.00,0.00,0.00,0.00,0.00,0.00,2.00,0.00,12.00,6.00,0.00,50.00,0.00,0.00,13734.00,0.00,19970.02,0.00,0.00,0.00,0.00,0.00,0.00,0.00,0.00,0.00,0.00,0.00,0.00,0.00,0.00,0.00,0.00,0.00,0.00,0.00,0.00,0.00,0.00,0.00,0.00,0.00,0.00,0.00,0.00,0.00,0.00,0.00,723,3,5,0,0,0,13726.00,0.00,306.00,0.00,13725.00,305.00,0.00,0.00,0.00,0.00,0.00,0.00,0.00,0.00,0.00,0.00,0.00,0.00,0.00,0.00,0.00,0.00,0.00,0.00,0.00,0.00,0.00,0.00,0.00,0.00,0.00,0.00,0.00,0.00,0.00,0.00,0.00,0.00,0.00,0.00,0.00,0.00,0.00,0.00,305.00,0.00,0.00,0.00,0.00,0.00,0.00,0.00,0.00,0.00,0.00,3,2,1,0,0.00,0.00,0.00,0.00,0.00,0.00,0.00,0.00,0.00,0.00,0.00,0.00,0.00,0.00,0.00,0.00,0.00,0.00,0.00,0.00,0.00,0.00,0.00,0.00,0.00,0.00,0.00,0.00,0.00,0.00,0.00,0.00,0.00,0.00,0.00,0.00,0.00,0.00,0.00,0.00,0.00,0.00,0.00,0.00,0.00,0.00,0.00,0.00,0.00,0.00,0.00,0.00,0.00,13734.00,0.00,0.00,0.00,0.00,1995.37
0.00,0.00,0.00,0.00,0.50,0.00,2.50,0.00,0.00,97.00,0.00,289.00,0.00,0.00,0.00,0.00,0.00,0.00,6926.00,0.00,0.00,0.00,0.00,0.00,0.00,0.00,0.00,0.00,666400,1135404,1374320,67.34,47820,542884,3737992,183.17,852324,357616,296,619368,101308,7376,28952,0,0,0,0.00,0,0.00,0,0,0.00,26567,7680,36953,0,0,461,0.00,0.00,0.00,0,0.00,0.00,0.00,0.00,0.00,0.00,0.00,0.00,0.00,0.00,0.00,0.00,0.00,0.00,13730.00,0.00,19969.78,0.00,0.00,0.00,0.00,0.00,0.00,0.00,0.00,1.00,0.00,0.00,0.00,0.00,0.00,0.00,0.00,0.00,0.00,0.00,0.00,0.00,0.00,0.00,0.00,0.00,0.00,0.00,0.00,0.00,0.00,0.00,723,3,5,0,0,0,13726.00,0.00,306.00,0.00,13725.00,305.00,0.00,0.00,0.00,0.00,0.00,0.00,0.00,0.00,0.00,0.00,0.00,0.00,0.00,0.00,0.00,0.00,0.00,0.00,0.00,0.00,0.00,0.00,0.00,0.00,0.00,0.00,0.00,0.00,0.00,0.00,0.00,0.00,0.00,0.00,0.00,0.00,0.00,0.00,305.00,0.00,0.00,0.00,0.00,0.00,0.00,0.00,0.00,0.00,0.00,3,2,1,0,0.00,0.00,0.00,0.00,0.00,0.00,0.00,0.00,0.00,0.00,0.00,0.00,0.00,0.00,0.00,0.00,0.00,0.00,0.00,0.00,0.00,0.00,0.00,0.00,0.00,0.00,0.00,0.00,0.00,0.00,0.00,0.00,0.00,0.00,0.00,0.00,0.00,0.00,0.00,0.00,0.00,0.00,0.00,0.00,0.00,0.00,0.00,0.00,0.00,0.00,0.00,0.00,0.00,13775.00,0.00,0.00,0.00,0.00,1995.37
0.50,0.00,0.00,0.00,0.00,0.00,3.02,0.00,0.00,96.48,0.00,295.00,0.00,0.00,0.00,0.00,0.00,0.00,9564.00,0.00,0.00,0.00,0.00,0.00,0.00,0.00,0.00,0.00,666400,1135460,1374320,67.34,47820,542900,3737992,183.17,852332,357664,312,619368,101308,7376,28952,0,0,0,0.00,0,0.00,0,0,0.00,26567,7680,36953,0,0,461,0.00,0.00,0.00,0,0.00,0.00,0.00,0.00,0.00,0.00,0.00,0.00,0.00,0.00,0.00,0.00,0.00,0.00,19039.00,0.00,27695.61,0.00,0.00,0.00,0.00,0.00,0.00,0.00,0.00,0.00,0.00,0.00,0.00,0.00,0.00,0.00,0.00,0.00,0.00,0.00,0.00,0.00,0.00,0.00,0.00,0.00,0.00,0.00,0.00,0.00,0.00,0.00,723,3,5,0,0,0,19036.00,0.00,424.00,0.00,19035.00,423.00,0.00,0.00,0.00,0.00,0.00,0.00,0.00,0.00,0.00,0.00,0.00,0.00,0.00,0.00,0.00,0.00,0.00,0.00,0.00,0.00,0.00,0.00,0.00,0.00,0.00,0.00,0.00,0.00,0.00,0.00,0.00,0.00,0.00,0.00,0.00,0.00,0.00,0.00,424.00,0.00,0.00,0.00,0.00,0.00,0.00,0.00,0.00,0.00,0.00,3,2,1,0,0.00,0.00,0.00,0.00,0.00,0.00,0.00,0.00,0.00,0.00,0.00,0.00,0.00,0.00,0.00,0.00,0.00,0.00,0.00,0.00,0.00,0.00,0.00,0.00,0.00,0.00,0.00,0.00,0.00,0.00,0.00,0.00,0.00,0.00,0.00,0.00,0.00,0.00,0.00,0.00,0.00,0.00,0.00,0.00,0.00,0.00,0.00,0.00,0.00,0.00,0.00,0.00,0.00,19039.00,0.00,0.00,0.00,0.00,1995.37
0.50,0.00,0.00,0.00,0.00,0.00,2.01,0.00,0.00,97.49,0.00,285.00,0.00,0.00,0.00,0.00,0.00,0.00,7972.00,0.00,0.00,0.00,0.00,0.00,0.00,0.00,0.00,0.00,666276,1135336,1374444,67.35,47820,542916,3737992,183.17,852332,357664,328,619368,101308,7376,28952,0,0,0,0.00,0,0.00,0,0,0.00,26567,7680,36953,0,0,461,0.00,0.00,0.00,0,0.00,0.00,0.00,0.00,0.00,0.00,0.00,0.00,0.00,0.00,0.00,0.00,0.00,0.00,15803.00,0.00,22981.74,0.00,0.00,0.00,0.00,0.00,0.00,0.00,0.00,3.00,0.00,0.00,0.00,0.00,0.00,0.00,0.00,0.00,0.00,0.00,0.00,0.00,0.00,0.00,0.00,0.00,0.00,0.00,0.00,0.00,0.00,0.00,723,3,5,0,0,0,15795.00,0.00,351.00,0.00,15795.00,351.00,0.00,0.00,0.00,0.00,0.00,0.00,0.00,0.00,0.00,0.00,0.00,0.00,0.00,0.00,0.00,0.00,0.00,0.00,0.00,0.00,0.00,0.00,0.00,0.00,0.00,0.00,0.00,0.00,0.00,0.00,0.00,0.00,0.00,0.00,0.00,0.00,0.00,0.00,350.00,0.00,0.00,0.00,0.00,0.00,0.00,0.00,0.00,0.00,0.00,3,2,1,0,0.00,0.00,0.00,0.00,0.00,0.00,0.00,0.00,0.00,0.00,0.00,0.00,0.00,0.00,0.00,0.00,0.00,0.00,0.00,0.00,0.00,0.00,0.00,0.00,0.00,0.00,0.00,0.00,0.00,0.00,0.00,0.00,0.00,0.00,0.00,0.00,0.00,0.00,0.00,0.00,0.00,0.00,0.00,0.00,0.00,0.00,0.00,0.00,0.00,0.00,0.00,0.00,0.00,15803.00,0.00,0.00,0.00,0.00,1995.37
0.00,0.00,0.50,0.00,0.00,0.00,3.00,0.00,0.00,96.50,0.00,298.00,0.00,0.00,0.00,0.00,0.00,0.00,7116.00,0.00,0.00,0.00,0.00,0.00,0.00,0.00,0.00,0.00,666372,1135432,1374348,67.35,47820,542928,3737992,183.17,852332,357664,340,619368,101308,7376,28952,0,0,0,0.00,0,0.00,0,0,0.00,26567,7680,36953,0,0,461,0.00,0.00,0.00,0,0.00,0.00,0.00,0.00,0.00,0.00,0.00,0.00,0.00,0.00,0.00,0.00,0.00,0.00,14136.00,0.00,20559.07,0.00,0.00,0.00,0.00,0.00,0.00,0.00,0.00,0.00,0.00,0.00,0.00,0.00,0.00,0.00,0.00,0.00,0.00,0.00,0.00,0.00,0.00,0.00,0.00,0.00,0.00,0.00,0.00,0.00,0.00,0.00,723,3,5,0,0,0,14175.00,0.00,315.00,0.00,14175.00,315.00,0.00,0.00,0.00,0.00,0.00,0.00,0.00,0.00,0.00,0.00,0.00,0.00,0.00,0.00,0.00,0.00,0.00,0.00,0.00,0.00,0.00,0.00,0.00,0.00,0.00,0.00,0.00,0.00,0.00,0.00,0.00,0.00,0.00,0.00,0.00,0.00,0.00,0.00,315.00,0.00,0.00,0.00,0.00,0.00,0.00,0.00,0.00,0.00,0.00,3,2,1,0,0.00,0.00,0.00,0.00,0.00,0.00,0.00,0.00,0.00,0.00,0.00,0.00,0.00,0.00,0.00,0.00,0.00,0.00,0.00,0.00,0.00,0.00,0.00,0.00,0.00,0.00,0.00,0.00,0.00,0.00,0.00,0.00,0.00,0.00,0.00,0.00,0.00,0.00,0.00,0.00,0.00,0.00,0.00,0.00,0.00,0.00,0.00,0.00,0.00,0.00,0.00,0.00,0.00,14136.00,0.00,0.00,0.00,0.00,1995.37
0.00,0.00,0.50,0.50,0.50,0.00,1.99,0.00,0.00,96.52,0.00,297.03,0.00,0.00,0.00,11.88,0.00,0.00,5350.50,0.00,0.00,0.00,0.00,1.98,0.00,1.98,0.00,23.76,666340,1135456,1374380,67.35,47828,542944,3737992,183.17,852340,357712,356,619368,101312,7376,28952,0,0,0,0.00,0,0.00,0,0,0.00,26567,7680,36953,0,0,461,0.00,0.00,0.00,0,0.00,0.00,0.00,0.00,0.00,0.00,1.98,0.00,11.88,6.00,0.00,8.00,0.00,0.00,10652.48,0.00,15493.50,0.00,0.00,0.00,0.00,0.00,0.00,0.00,0.00,0.99,0.00,0.00,0.00,0.00,0.00,0.00,0.00,0.00,0.00,0.00,0.00,0.00,0.00,0.00,0.00,0.00,0.00,0.00,0.00,0.00,0.00,0.00,723,3,5,0,0,0,10603.96,0.00,235.64,0.00,10603.96,235.64,0.00,0.00,0.00,0.00,0.00,0.00,0.00,0.00,0.00,0.00,0.00,0.00,0.00,0.00,0.00,0.00,0.00,0.00,0.00,0.00,0.00,0.00,0.00,0.00,0.00,0.00,0.00,0.00,0.00,0.00,0.00,0.00,0.00,0.00,0.00,0.00,0.00,0.00,235.64,0.00,0.00,0.00,0.00,0.00,0.00,0.00,0.00,0.00,0.00,3,2,1,0,0.00,0.00,0.00,0.00,0.00,0.00,0.00,0.00,0.00,0.00,0.00,0.00,0.00,0.00,0.00,0.00,0.00,0.00,0.00,0.00,0.00,0.00,0.00,0.00,0.00,0.00,0.00,0.00,0.00,0.00,0.00,0.00,0.00,0.00,0.00,0.00,0.00,0.00,0.00,0.00,0.00,0.00,0.00,0.00,0.00,0.00,0.00,0.00,0.00,0.00,0.00,0.00,0.00,10607.92,0.00,0.00,0.00,0.00,1995.37
0.50,0.00,0.00,0.00,0.00,0.00,2.00,0.00,0.00,97.50,0.00,289.00,0.00,0.00,0.00,0.00,2.00,0.00,5996.00,0.00,0.00,0.00,0.00,0.00,0.00,0.00,0.00,0.00,666340,1135456,1374380,67.35,47828,542960,3737992,183.17,852392,357712,372,619368,101312,7376,28952,0,0,0,0.00,0,0.00,0,0,0.00,26567,7680,36953,0,0,461,0.00,0.00,0.00,0,0.00,0.00,0.00,0.00,0.00,0.00,0.00,0.00,0.00,0.00,0.00,0.00,0.00,0.00,11882.00,0.00,17285.16,0.00,0.00,0.00,0.00,0.00,0.00,0.00,0.00,0.00,0.00,0.00,0.00,0.00,0.00,0.00,0.00,0.00,0.00,0.00,0.00,0.00,0.00,0.00,0.00,0.00,0.00,0.00,0.00,0.00,0.00,0.00,723,3,5,0,0,0,11880.00,0.00,264.00,0.00,11880.00,264.00,0.00,0.00,0.00,0.00,0.00,0.00,0.00,0.00,0.00,0.00,0.00,0.00,0.00,0.00,0.00,0.00,0.00,0.00,0.00,0.00,0.00,0.00,0.00,0.00,0.00,0.00,0.00,0.00,0.00,0.00,0.00,0.00,0.00,0.00,0.00,0.00,0.00,0.00,264.00,0.00,0.00,0.00,0.00,0.00,0.00,0.00,0.00,0.00,0.00,3,2,1,0,0.00,0.00,0.00,0.00,0.00,0.00,0.00,0.00,0.00,0.00,0.00,0.00,0.00,0.00,0.00,0.00,0.00,0.00,0.00,0.00,0.00,0.00,0.00,0.00,0.00,0.00,0.00,0.00,0.00,0.00,0.00,0.00,0.00,0.00,0.00,0.00,0.00,0.00,0.00,0.00,0.00,0.00,0.00,0.00,0.00,0.00,0.00,0.00,0.00,0.00,0.00,0.00,0.00,11882.00,0.00,0.00,0.00,0.00,1995.37
0.50,0.00,0.00,0.00,0.00,0.00,2.49,0.00,0.00,97.01,0.00,282.00,0.00,0.00,0.00,0.00,0.00,0.00,5348.00,0.00,0.00,0.00,0.00,0.00,0.00,0.00,0.00,0.00,666340,1135456,1374380,67.35,47828,542976,3737992,183.17,852392,357712,388,619368,101312,7376,28952,0,0,0,0.00,0,0.00,0,0,0.00,26567,7680,36953,0,0,461,0.00,0.00,0.00,0,0.00,0.00,0.00,0.00,0.00,0.00,0.00,0.00,0.00,0.00,0.00,0.00,0.00,0.00,10628.00,0.00,15452.25,0.00,0.00,0.00,0.00,0.00,0.00,0.00,0.00,1.00,0.00,0.00,0.00,0.00,0.00,0.00,0.00,0.00,0.00,0.00,0.00,0.00,0.00,0.00,0.00,0.00,0.00,0.00,0.00,0.00,0.00,0.00,723,3,5,0,0,0,10620.00,0.00,236.00,0.00,10620.00,236.00,0.00,0.00,0.00,0.00,0.00,0.00,0.00,0.00,0.00,0.00,0.00,0.00,0.00,0.00,0.00,0.00,0.00,0.00,0.00,0.00,0.00,0.00,0.00,0.00,0.00,0.00,0.00,0.00,0.00,0.00,0.00,0.00,0.00,0.00,0.00,0.00,0.00,0.00,237.00,0.00,0.00,0.00,0.00,0.00,0.00,0.00,0.00,0.00,0.00,3,2,1,0,0.00,0.00,0.00,0.00,0.00,0.00,0.00,0.00,0.00,0.00,0.00,0.00,0.00,0.00,0.00,0.00,0.00,0.00,0.00,0.00,0.00,0.00,0.00,0.00,0.00,0.00,0.00,0.00,0.00,0.00,0.00,0.00,0.00,0.00,0.00,0.00,0.00,0.00,0.00,0.00,0.00,0.00,0.00,0.00,0.00,0.00,0.00,0.00,0.00,0.00,0.00,0.00,0.00,10673.00,0.00,0.00,0.00,0.00,1995.37
0.00,0.00,0.00,0.00,0.00,0.00,1.52,0.00,0.00,98.48,0.00,285.00,0.00,0.00,0.00,0.00,0.00,0.00,4684.00,0.00,0.00,0.00,0.00,0.00,0.00,0.00,0.00,0.00,666340,1135512,1374380,67.35,47828,542992,3737992,183.17,852392,357768,404,619368,101312,7376,28952,0,0,0,0.00,0,0.00,0,0,0.00,26567,7680,36953,0,0,461,0.00,0.00,0.00,0,0.00,0.00,0.00,0.00,0.00,0.00,0.00,0.00,0.00,0.00,0.00,0.00,0.00,0.00,9324.00,0.00,13553.57,0.00,0.00,0.00,0.00,0.00,0.00,0.00,0.00,0.00,0.00,0.00,0.00,0.00,0.00,0.00,0.00,0.00,0.00,0.00,0.00,0.00,0.00,0.00,0.00,0.00,0.00,0.00,0.00,0.00,0.00,0.00,723,3,5,0,0,0,9315.00,0.00,207.00,0.00,9315.00,207.00,0.00,0.00,0.00,0.00,0.00,0.00,0.00,0.00,0.00,0.00,0.00,0.00,0.00,0.00,0.00,0.00,0.00,0.00,0.00,0.00,0.00,0.00,0.00,0.00,0.00,0.00,0.00,0.00,0.00,0.00,0.00,0.00,0.00,0.00,0.00,0.00,0.00,0.00,206.00,0.00,0.00,0.00,0.00,0.00,0.00,0.00,0.00,0.00,0.00,3,2,1,0,0.00,0.00,0.00,0.00,0.00,0.00,0.00,0.00,0.00,0.00,0.00,0.00,0.00,0.00,0.00,0.00,0.00,0.00,0.00,0.00,0.00,0.00,0.00,0.00,0.00,0.00,0.00,0.00,0.00,0.00,0.00,0.00,0.00,0.00,0.00,0.00,0.00,0.00,0.00,0.00,0.00,0.00,0.00,0.00,0.00,0.00,0.00,0.00,0.00,0.00,0.00,0.00,0.00,9279.00,0.00,0.00,0.00,0.00,1995.37
0.00,0.00,0.51,0.00,0.00,0.00,0.51,0.00,0.00,98.99,0.00,260.00,0.00,0.00,0.00,0.00,0.00,0.00,3044.00,0.00,0.00,0.00,0.00,0.00,0.00,0.00,0.00,0.00,666340,1135512,1374380,67.35,47828,543008,3737992,183.17,852392,357768,420,619368,101312,7376,28952,0,0,0,0.00,0,0.00,0,0,0.00,26567,7680,36953,0,0,461,0.00,0.00,0.00,0,0.00,0.00,0.00,0.00,0.00,0.00,0.00,0.00,0.00,0.00,0.00,0.00,0.00,0.00,5992.00,0.00,8708.40,0.00,0.00,0.00,0.00,0.00,0.00,0.00,0.00,1.00,0.00,0.00,0.00,0.00,0.00,0.00,0.00,0.00,0.00,0.00,0.00,0.00,0.00,0.00,0.00,0.00,0.00,0.00,0.00,0.00,0.00,0.00,723,3,5,0,0,0,5985.00,0.00,133.00,0.00,5985.00,133.00,0.00,0.00,0.00,0.00,0.00,0.00,0.00,0.00,0.00,0.00,0.00,0.00,0.00,0.00,0.00,0.00,0.00,0.00,0.00,0.00,0.00,0.00,0.00,0.00,0.00,0.00,0.00,0.00,0.00,0.00,0.00,0.00,0.00,0.00,0.00,0.00,0.00,0.00,133.00,0.00,0.00,0.00,0.00,0.00,0.00,0.00,0.00,0.00,0.00,3,2,1,0,0.00,0.00,0.00,0.00,0.00,0.00,0.00,0.00,0.00,0.00,0.00,0.00,0.00,0.00,0.00,0.00,0.00,0.00,0.00,0.00,0.00,0.00,0.00,0.00,0.00,0.00,0.00,0.00,0.00,0.00,0.00,0.00,0.00,0.00,0.00,0.00,0.00,0.00,0.00,0.00,0.00,0.00,0.00,0.00,0.00,0.00,0.00,0.00,0.00,0.00,0.00,0.00,0.00,5992.00,0.00,0.00,0.00,0.00,1995.37
0.50,0.00,0.00,2.48,0.50,0.00,1.49,0.00,0.00,95.05,0.00,291.00,0.00,0.00,0.00,12.00,0.00,0.00,4060.00,0.00,0.00,0.00,0.00,2.00,0.00,2.00,0.00,24.00,666184,1135356,1374536,67.36,47836,543024,3737992,183.17,852392,357768,436,619368,101312,7376,28952,0,0,0,0.00,0,0.00,0,0,0.00,26567,7680,36953,0,0,461,0.00,0.00,0.00,0,0.00,0.00,0.00,0.00,0.00,0.00,2.00,0.00,12.00,6.00,0.00,24.00,0.00,0.00,8060.00,0.00,11720.07,0.00,0.00,0.00,0.00,0.00,0.00,0.00,0.00,0.00,0.00,0.00,0.00,0.00,0.00,0.00,0.00,0.00,0.00,0.00,0.00,0.00,0.00,0.00,0.00,0.00,0.00,0.00,0.00,0.00,0.00,0.00,723,3,5,0,0,0,8055.00,0.00,179.00,0.00,8055.00,179.00,0.00,0.00,0.00,0.00,0.00,0.00,0.00,0.00,0.00,0.00,0.00,0.00,0.00,0.00,0.00,0.00,0.00,0.00,0.00,0.00,0.00,0.00,0.00,0.00,0.00,0.00,0.00,0.00,0.00,0.00,0.00,0.00,0.00,0.00,0.00,0.00,0.00,0.00,179.00,0.00,0.00,0.00,0.00,0.00,0.00,0.00,0.00,0.00,0.00,3,2,1,0,0.00,0.00,0.00,0.00,0.00,0.00,0.00,0.00,0.00,0.00,0.00,0.00,0.00,0.00,0.00,0.00,0.00,0.00,0.00,0.00,0.00,0.00,0.00,0.00,0.00,0.00,0.00,0.00,0.00,0.00,0.00,0.00,0.00,0.00,0.00,0.00,0.00,0.00,0.00,0.00,0.00,0.00,0.00,0.00,0.00,0.00,0.00,0.00,0.00,0.00,0.00,0.00,0.00,8060.00,0.00,0.00,0.00,0.00,1995.37
0.50,0.00,0.00,0.00,0.00,0.00,1.01,0.00,0.00,98.49,0.00,265.00,0.00,0.00,0.00,0.00,0.00,0.00,3429.00,0.00,0.00,0.00,0.00,0.00,0.00,0.00,0.00,0.00,666152,1135380,1374568,67.36,47836,543040,3737992,183.17,852400,357816,452,619368,101312,7376,28952,0,0,0,0.00,0,0.00,0,0,0.00,26567,7680,36953,0,0,461,0.00,0.00,0.00,0,0.00,0.00,0.00,0.00,0.00,0.00,0.00,0.00,0.00,0.00,0.00,0.00,0.00,0.00,6803.00,0.00,9886.99,0.00,0.00,0.00,0.00,0.00,0.00,0.00,0.00,1.00,0.00,0.00,0.00,0.00,0.00,0.00,0.00,0.00,0.00,0.00,0.00,0.00,0.00,0.00,0.00,0.00,0.00,0.00,0.00,0.00,0.00,0.00,723,3,5,0,0,0,6795.00,0.00,151.00,0.00,6795.00,151.00,0.00,0.00,0.00,0.00,0.00,0.00,0.00,0.00,0.00,0.00,0.00,0.00,0.00,0.00,0.00,0.00,0.00,0.00,0.00,0.00,0.00,0.00,0.00,0.00,0.00,0.00,0.00,0.00,0.00,0.00,0.00,0.00,0.00,0.00,0.00,0.00,0.00,0.00,151.00,0.00,0.00,0.00,0.00,0.00,0.00,0.00,0.00,0.00,0.00,3,2,1,0,0.00,0.00,0.00,0.00,0.00,0.00,0.00,0.00,0.00,0.00,0.00,0.00,0.00,0.00,0.00,0.00,0.00,0.00,0.00,0.00,0.00,0.00,0.00,0.00,0.00,0.00,0.00,0.00,0.00,0.00,0.00,0.00,0.00,0.00,0.00,0.00,0.00,0.00,0.00,0.00,0.00,0.00,0.00,0.00,0.00,0.00,0.00,0.00,0.00,0.00,0.00,0.00,0.00,6803.00,0.00,0.00,0.00,0.00,1995.37
0.50,0.00,0.50,0.00,0.00,0.00,0.50,0.00,0.00,98.50,0.00,309.00,0.00,0.00,0.00,0.00,0.00,0.00,1629.00,0.00,0.00,0.00,0.00,0.00,0.00,0.00,0.00,0.00,666152,1135380,1374568,67.36,47836,543052,3737992,183.17,852400,357816,464,619368,101312,7376,28952,0,0,0,0.00,0,0.00,0,0,0.00,26567,7680,36953,0,0,461,0.00,0.00,0.00,0,0.00,0.00,0.00,0.00,0.00,0.00,0.00,0.00,0.00,0.00,0.00,0.00,0.00,0.00,3201.00,0.00,4648.98,0.00,0.00,0.00,0.00,0.00,0.00,0.00,0.00,0.00,0.00,0.00,0.00,0.00,0.00,0.00,0.00,0.00,0.00,0.00,0.00,0.00,0.00,0.00,0.00,0.00,0.00,0.00,0.00,0.00,0.00,0.00,723,3,5,0,0,0,3195.00,0.00,71.00,0.00,3195.00,71.00,0.00,0.00,0.00,0.00,0.00,0.00,0.00,0.00,0.00,0.00,0.00,0.00,0.00,0.00,0.00,0.00,0.00,0.00,0.00,0.00,0.00,0.00,0.00,0.00,0.00,0.00,0.00,0.00,0.00,0.00,0.00,0.00,0.00,0.00,0.00,0.00,0.00,0.00,71.00,0.00,0.00,0.00,0.00,0.00,0.00,0.00,0.00,0.00,0.00,3,2,1,0,0.00,0.00,0.00,0.00,0.00,0.00,0.00,0.00,0.00,0.00,0.00,0.00,0.00,0.00,0.00,0.00,0.00,0.00,0.00,0.00,0.00,0.00,0.00,0.00,0.00,0.00,0.00,0.00,0.00,0.00,0.00,0.00,0.00,0.00,0.00,0.00,0.00,0.00,0.00,0.00,0.00,0.00,0.00,0.00,0.00,0.00,0.00,0.00,0.00,0.00,0.00,0.00,0.00,3201.00,0.00,0.00,0.00,0.00,1995.37
0.00,0.00,0.00,0.00,0.00,0.00,0.50,0.00,0.00,99.50,0.00,184.00,0.00,0.00,0.00,0.00,0.00,0.00,2028.00,0.00,0.00,0.00,0.00,0.00,0.00,0.00,0.00,0.00,666216,1135444,1374504,67.35,47836,543068,3737992,183.17,852400,357816,480,619368,101312,7376,28952,0,0,0,0.00,0,0.00,0,0,0.00,26567,7680,36953,0,0,461,0.00,0.00,0.00,0,0.00,0.00,0.00,0.00,0.00,0.00,0.00,0.00,0.00,0.00,0.00,0.00,0.00,0.00,4009.00,1.00,5827.39,0.04,0.00,0.00,0.00,0.00,0.00,0.00,0.00,1.00,0.00,0.00,0.00,0.00,0.00,0.00,0.00,0.00,0.00,0.00,0.00,0.00,0.00,0.00,0.00,0.00,0.00,0.00,0.00,0.00,0.00,0.00,723,3,5,0,0,0,4050.00,0.00,90.00,0.00,4050.00,90.00,0.00,0.00,0.00,0.00,0.00,0.00,0.00,0.00,0.00,0.00,0.00,0.00,0.00,0.00,0.00,0.00,0.00,0.00,0.00,0.00,0.00,0.00,0.00,0.00,0.00,0.00,0.00,0.00,0.00,0.00,0.00,0.00,0.00,0.00,0.00,0.00,0.00,0.00,90.00,0.00,0.00,0.00,0.00,0.00,0.00,0.00,0.00,0.00,0.00,3,2,1,0,0.00,0.00,0.00,0.00,0.00,0.00,0.00,0.00,0.00,0.00,0.00,0.00,0.00,0.00,0.00,0.00,0.00,0.00,0.00,0.00,0.00,0.00,0.00,0.00,0.00,0.00,0.00,0.00,0.00,0.00,0.00,0.00,0.00,0.00,0.00,0.00,0.00,0.00,0.00,0.00,0.00,0.00,0.00,0.00,0.00,0.00,0.00,0.00,0.00,0.00,0.00,0.00,0.00,4054.00,0.00,0.00,0.00,0.00,1995.37
0.00,0.00,0.00,0.00,0.00,0.00,0.00,0.00,0.00,100.00,0.00,176.00,0.00,0.00,0.00,0.00,1.00,0.00,820.00,0.00,0.00,0.00,0.00,0.00,0.00,0.00,0.00,0.00,666216,1135444,1374504,67.35,47836,543084,3737992,183.17,852400,357816,496,619368,101312,7376,28952,0,0,0,0.00,0,0.00,0,0,0.00,26567,7680,36953,0,0,461,0.00,0.00,0.00,0,0.00,0.00,0.00,0.00,0.00,0.00,0.00,0.00,0.00,0.00,0.00,0.00,0.00,0.00,1622.00,0.00,2357.17,0.00,0.00,0.00,0.00,0.00,0.00,0.00,0.00,0.00,0.00,0.00,0.00,0.00,0.00,0.00,0.00,0.00,0.00,0.00,0.00,0.00,0.00,0.00,0.00,0.00,0.00,0.00,0.00,0.00,0.00,0.00,723,3,5,0,0,0,1575.00,0.00,35.00,0.00,1575.00,35.00,0.00,0.00,0.00,0.00,0.00,0.00,0.00,0.00,0.00,0.00,0.00,0.00,0.00,0.00,0.00,0.00,0.00,0.00,0.00,0.00,0.00,0.00,0.00,0.00,0.00,0.00,0.00,0.00,0.00,0.00,0.00,0.00,0.00,0.00,0.00,0.00,0.00,0.00,35.00,0.00,0.00,0.00,0.00,0.00,0.00,0.00,0.00,0.00,0.00,3,2,1,0,0.00,0.00,0.00,0.00,0.00,0.00,0.00,0.00,0.00,0.00,0.00,0.00,0.00,0.00,0.00,0.00,0.00,0.00,0.00,0.00,0.00,0.00,0.00,0.00,0.00,0.00,0.00,0.00,0.00,0.00,0.00,0.00,0.00,0.00,0.00,0.00,0.00,0.00,0.00,0.00,0.00,0.00,0.00,0.00,0.00,0.00,0.00,0.00,0.00,0.00,0.00,0.00,0.00,1577.00,0.00,0.00,0.00,0.00,1995.37
0.50,0.00,0.50,4.48,0.00,0.00,1.00,0.00,0.00,93.53,0.00,154.00,0.00,0.00,0.00,500.00,0.00,0.00,668.00,0.00,0.00,0.00,0.00,4.00,0.00,4.00,0.00,1000.00,666216,1135500,1374504,67.35,47844,543100,3737992,183.17,852408,357860,24,619368,101316,7376,28952,0,0,0,0.00,0,0.00,0,0,0.00,26567,7680,36953,0,0,461,0.00,0.00,0.00,0,0.00,0.00,0.00,0.00,0.00,0.00,4.00,0.00,500.00,125.00,0.00,25.00,0.00,0.00,1308.00,0.00,1898.91,0.00,0.00,0.00,0.00,0.00,0.00,0.00,0.00,1.00,0.00,0.00,0.00,0.00,0.00,0.00,0.00,0.00,0.00,0.00,0.00,0.00,0.00,0.00,0.00,0.00,0.00,0.00,0.00,0.00,0.00,0.00,723,3,5,0,0,0,1305.00,0.00,29.00,0.00,1305.00,29.00,0.00,0.00,0.00,0.00,0.00,0.00,0.00,0.00,0.00,0.00,0.00,0.00,0.00,0.00,0.00,0.00,0.00,0.00,0.00,0.00,0.00,0.00,0.00,0.00,0.00,0.00,0.00,0.00,0.00,0.00,0.00,0.00,0.00,0.00,0.00,0.00,0.00,0.00,29.00,0.00,0.00,0.00,0.00,0.00,0.00,0.00,0.00,0.00,0.00,3,2,1,0,0.00,0.00,0.00,0.00,0.00,0.00,0.00,0.00,0.00,0.00,0.00,0.00,0.00,0.00,0.00,0.00,0.00,0.00,0.00,0.00,0.00,0.00,0.00,0.00,0.00,0.00,0.00,0.00,0.00,0.00,0.00,0.00,0.00,0.00,0.00,0.00,0.00,0.00,0.00,0.00,0.00,0.00,0.00,0.00,0.00,0.00,0.00,0.00,0.00,0.00,0.00,0.00,0.00,1308.00,0.00,0.00,0.00,0.00,1995.37
0.00,0.00,0.50,0.00,0.00,0.00,0.00,0.00,0.00,99.50,0.00,68.00,0.00,0.00,0.00,0.00,0.00,0.00,140.00,0.00,0.00,0.00,0.00,0.00,0.00,0.00,0.00,0.00,666184,1135468,1374536,67.36,47844,543116,3737992,183.17,852408,357860,44,619368,101316,7376,28952,0,0,0,0.00,0,0.00,0,0,0.00,26567,7680,36953,0,0,461,0.00,0.00,0.00,0,0.00,0.00,0.00,0.00,0.00,0.00,0.00,0.00,0.00,0.00,0.00,0.00,0.00,0.00,275.00,0.00,393.13,0.00,0.00,0.00,0.00,0.00,0.00,0.00,0.00,0.00,0.00,0.00,0.00,0.00,0.00,0.00,0.00,0.00,0.00,0.00,0.00,0.00,0.00,0.00,0.00,0.00,0.00,0.00,0.00,0.00,0.00,0.00,723,3,5,0,0,0,270.00,0.00,6.00,0.00,270.00,6.00,0.00,0.00,0.00,0.00,0.00,0.00,0.00,0.00,0.00,0.00,0.00,0.00,0.00,0.00,0.00,0.00,0.00,0.00,0.00,0.00,0.00,0.00,0.00,0.00,0.00,0.00,0.00,0.00,0.00,0.00,0.00,0.00,0.00,0.00,0.00,0.00,0.00,0.00,6.00,0.00,0.00,0.00,0.00,0.00,0.00,0.00,0.00,0.00,0.00,3,2,1,0,0.00,0.00,0.00,0.00,0.00,0.00,0.00,0.00,0.00,0.00,0.00,0.00,0.00,0.00,0.00,0.00,0.00,0.00,0.00,0.00,0.00,0.00,0.00,0.00,0.00,0.00,0.00,0.00,0.00,0.00,0.00,0.00,0.00,0.00,0.00,0.00,0.00,0.00,0.00,0.00,0.00,0.00,0.00,0.00,0.00,0.00,0.00,0.00,0.00,0.00,0.00,0.00,0.00,275.00,0.00,0.00,0.00,0.00,1995.37
0.00,0.00,0.00,0.00,0.00,0.00,0.00,0.00,0.00,100.00,0.00,60.00,0.00,0.00,0.00,0.00,0.00,0.00,1484.00,0.00,0.00,0.00,0.00,0.00,0.00,0.00,0.00,0.00,666152,1135436,1374568,67.36,47844,543132,3737992,183.17,852408,357860,60,619368,101316,7376,28952,0,0,0,0.00,0,0.00,0,0,0.00,26567,7680,36953,0,0,461,0.00,0.00,0.00,0,0.00,0.00,0.00,0.00,0.00,0.00,0.00,0.00,0.00,0.00,0.00,0.00,0.00,0.00,2928.00,0.00,4255.96,0.00,0.00,0.00,0.00,0.00,0.00,0.00,0.00,1.00,0.00,0.00,0.00,0.00,0.00,0.00,0.00,0.00,0.00,0.00,0.00,0.00,0.00,0.00,0.00,0.00,0.00,0.00,0.00,0.00,0.00,0.00,723,3,5,0,0,0,2925.00,0.00,65.00,0.00,2925.00,65.00,0.00,0.00,0.00,0.00,0.00,0.00,0.00,0.00,0.00,0.00,0.00,0.00,0.00,0.00,0.00,0.00,0.00,0.00,0.00,0.00,0.00,0.00,0.00,0.00,0.00,0.00,0.00,0.00,0.00,0.00,0.00,0.00,0.00,0.00,0.00,0.00,0.00,0.00,65.00,0.00,0.00,0.00,0.00,0.00,0.00,0.00,0.00,0.00,0.00,3,2,1,0,0.00,0.00,0.00,0.00,0.00,0.00,0.00,0.00,0.00,0.00,0.00,0.00,0.00,0.00,0.00,0.00,0.00,0.00,0.00,0.00,0.00,0.00,0.00,0.00,0.00,0.00,0.00,0.00,0.00,0.00,0.00,0.00,0.00,0.00,0.00,0.00,0.00,0.00,0.00,0.00,0.00,0.00,0.00,0.00,0.00,0.00,0.00,0.00,0.00,0.00,0.00,0.00,0.00,2928.00,0.00,0.00,0.00,0.00,1995.37
0.50,0.00,0.50,0.00,0.00,0.00,0.00,0.00,0.00,99.00,0.00,61.00,0.00,0.00,0.00,0.00,0.00,0.00,452.00,0.00,0.00,0.00,0.00,0.00,0.00,0.00,0.00,0.00,666280,1135620,1374440,67.35,47844,543148,3737992,183.17,852408,357916,76,619368,101316,7376,28952,0,0,0,0.00,0,0.00,0,0,0.00,26567,7680,36953,0,0,461,0.00,0.00,0.00,0,0.00,0.00,0.00,0.00,0.00,0.00,0.00,0.00,0.00,0.00,0.00,0.00,0.00,0.00,906.00,0.00,1309.82,0.00,0.00,0.00,0.00,0.00,0.00,0.00,0.00,0.00,0.00,0.00,0.00,0.00,0.00,0.00,0.00,0.00,0.00,0.00,0.00,0.00,0.00,0.00,0.00,0.00,0.00,0.00,0.00,0.00,0.00,0.00,723,3,5,0,0,0,900.00,0.00,20.00,0.00,900.00,20.00,0.00,0.00,0.00,0.00,0.00,0.00,0.00,0.00,0.00,0.00,0.00,0.00,0.00,0.00,0.00,0.00,0.00,0.00,0.00,0.00,0.00,0.00,0.00,0.00,0.00,0.00,0.00,0.00,0.00,0.00,0.00,0.00,0.00,0.00,0.00,0.00,0.00,0.00,20.00,0.00,0.00,0.00,0.00,0.00,0.00,0.00,0.00,0.00,0.00,3,2,1,0,0.00,0.00,0.00,0.00,0.00,0.00,0.00,0.00,0.00,0.00,0.00,0.00,0.00,0.00,0.00,0.00,0.00,0.00,0.00,0.00,0.00,0.00,0.00,0.00,0.00,0.00,0.00,0.00,0.00,0.00,0.00,0.00,0.00,0.00,0.00,0.00,0.00,0.00,0.00,0.00,0.00,0.00,0.00,0.00,0.00,0.00,0.00,0.00,0.00,0.00,0.00,0.00,0.00,906.00,0.00,0.00,0.00,0.00,1995.37
0.00,0.00,0.50,0.00,0.00,0.00,0.00,0.00,0.00,99.50,0.00,38.00,0.00,0.00,0.00,0.00,0.00,0.00,3.00,0.00,0.00,0.00,0.00,0.00,0.00,0.00,0.00,0.00,666280,1135620,1374440,67.35,47844,543148,3737992,183.17,852408,357916,76,619368,101316,7376,28952,0,0,0,0.00,0,0.00,0,0,0.00,26567,7680,36953,0,0,461,0.00,0.00,0.00,0,0.00,0.00,0.00,0.00,0.00,0.00,0.00,0.00,0.00,0.00,0.00,0.00,0.00,0.00,7.00,0.00,0.41,0.00,0.00,0.00,0.00,0.00,0.00,0.00,0.00,1.00,0.00,0.00,0.00,0.00,0.00,0.00,0.00,0.00,0.00,0.00,0.00,0.00,0.00,0.00,0.00,0.00,0.00,0.00,0.00,0.00,0.00,0.00,723,3,5,0,0,0,0.00,0.00,0.00,0.00,0.00,0.00,0.00,0.00,0.00,0.00,0.00,0.00,0.00,0.00,0.00,0.00,0.00,0.00,0.00,0.00,0.00,0.00,0.00,0.00,0.00,0.00,0.00,0.00,0.00,0.00,0.00,0.00,0.00,0.00,0.00,0.00,0.00,0.00,0.00,0.00,0.00,0.00,0.00,0.00,0.00,0.00,0.00,0.00,0.00,0.00,0.00,0.00,0.00,0.00,0.00,3,2,1,0,0.00,0.00,0.00,0.00,0.00,0.00,0.00,0.00,0.00,0.00,0.00,0.00,0.00,0.00,0.00,0.00,0.00,0.00,0.00,0.00,0.00,0.00,0.00,0.00,0.00,0.00,0.00,0.00,0.00,0.00,0.00,0.00,0.00,0.00,0.00,0.00,0.00,0.00,0.00,0.00,0.00,0.00,0.00,0.00,0.00,0.00,0.00,0.00,0.00,0.00,0.00,0.00,0.00,7.00,0.00,0.00,0.00,0.00,1995.37
0.50,0.00,0.00,9.00,0.00,0.00,0.00,0.00,0.00,90.50,0.00,77.00,0.00,0.00,0.00,44.00,0.00,0.00,212.00,0.00,0.00,0.00,0.00,6.00,0.00,6.00,0.00,72.00,666312,1135652,1374408,67.35,47852,543172,3737992,183.17,852408,357916,108,619368,101320,7376,28952,0,0,0,0.00,0,0.00,0,0,0.00,26567,7680,36953,0,0,461,0.00,0.00,0.00,1,0.00,0.00,0.00,0.00,0.00,0.00,6.00,0.00,36.00,6.00,0.53,82.00,28.67,17.20,416.00,0.00,589.91,0.00,0.00,0.00,0.00,0.00,0.00,0.00,0.00,0.00,0.00,0.00,0.00,0.00,0.00,0.00,0.00,0.00,0.00,0.00,0.00,0.00,0.00,0.00,0.00,0.00,0.00,0.00,0.00,0.00,0.00,0.00,723,3,5,0,0,0,405.00,0.00,9.00,0.00,405.00,9.00,0.00,0.00,0.00,0.00,0.00,0.00,0.00,0.00,0.00,0.00,0.00,0.00,0.00,0.00,0.00,0.00,0.00,0.00,0.00,0.00,0.00,0.00,0.00,0.00,0.00,0.00,0.00,0.00,0.00,0.00,0.00,0.00,0.00,0.00,0.00,0.00,0.00,0.00,9.00,0.00,0.00,0.00,0.00,0.00,0.00,0.00,0.00,0.00,0.00,3,2,1,0,0.00,0.00,0.00,0.00,0.00,0.00,0.00,0.00,0.00,0.00,0.00,0.00,0.00,0.00,0.00,0.00,0.00,0.00,0.00,0.00,0.00,0.00,0.00,0.00,0.00,0.00,0.00,0.00,0.00,0.00,0.00,0.00,0.00,0.00,0.00,0.00,0.00,0.00,0.00,0.00,0.00,0.00,0.00,0.00,0.00,0.00,0.00,0.00,0.00,0.00,0.00,0.00,0.00,416.00,0.00,0.00,0.00,0.00,1995.37
1.49,0.00,0.00,2.49,0.50,0.00,1.00,0.00,0.00,94.53,0.00,138.00,0.00,0.00,0.00,0.00,16.00,0.00,2802.00,0.00,0.00,0.00,0.00,2.00,0.00,2.00,0.00,16.00,666156,1135548,1374564,67.36,47852,543192,3737992,183.17,852404,357968,104,619364,101320,7376,28952,0,0,0,0.00,0,0.00,0,0,0.00,26567,7680,36953,0,0,461,0.00,0.00,0.00,0,0.00,0.00,0.00,0.00,0.00,0.00,2.00,0.00,8.00,4.00,0.02,140.00,8.00,1.60,5544.00,0.00,8053.78,0.00,0.00,0.00,0.00,0.00,0.00,0.00,0.00,1.00,0.00,0.00,0.00,0.00,0.00,0.00,0.00,0.00,0.00,0.00,0.00,0.00,0.00,0.00,0.00,0.00,0.00,0.00,0.00,0.00,0.00,0.00,723,3,5,0,0,0,5535.00,0.00,123.00,0.00,5535.00,123.00,0.00,0.00,0.00,0.00,0.00,0.00,0.00,0.00,0.00,0.00,0.00,0.00,0.00,0.00,0.00,0.00,0.00,0.00,0.00,0.00,0.00,0.00,0.00,0.00,0.00,0.00,0.00,0.00,0.00,0.00,0.00,0.00,0.00,0.00,0.00,0.00,0.00,0.00,123.00,0.00,0.00,0.00,0.00,0.00,0.00,0.00,0.00,0.00,0.00,3,2,1,0,0.00,0.00,0.00,0.00,0.00,0.00,0.00,0.00,0.00,0.00,0.00,0.00,0.00,0.00,0.00,0.00,0.00,0.00,0.00,0.00,0.00,0.00,0.00,0.00,0.00,0.00,0.00,0.00,0.00,0.00,0.00,0.00,0.00,0.00,0.00,0.00,0.00,0.00,0.00,0.00,0.00,0.00,0.00,0.00,0.00,0.00,0.00,0.00,0.00,0.00,0.00,0.00,0.00,5544.00,0.00,0.00,0.00,0.00,1995.37
0.00,0.00,0.50,0.00,0.00,0.00,0.00,0.00,0.00,99.50,0.00,52.00,0.00,0.00,0.00,0.00,0.00,0.00,684.00,0.00,0.00,0.00,0.00,0.00,0.00,0.00,0.00,0.00,666188,1135580,1374532,67.36,47852,543208,3737992,183.17,852404,357968,120,619364,101320,7376,28952,0,0,0,0.00,0,0.00,0,0,0.00,26567,7680,36953,0,0,461,0.00,0.00,0.00,0,0.00,0.00,0.00,0.00,0.00,0.00,0.00,0.00,0.00,0.00,0.00,0.00,0.00,0.00,1358.00,0.00,1964.68,0.00,0.00,0.00,0.00,0.00,0.00,0.00,0.00,0.00,0.00,0.00,0.00,0.00,0.00,0.00,0.00,0.00,0.00,0.00,0.00,0.00,0.00,0.00,0.00,0.00,0.00,0.00,0.00,0.00,0.00,0.00,723,3,5,0,0,0,1350.00,0.00,30.00,0.00,1350.00,30.00,0.00,0.00,0.00,0.00,0.00,0.00,0.00,0.00,0.00,0.00,0.00,0.00,0.00,0.00,0.00,0.00,0.00,0.00,0.00,0.00,0.00,0.00,0.00,0.00,0.00,0.00,0.00,0.00,0.00,0.00,0.00,0.00,0.00,0.00,0.00,0.00,0.00,0.00,30.00,0.00,0.00,0.00,0.00,0.00,0.00,0.00,0.00,0.00,0.00,3,2,1,0,0.00,0.00,0.00,0.00,0.00,0.00,0.00,0.00,0.00,0.00,0.00,0.00,0.00,0.00,0.00,0.00,0.00,0.00,0.00,0.00,0.00,0.00,0.00,0.00,0.00,0.00,0.00,0.00,0.00,0.00,0.00,0.00,0.00,0.00,0.00,0.00,0.00,0.00,0.00,0.00,0.00,0.00,0.00,0.00,0.00,0.00,0.00,0.00,0.00,0.00,0.00,0.00,0.00,1358.00,0.00,0.00,0.00,0.00,1995.37
0.50,0.00,0.00,0.00,0.00,0.00,0.00,0.00,0.00,99.50,0.00,28.00,0.00,0.00,0.00,0.00,0.00,0.00,4.00,0.00,0.00,0.00,0.00,0.00,0.00,0.00,0.00,0.00,666188,1135580,1374532,67.36,47852,543224,3737992,183.17,852404,357968,136,619364,101320,7376,28952,0,0,0,0.00,0,0.00,0,0,0.00,26567,7680,36953,0,0,461,0.00,0.00,0.00,0,0.00,0.00,0.00,0.00,0.00,0.00,0.00,0.00,0.00,0.00,0.00,0.00,0.00,0.00,3.00,0.00,0.18,0.00,0.00,0.00,0.00,0.00,0.00,0.00,0.00,1.00,0.00,0.00,0.00,0.00,0.00,0.00,0.00,0.00,0.00,0.00,0.00,0.00,0.00,0.00,0.00,0.00,0.00,0.00,0.00,0.00,0.00,0.00,723,3,5,0,0,0,0.00,0.00,0.00,0.00,0.00,0.00,0.00,0.00,0.00,0.00,0.00,0.00,0.00,0.00,0.00,0.00,0.00,0.00,0.00,0.00,0.00,0.00,0.00,0.00,0.00,0.00,0.00,0.00,0.00,0.00,0.00,0.00,0.00,0.00,0.00,0.00,0.00,0.00,0.00,0.00,0.00,0.00,0.00,0.00,0.00,0.00,0.00,0.00,0.00,0.00,0.00,0.00,0.00,0.00,0.00,3,2,1,0,0.00,0.00,0.00,0.00,0.00,0.00,0.00,0.00,0.00,0.00,0.00,0.00,0.00,0.00,0.00,0.00,0.00,0.00,0.00,0.00,0.00,0.00,0.00,0.00,0.00,0.00,0.00,0.00,0.00,0.00,0.00,0.00,0.00,0.00,0.00,0.00,0.00,0.00,0.00,0.00,0.00,0.00,0.00,0.00,0.00,0.00,0.00,0.00,0.00,0.00,0.00,0.00,0.00,3.00,0.00,0.00,0.00,0.00,1995.37
0.50,0.00,0.50,0.00,0.00,0.00,0.50,0.00,0.00,98.51,0.00,54.00,0.00,0.00,0.00,0.00,0.00,0.00,1411.00,0.00,0.00,0.00,0.00,0.00,0.00,0.00,0.00,0.00,666092,1135484,1374628,67.36,47852,543240,3737992,183.17,852404,357968,152,619364,101320,7376,28952,0,0,0,0.00,0,0.00,0,0,0.00,26567,7680,36953,0,0,461,0.00,0.00,0.00,0,0.00,0.00,0.00,0.00,0.00,0.00,0.00,0.00,0.00,0.00,0.00,0.00,0.00,0.00,2796.00,0.00,4059.72,0.00,0.00,0.00,0.00,0.00,0.00,0.00,0.00,0.00,0.00,0.00,0.00,0.00,0.00,0.00,0.00,0.00,0.00,0.00,0.00,0.00,0.00,0.00,0.00,0.00,0.00,0.00,0.00,0.00,0.00,0.00,723,3,5,0,0,0,2790.00,0.00,62.00,0.00,2790.00,62.00,0.00,0.00,0.00,0.00,0.00,0.00,0.00,0.00,0.00,0.00,0.00,0.00,0.00,0.00,0.00,0.00,0.00,0.00,0.00,0.00,0.00,0.00,0.00,0.00,0.00,0.00,0.00,0.00,0.00,0.00,0.00,0.00,0.00,0.00,0.00,0.00,0.00,0.00,62.00,0.00,0.00,0.00,0.00,0.00,0.00,0.00,0.00,0.00,0.00,3,2,1,0,0.00,0.00,0.00,0.00,0.00,0.00,0.00,0.00,0.00,0.00,0.00,0.00,0.00,0.00,0.00,0.00,0.00,0.00,0.00,0.00,0.00,0.00,0.00,0.00,0.00,0.00,0.00,0.00,0.00,0.00,0.00,0.00,0.00,0.00,0.00,0.00,0.00,0.00,0.00,0.00,0.00,0.00,0.00,0.00,0.00,0.00,0.00,0.00,0.00,0.00,0.00,0.00,0.00,2796.00,0.00,0.00,0.00,0.00,1995.37
0.50,0.00,0.00,0.00,0.00,0.00,0.00,0.00,0.00,99.50,0.00,40.00,0.00,0.00,0.00,0.00,0.00,0.00,3.00,0.00,0.00,0.00,0.00,0.00,0.00,0.00,0.00,0.00,666092,1135540,1374628,67.36,47852,543256,3737992,183.17,852404,358024,168,619364,101320,7376,28952,0,0,0,0.00,0,0.00,0,0,0.00,26567,7680,36953,0,0,461,0.00,0.00,0.00,0,0.00,0.00,0.00,0.00,0.00,0.00,0.00,0.00,0.00,0.00,0.00,0.00,0.00,0.00,4.00,0.00,0.23,0.00,0.00,0.00,0.00,0.00,0.00,0.00,0.00,1.00,0.00,0.00,0.00,0.00,0.00,0.00,0.00,0.00,0.00,0.00,0.00,0.00,0.00,0.00,0.00,0.00,0.00,0.00,0.00,0.00,0.00,0.00,723,3,5,0,0,0,0.00,0.00,0.00,0.00,0.00,0.00,0.00,0.00,0.00,0.00,0.00,0.00,0.00,0.00,0.00,0.00,0.00,0.00,0.00,0.00,0.00,0.00,0.00,0.00,0.00,0.00,0.00,0.00,0.00,0.00,0.00,0.00,0.00,0.00,0.00,0.00,0.00,0.00,0.00,0.00,0.00,0.00,0.00,0.00,0.00,0.00,0.00,0.00,0.00,0.00,0.00,0.00,0.00,0.00,0.00,3,2,1,0,0.00,0.00,0.00,0.00,0.00,0.00,0.00,0.00,0.00,0.00,0.00,0.00,0.00,0.00,0.00,0.00,0.00,0.00,0.00,0.00,0.00,0.00,0.00,0.00,0.00,0.00,0.00,0.00,0.00,0.00,0.00,0.00,0.00,0.00,0.00,0.00,0.00,0.00,0.00,0.00,0.00,0.00,0.00,0.00,0.00,0.00,0.00,0.00,0.00,0.00,0.00,0.00,0.00,4.00,0.00,0.00,0.00,0.00,1995.37
0.00,0.00,0.00,4.55,0.00,0.00,0.00,0.00,0.00,95.45,0.00,88.00,0.00,0.00,0.00,12.00,0.00,0.00,100.00,0.00,0.00,0.00,0.00,2.00,0.00,2.00,0.00,24.00,666156,1135604,1374564,67.36,47860,543272,3737992,183.17,852404,358024,184,619364,101320,7376,28952,0,0,0,0.00,0,0.00,0,0,0.00,26567,7680,36953,0,0,461,0.00,0.00,0.00,0,0.00,0.00,0.00,0.00,0.00,0.00,2.00,0.00,12.00,6.00,0.00,48.00,0.00,0.00,185.00,0.00,262.19,0.00,0.00,0.00,0.00,0.00,0.00,0.00,0.00,0.00,0.00,0.00,0.00,0.00,0.00,0.00,0.00,0.00,0.00,0.00,0.00,0.00,0.00,0.00,0.00,0.00,0.00,0.00,0.00,0.00,0.00,0.00,723,3,5,0,0,0,180.00,0.00,4.00,0.00,180.00,4.00,0.00,0.00,0.00,0.00,0.00,0.00,0.00,0.00,0.00,0.00,0.00,0.00,0.00,0.00,0.00,0.00,0.00,0.00,0.00,0.00,0.00,0.00,0.00,0.00,0.00,0.00,0.00,0.00,0.00,0.00,0.00,0.00,0.00,0.00,0.00,0.00,0.00,0.00,4.00,0.00,0.00,0.00,0.00,0.00,0.00,0.00,0.00,0.00,0.00,3,2,1,0,0.00,0.00,0.00,0.00,0.00,0.00,0.00,0.00,0.00,0.00,0.00,0.00,0.00,0.00,0.00,0.00,0.00,0.00,0.00,0.00,0.00,0.00,0.00,0.00,0.00,0.00,0.00,0.00,0.00,0.00,0.00,0.00,0.00,0.00,0.00,0.00,0.00,0.00,0.00,0.00,0.00,0.00,0.00,0.00,0.00,0.00,0.00,0.00,0.00,0.00,0.00,0.00,0.00,185.00,0.00,0.00,0.00,0.00,1995.37
1.00,0.00,0.50,0.00,0.00,0.00,0.00,0.00,0.00,98.51,0.00,72.00,0.00,0.00,0.00,0.00,0.00,0.00,1812.00,0.00,0.00,0.00,0.00,0.00,0.00,0.00,0.00,0.00,666156,1135604,1374564,67.36,47860,543288,3737992,183.17,852404,358024,200,619364,101320,7376,28952,0,0,0,0.00,0,0.00,0,0,0.00,26567,7680,36953,0,0,461,0.00,0.00,0.00,0,0.00,0.00,0.00,0.00,0.00,0.00,0.00,0.00,0.00,0.00,0.00,0.00,0.00,0.00,3695.00,0.00,5369.13,0.00,0.00,0.00,0.00,0.00,0.00,0.00,0.00,1.00,0.00,0.00,0.00,0.00,0.00,0.00,0.00,0.00,0.00,0.00,0.00,0.00,0.00,0.00,0.00,0.00,0.00,0.00,0.00,0.00,0.00,0.00,723,3,5,0,0,0,3690.00,0.00,82.00,0.00,3690.00,82.00,0.00,0.00,0.00,0.00,0.00,0.00,0.00,0.00,0.00,0.00,0.00,0.00,0.00,0.00,0.00,0.00,0.00,0.00,0.00,0.00,0.00,0.00,0.00,0.00,0.00,0.00,0.00,0.00,0.00,0.00,0.00,0.00,0.00,0.00,0.00,0.00,0.00,0.00,83.00,0.00,0.00,0.00,0.00,0.00,0.00,0.00,0.00,0.00,0.00,3,2,1,0,0.00,0.00,0.00,0.00,0.00,0.00,0.00,0.00,0.00,0.00,0.00,0.00,0.00,0.00,0.00,0.00,0.00,0.00,0.00,0.00,0.00,0.00,0.00,0.00,0.00,0.00,0.00,0.00,0.00,0.00,0.00,0.00,0.00,0.00,0.00,0.00,0.00,0.00,0.00,0.00,0.00,0.00,0.00,0.00,0.00,0.00,0.00,0.00,0.00,0.00,0.00,0.00,0.00,3785.00,0.00,0.00,0.00,0.00,1995.37
0.00,0.00,0.00,0.00,0.00,0.00,0.50,0.00,0.00,99.50,0.00,61.00,0.00,0.00,0.00,0.00,0.00,0.00,540.00,0.00,0.00,0.00,0.00,0.00,0.00,0.00,0.00,0.00,666060,1135564,1374660,67.36,47860,543304,3737992,183.17,852404,358080,216,619364,101320,7376,28952,0,0,0,0.00,0,0.00,0,0,0.00,26567,7680,36953,0,0,461,0.00,0.00,0.00,0,0.00,0.00,0.00,0.00,0.00,0.00,0.00,0.00,0.00,0.00,0.00,0.00,0.00,0.00,957.00,0.00,1375.65,0.00,0.00,0.00,0.00,0.00,0.00,0.00,0.00,0.00,0.00,0.00,0.00,0.00,0.00,0.00,0.00,0.00,0.00,0.00,0.00,0.00,0.00,0.00,0.00,0.00,0.00,0.00,0.00,0.00,0.00,0.00,723,3,5,0,0,0,945.00,0.00,21.00,0.00,945.00,21.00,0.00,0.00,0.00,0.00,0.00,0.00,0.00,0.00,0.00,0.00,0.00,0.00,0.00,0.00,0.00,0.00,0.00,0.00,0.00,0.00,0.00,0.00,0.00,0.00,0.00,0.00,0.00,0.00,0.00,0.00,0.00,0.00,0.00,0.00,0.00,0.00,0.00,0.00,20.00,0.00,0.00,0.00,0.00,0.00,0.00,0.00,0.00,0.00,0.00,3,2,1,0,0.00,0.00,0.00,0.00,0.00,0.00,0.00,0.00,0.00,0.00,0.00,0.00,0.00,0.00,0.00,0.00,0.00,0.00,0.00,0.00,0.00,0.00,0.00,0.00,0.00,0.00,0.00,0.00,0.00,0.00,0.00,0.00,0.00,0.00,0.00,0.00,0.00,0.00,0.00,0.00,0.00,0.00,0.00,0.00,0.00,0.00,0.00,0.00,0.00,0.00,0.00,0.00,0.00,867.00,0.00,0.00,0.00,0.00,1995.37
0.00,0.00,0.50,0.00,0.00,0.00,0.00,0.00,0.00,99.50,0.00,45.00,0.00,0.00,0.00,0.00,0.00,0.00,28.00,0.00,0.00,0.00,0.00,0.00,0.00,0.00,0.00,0.00,666124,1135632,1374596,67.36,47860,543316,3737992,183.17,852404,358080,228,619364,101324,7376,28952,0,0,0,0.00,0,0.00,0,0,0.00,26567,7680,36953,0,0,461,0.00,0.00,0.00,0,0.00,0.00,0.00,0.00,0.00,0.00,0.00,0.00,0.00,0.00,0.00,0.00,0.00,0.00,53.00,0.00,65.94,0.00,0.00,0.00,0.00,0.00,0.00,0.00,0.00,1.00,0.00,0.00,0.00,0.00,0.00,0.00,0.00,0.00,0.00,0.00,0.00,0.00,0.00,0.00,0.00,0.00,0.00,0.00,0.00,0.00,0.00,0.00,723,3,5,0,0,0,45.00,0.00,1.00,0.00,45.00,1.00,0.00,0.00,0.00,0.00,0.00,0.00,0.00,0.00,0.00,0.00,0.00,0.00,0.00,0.00,0.00,0.00,0.00,0.00,0.00,0.00,0.00,0.00,0.00,0.00,0.00,0.00,0.00,0.00,0.00,0.00,0.00,0.00,0.00,0.00,0.00,0.00,0.00,0.00,1.00,0.00,0.00,0.00,0.00,0.00,0.00,0.00,0.00,0.00,0.00,3,2,1,0,0.00,0.00,0.00,0.00,0.00,0.00,0.00,0.00,0.00,0.00,0.00,0.00,0.00,0.00,0.00,0.00,0.00,0.00,0.00,0.00,0.00,0.00,0.00,0.00,0.00,0.00,0.00,0.00,0.00,0.00,0.00,0.00,0.00,0.00,0.00,0.00,0.00,0.00,0.00,0.00,0.00,0.00,0.00,0.00,0.00,0.00,0.00,0.00,0.00,0.00,0.00,0.00,0.00,53.00,0.00,0.00,0.00,0.00,1995.37
0.50,0.00,0.00,0.00,0.00,0.00,0.00,0.00,0.00,99.50,0.00,69.00,0.00,0.00,0.00,0.00,0.00,0.00,76.00,0.00,0.00,0.00,0.00,0.00,0.00,0.00,0.00,0.00,666092,1135600,1374628,67.36,47860,543332,3737992,183.17,852404,358080,244,619364,101324,7376,28952,0,0,0,0.00,0,0.00,0,0,0.00,26567,7680,36953,0,0,461,0.00,0.00,0.00,0,0.00,0.00,0.00,0.00,0.00,0.00,0.00,0.00,0.00,0.00,0.00,0.00,0.00,0.00,143.00,0.00,196.89,0.00,0.00,0.00,0.00,0.00,0.00,0.00,0.00,0.00,0.00,0.00,0.00,0.00,0.00,0.00,0.00,0.00,0.00,0.00,0.00,0.00,0.00,0.00,0.00,0.00,0.00,0.00,0.00,0.00,0.00,0.00,723,3,5,0,0,0,135.00,0.00,3.00,0.00,135.00,3.00,0.00,0.00,0.00,0.00,0.00,0.00,0.00,0.00,0.00,0.00,0.00,0.00,0.00,0.00,0.00,0.00,0.00,0.00,0.00,0.00,0.00,0.00,0.00,0.00,0.00,0.00,0.00,0.00,0.00,0.00,0.00,0.00,0.00,0.00,0.00,0.00,0.00,0.00,3.00,0.00,0.00,0.00,0.00,0.00,0.00,0.00,0.00,0.00,0.00,3,2,1,0,0.00,0.00,0.00,0.00,0.00,0.00,0.00,0.00,0.00,0.00,0.00,0.00,0.00,0.00,0.00,0.00,0.00,0.00,0.00,0.00,0.00,0.00,0.00,0.00,0.00,0.00,0.00,0.00,0.00,0.00,0.00,0.00,0.00,0.00,0.00,0.00,0.00,0.00,0.00,0.00,0.00,0.00,0.00,0.00,0.00,0.00,0.00,0.00,0.00,0.00,0.00,0.00,0.00,143.00,0.00,0.00,0.00,0.00,1995.37
0.00,0.00,0.00,1.00,0.00,0.00,0.00,0.00,0.00,99.00,0.00,56.00,0.00,0.00,0.00,12.00,0.00,0.00,6.00,0.00,0.00,0.00,0.00,2.00,0.00,2.00,0.00,24.00,665968,1135476,1374752,67.37,47868,543340,3737992,183.17,852404,358080,260,619364,101324,7376,28952,0,0,0,0.00,0,0.00,0,0,0.00,26567,7680,36953,0,0,461,0.00,0.00,0.00,0,0.00,0.00,0.00,0.00,0.00,0.00,2.00,0.00,12.00,6.00,0.00,8.00,0.00,0.00,7.00,0.00,0.41,0.00,0.00,0.00,0.00,0.00,0.00,0.00,0.00,1.00,0.00,0.00,0.00,0.00,0.00,0.00,0.00,0.00,0.00,0.00,0.00,0.00,0.00,0.00,0.00,0.00,0.00,0.00,0.00,0.00,0.00,0.00,723,3,5,0,0,0,0.00,0.00,0.00,0.00,0.00,0.00,0.00,0.00,0.00,0.00,0.00,0.00,0.00,0.00,0.00,0.00,0.00,0.00,0.00,0.00,0.00,0.00,0.00,0.00,0.00,0.00,0.00,0.00,0.00,0.00,0.00,0.00,0.00,0.00,0.00,0.00,0.00,0.00,0.00,0.00,0.00,0.00,0.00,0.00,0.00,0.00,0.00,0.00,0.00,0.00,0.00,0.00,0.00,0.00,0.00,3,2,1,0,0.00,0.00,0.00,0.00,0.00,0.00,0.00,0.00,0.00,0.00,0.00,0.00,0.00,0.00,0.00,0.00,0.00,0.00,0.00,0.00,0.00,0.00,0.00,0.00,0.00,0.00,0.00,0.00,0.00,0.00,0.00,0.00,0.00,0.00,0.00,0.00,0.00,0.00,0.00,0.00,0.00,0.00,0.00,0.00,0.00,0.00,0.00,0.00,0.00,0.00,0.00,0.00,0.00,7.00,0.00,0.00,0.00,0.00,1995.37
0.00,0.00,0.50,0.00,0.00,0.00,0.00,0.00,0.00,99.50,0.00,62.00,0.00,0.00,0.00,0.00,0.00,0.00,356.00,0.00,0.00,0.00,0.00,0.00,0.00,0.00,0.00,0.00,665968,1135532,1374752,67.37,47868,543364,3737992,183.17,852404,358136,276,619364,101324,7376,28952,0,0,0,0.00,0,0.00,0,0,0.00,26567,7680,36953,0,0,461,0.00,0.00,0.00,0,0.00,0.00,0.00,0.00,0.00,0.00,0.00,0.00,0.00,0.00,0.00,0.00,0.00,0.00,686.00,0.00,982.75,0.00,0.00,0.00,0.00,0.00,0.00,0.00,0.00,0.00,0.00,0.00,0.00,0.00,0.00,0.00,0.00,0.00,0.00,0.00,0.00,0.00,0.00,0.00,0.00,0.00,0.00,0.00,0.00,0.00,0.00,0.00,723,3,5,0,0,0,675.00,0.00,15.00,0.00,675.00,15.00,0.00,0.00,0.00,0.00,0.00,0.00,0.00,0.00,0.00,0.00,0.00,0.00,0.00,0.00,0.00,0.00,0.00,0.00,0.00,0.00,0.00,0.00,0.00,0.00,0.00,0.00,0.00,0.00,0.00,0.00,0.00,0.00,0.00,0.00,0.00,0.00,0.00,0.00,15.00,0.00,0.00,0.00,0.00,0.00,0.00,0.00,0.00,0.00,0.00,3,2,1,0,0.00,0.00,0.00,0.00,0.00,0.00,0.00,0.00,0.00,0.00,0.00,0.00,0.00,0.00,0.00,0.00,0.00,0.00,0.00,0.00,0.00,0.00,0.00,0.00,0.00,0.00,0.00,0.00,0.00,0.00,0.00,0.00,0.00,0.00,0.00,0.00,0.00,0.00,0.00,0.00,0.00,0.00,0.00,0.00,0.00,0.00,0.00,0.00,0.00,0.00,0.00,0.00,0.00,686.00,0.00,0.00,0.00,0.00,1995.37
0.50,0.00,0.50,0.00,0.00,0.00,0.00,0.00,0.00,99.00,0.00,75.00,0.00,0.00,0.00,0.00,0.00,0.00,1500.00,0.00,0.00,0.00,0.00,0.00,0.00,0.00,0.00,0.00,665968,1135532,1374752,67.37,47868,543380,3737992,183.17,852404,358136,292,619364,101324,7376,28952,0,0,0,0.00,0,0.00,0,0,0.00,26567,7680,36953,0,0,461,0.00,0.00,0.00,0,0.00,0.00,0.00,0.00,0.00,0.00,0.00,0.00,0.00,0.00,0.00,0.00,0.00,0.00,2976.00,0.00,4321.64,0.00,0.00,0.00,0.00,0.00,0.00,0.00,0.00,3.00,0.00,0.00,0.00,0.00,0.00,0.00,0.00,0.00,0.00,0.00,0.00,0.00,0.00,0.00,0.00,0.00,0.00,0.00,0.00,0.00,0.00,0.00,723,3,5,0,0,0,2970.00,0.00,66.00,0.00,2970.00,66.00,0.00,0.00,0.00,0.00,0.00,0.00,0.00,0.00,0.00,0.00,0.00,0.00,0.00,0.00,0.00,0.00,0.00,0.00,0.00,0.00,0.00,0.00,0.00,0.00,0.00,0.00,0.00,0.00,0.00,0.00,0.00,0.00,0.00,0.00,0.00,0.00,0.00,0.00,66.00,0.00,0.00,0.00,0.00,0.00,0.00,0.00,0.00,0.00,0.00,3,2,1,0,0.00,0.00,0.00,0.00,0.00,0.00,0.00,0.00,0.00,0.00,0.00,0.00,0.00,0.00,0.00,0.00,0.00,0.00,0.00,0.00,0.00,0.00,0.00,0.00,0.00,0.00,0.00,0.00,0.00,0.00,0.00,0.00,0.00,0.00,0.00,0.00,0.00,0.00,0.00,0.00,0.00,0.00,0.00,0.00,0.00,0.00,0.00,0.00,0.00,0.00,0.00,0.00,0.00,2976.00,0.00,0.00,0.00,0.00,1995.37
0.00,0.00,0.00,0.00,0.00,0.00,0.00,0.00,0.00,100.00,0.00,53.00,0.00,0.00,0.00,0.00,0.00,0.00,52.00,0.00,0.00,0.00,0.00,0.00,0.00,0.00,0.00,0.00,665904,1135468,1374816,67.37,47868,543396,3737992,183.17,852404,358136,308,619364,101324,7376,28952,0,0,0,0.00,0,0.00,0,0,0.00,26567,7680,36953,0,0,461,0.00,0.00,0.00,0,0.00,0.00,0.00,0.00,0.00,0.00,0.00,0.00,0.00,0.00,0.00,0.00,0.00,0.00,93.00,0.00,131.12,0.00,0.00,0.00,0.00,0.00,0.00,0.00,0.00,0.00,0.00,0.00,0.00,0.00,0.00,0.00,0.00,0.00,0.00,0.00,0.00,0.00,0.00,0.00,0.00,0.00,0.00,0.00,0.00,0.00,0.00,0.00,723,3,5,0,0,0,90.00,0.00,2.00,0.00,90.00,2.00,0.00,0.00,0.00,0.00,0.00,0.00,0.00,0.00,0.00,0.00,0.00,0.00,0.00,0.00,0.00,0.00,0.00,0.00,0.00,0.00,0.00,0.00,0.00,0.00,0.00,0.00,0.00,0.00,0.00,0.00,0.00,0.00,0.00,0.00,0.00,0.00,0.00,0.00,2.00,0.00,0.00,0.00,0.00,0.00,0.00,0.00,0.00,0.00,0.00,3,2,1,0,0.00,0.00,0.00,0.00,0.00,0.00,0.00,0.00,0.00,0.00,0.00,0.00,0.00,0.00,0.00,0.00,0.00,0.00,0.00,0.00,0.00,0.00,0.00,0.00,0.00,0.00,0.00,0.00,0.00,0.00,0.00,0.00,0.00,0.00,0.00,0.00,0.00,0.00,0.00,0.00,0.00,0.00,0.00,0.00,0.00,0.00,0.00,0.00,0.00,0.00,0.00,0.00,0.00,93.00,0.00,0.00,0.00,0.00,1995.37
0.00,0.00,0.50,0.00,0.00,0.00,0.00,0.00,0.00,99.50,0.00,46.00,0.00,0.00,0.00,0.00,0.00,0.00,596.00,0.00,0.00,0.00,0.00,0.00,0.00,0.00,0.00,0.00,665968,1135532,1374752,67.37,47868,543412,3737992,183.17,852404,358136,324,619364,101324,7376,28952,0,0,0,0.00,0,0.00,0,0,0.00,26567,7680,36953,0,0,461,0.00,0.00,0.00,0,0.00,0.00,0.00,0.00,0.00,0.00,0.00,0.00,0.00,0.00,0.00,0.00,0.00,0.00,1219.00,0.00,1768.02,0.00,0.00,0.00,0.00,0.00,0.00,0.00,0.00,1.00,0.00,0.00,0.00,0.00,0.00,0.00,0.00,0.00,0.00,0.00,0.00,0.00,0.00,0.00,0.00,0.00,0.00,0.00,0.00,0.00,0.00,0.00,723,3,5,0,0,0,1215.00,0.00,27.00,0.00,1215.00,27.00,0.00,0.00,0.00,0.00,0.00,0.00,0.00,0.00,0.00,0.00,0.00,0.00,0.00,0.00,0.00,0.00,0.00,0.00,0.00,0.00,0.00,0.00,0.00,0.00,0.00,0.00,0.00,0.00,0.00,0.00,0.00,0.00,0.00,0.00,0.00,0.00,0.00,0.00,28.00,0.00,0.00,0.00,0.00,0.00,0.00,0.00,0.00,0.00,0.00,3,2,1,0,0.00,0.00,0.00,0.00,0.00,0.00,0.00,0.00,0.00,0.00,0.00,0.00,0.00,0.00,0.00,0.00,0.00,0.00,0.00,0.00,0.00,0.00,0.00,0.00,0.00,0.00,0.00,0.00,0.00,0.00,0.00,0.00,0.00,0.00,0.00,0.00,0.00,0.00,0.00,0.00,0.00,0.00,0.00,0.00,0.00,0.00,0.00,0.00,0.00,0.00,0.00,0.00,0.00,1309.00,0.00,0.00,0.00,0.00,1995.37
0.00,0.00,0.50,2.01,0.00,0.00,0.00,0.00,0.00,97.49,0.00,96.00,0.00,0.00,0.00,12.00,0.00,0.00,1037.00,0.00,0.00,0.00,0.00,2.00,0.00,2.00,0.00,24.00,666028,1135648,1374692,67.36,47876,543428,3737992,183.17,852404,358192,340,619364,101324,7376,28952,0,0,0,0.00,0,0.00,0,0,0.00,26567,7680,36953,0,0,461,0.00,0.00,0.00,0,0.00,0.00,0.00,0.00,0.00,0.00,2.00,0.00,12.00,6.00,0.00,26.00,0.00,0.00,2031.00,0.00,2946.67,0.00,0.00,0.00,0.00,0.00,0.00,0.00,0.00,0.00,0.00,0.00,0.00,0.00,0.00,0.00,0.00,0.00,0.00,0.00,0.00,0.00,0.00,0.00,0.00,0.00,0.00,0.00,0.00,0.00,0.00,0.00,723,3,5,0,0,0,2025.00,0.00,45.00,0.00,2025.00,45.00,0.00,0.00,0.00,0.00,0.00,0.00,0.00,0.00,0.00,0.00,0.00,0.00,0.00,0.00,0.00,0.00,0.00,0.00,0.00,0.00,0.00,0.00,0.00,0.00,0.00,0.00,0.00,0.00,0.00,0.00,0.00,0.00,0.00,0.00,0.00,0.00,0.00,0.00,44.00,0.00,0.00,0.00,0.00,0.00,0.00,0.00,0.00,0.00,0.00,3,2,1,0,0.00,0.00,0.00,0.00,0.00,0.00,0.00,0.00,0.00,0.00,0.00,0.00,0.00,0.00,0.00,0.00,0.00,0.00,0.00,0.00,0.00,0.00,0.00,0.00,0.00,0.00,0.00,0.00,0.00,0.00,0.00,0.00,0.00,0.00,0.00,0.00,0.00,0.00,0.00,0.00,0.00,0.00,0.00,0.00,0.00,0.00,0.00,0.00,0.00,0.00,0.00,0.00,0.00,1941.00,0.00,0.00,0.00,0.00,1995.37
0.50,0.00,0.00,0.00,0.00,0.00,0.50,0.00,0.00,99.00,0.00,57.00,0.00,0.00,0.00,0.00,0.00,0.00,1156.00,0.00,0.00,0.00,0.00,0.00,0.00,0.00,0.00,0.00,666028,1135648,1374692,67.36,47876,543440,3737992,183.17,852404,358192,352,619364,101324,7376,28952,0,0,0,0.00,0,0.00,0,0,0.00,26567,7680,36953,0,0,461,0.00,0.00,0.00,0,0.00,0.00,0.00,0.00,0.00,0.00,0.00,0.00,0.00,0.00,0.00,0.00,0.00,0.00,2299.00,0.00,3339.70,0.00,0.00,0.00,0.00,0.00,0.00,0.00,0.00,2.00,0.00,0.00,0.00,0.00,0.00,0.00,0.00,0.00,0.00,0.00,0.00,0.00,0.00,0.00,0.00,0.00,0.00,0.00,0.00,0.00,0.00,0.00,723,3,5,0,0,0,2295.00,0.00,51.00,0.00,2295.00,51.00,0.00,0.00,0.00,0.00,0.00,0.00,0.00,0.00,0.00,0.00,0.00,0.00,0.00,0.00,0.00,0.00,0.00,0.00,0.00,0.00,0.00,0.00,0.00,0.00,0.00,0.00,0.00,0.00,0.00,0.00,0.00,0.00,0.00,0.00,0.00,0.00,0.00,0.00,51.00,0.00,0.00,0.00,0.00,0.00,0.00,0.00,0.00,0.00,0.00,3,2,1,0,0.00,0.00,0.00,0.00,0.00,0.00,0.00,0.00,0.00,0.00,0.00,0.00,0.00,0.00,0.00,0.00,0.00,0.00,0.00,0.00,0.00,0.00,0.00,0.00,0.00,0.00,0.00,0.00,0.00,0.00,0.00,0.00,0.00,0.00,0.00,0.00,0.00,0.00,0.00,0.00,0.00,0.00,0.00,0.00,0.00,0.00,0.00,0.00,0.00,0.00,0.00,0.00,0.00,2299.00,0.00,0.00,0.00,0.00,1995.37
0.00,0.00,0.00,0.00,0.00,0.00,0.00,0.00,0.00,100.00,0.00,30.00,0.00,0.00,0.00,0.00,0.00,0.00,4.00,0.00,0.00,0.00,0.00,0.00,0.00,0.00,0.00,0.00,666028,1135648,1374692,67.36,47876,543456,3737992,183.17,852404,358192,368,619364,101324,7376,28952,0,0,0,0.00,0,0.00,0,0,0.00,26567,7680,36953,0,0,461,0.00,0.00,0.00,0,0.00,0.00,0.00,0.00,0.00,0.00,0.00,0.00,0.00,0.00,0.00,0.00,0.00,0.00,2.00,1.00,0.12,0.04,0.00,0.00,0.00,0.00,0.00,0.00,0.00,0.00,0.00,0.00,0.00,0.00,0.00,0.00,0.00,0.00,0.00,0.00,0.00,0.00,0.00,0.00,0.00,0.00,0.00,0.00,0.00,0.00,0.00,0.00,723,3,5,0,0,0,0.00,0.00,0.00,0.00,0.00,0.00,0.00,0.00,0.00,0.00,0.00,0.00,0.00,0.00,0.00,0.00,0.00,0.00,0.00,0.00,0.00,0.00,0.00,0.00,0.00,0.00,0.00,0.00,0.00,0.00,0.00,0.00,0.00,0.00,0.00,0.00,0.00,0.00,0.00,0.00,0.00,0.00,0.00,0.00,0.00,0.00,0.00,0.00,0.00,0.00,0.00,0.00,0.00,0.00,0.00,3,2,1,0,0.00,0.00,0.00,0.00,0.00,0.00,0.00,0.00,0.00,0.00,0.00,0.00,0.00,0.00,0.00,0.00,0.00,0.00,0.00,0.00,0.00,0.00,0.00,0.00,0.00,0.00,0.00,0.00,0.00,0.00,0.00,0.00,0.00,0.00,0.00,0.00,0.00,0.00,0.00,0.00,0.00,0.00,0.00,0.00,0.00,0.00,0.00,0.00,0.00,0.00,0.00,0.00,0.00,2.00,0.00,0.00,0.00,0.00,1995.37
0.50,0.00,0.00,0.00,0.00,0.00,0.50,0.00,0.00,99.00,0.00,38.00,0.00,0.00,0.00,0.00,0.00,0.00,1140.00,0.00,0.00,0.00,0.00,0.00,0.00,0.00,0.00,0.00,666000,1135620,1374720,67.36,47876,543456,3737992,183.17,852404,358192,368,619364,101324,7376,28952,0,0,0,0.00,0,0.00,0,0,0.00,26567,7680,36953,0,0,461,0.00,0.00,0.00,0,0.00,0.00,0.00,0.00,0.00,0.00,0.00,0.00,0.00,0.00,0.00,0.00,0.00,0.00,2251.00,0.00,3273.74,0.00,0.00,0.00,0.00,0.00,0.00,0.00,0.00,1.00,0.00,0.00,0.00,0.00,0.00,0.00,0.00,0.00,0.00,0.00,0.00,0.00,0.00,0.00,0.00,0.00,0.00,0.00,0.00,0.00,0.00,0.00,723,3,5,0,0,0,2250.00,0.00,50.00,0.00,2250.00,50.00,0.00,0.00,0.00,0.00,0.00,0.00,0.00,0.00,0.00,0.00,0.00,0.00,0.00,0.00,0.00,0.00,0.00,0.00,0.00,0.00,0.00,0.00,0.00,0.00,0.00,0.00,0.00,0.00,0.00,0.00,0.00,0.00,0.00,0.00,0.00,0.00,0.00,0.00,50.00,0.00,0.00,0.00,0.00,0.00,0.00,0.00,0.00,0.00,0.00,3,2,1,0,0.00,0.00,0.00,0.00,0.00,0.00,0.00,0.00,0.00,0.00,0.00,0.00,0.00,0.00,0.00,0.00,0.00,0.00,0.00,0.00,0.00,0.00,0.00,0.00,0.00,0.00,0.00,0.00,0.00,0.00,0.00,0.00,0.00,0.00,0.00,0.00,0.00,0.00,0.00,0.00,0.00,0.00,0.00,0.00,0.00,0.00,0.00,0.00,0.00,0.00,0.00,0.00,0.00,2251.00,0.00,0.00,0.00,0.00,1995.37
0.50,0.00,0.00,0.00,0.00,0.00,1.00,0.00,0.00,98.50,0.00,82.00,0.00,0.00,0.00,0.00,0.00,0.00,2620.00,0.00,0.00,0.00,0.00,0.00,0.00,0.00,0.00,0.00,665968,1135644,1374752,67.37,47876,543488,3737992,183.17,852404,358248,400,619364,101328,7376,28952,0,0,0,0.00,0,0.00,0,0,0.00,26567,7680,36953,0,0,461,0.00,0.00,0.00,0,0.00,0.00,0.00,0.00,0.00,0.00,0.00,0.00,0.00,0.00,0.00,0.00,0.00,0.00,5225.00,0.00,7595.23,0.00,0.00,0.00,0.00,0.00,0.00,0.00,0.00,0.00,0.00,0.00,0.00,0.00,0.00,0.00,0.00,0.00,0.00,0.00,0.00,0.00,0.00,0.00,0.00,0.00,0.00,0.00,0.00,0.00,0.00,0.00,723,3,5,0,0,0,5220.00,0.00,116.00,0.00,5220.00,116.00,0.00,0.00,0.00,0.00,0.00,0.00,0.00,0.00,0.00,0.00,0.00,0.00,0.00,0.00,0.00,0.00,0.00,0.00,0.00,0.00,0.00,0.00,0.00,0.00,0.00,0.00,0.00,0.00,0.00,0.00,0.00,0.00,0.00,0.00,0.00,0.00,0.00,0.00,116.00,0.00,0.00,0.00,0.00,0.00,0.00,0.00,0.00,0.00,0.00,3,2,1,0,0.00,0.00,0.00,0.00,0.00,0.00,0.00,0.00,0.00,0.00,0.00,0.00,0.00,0.00,0.00,0.00,0.00,0.00,0.00,0.00,0.00,0.00,0.00,0.00,0.00,0.00,0.00,0.00,0.00,0.00,0.00,0.00,0.00,0.00,0.00,0.00,0.00,0.00,0.00,0.00,0.00,0.00,0.00,0.00,0.00,0.00,0.00,0.00,0.00,0.00,0.00,0.00,0.00,5225.00,0.00,0.00,0.00,0.00,1995.37
0.00,0.00,0.50,6.50,0.00,0.00,0.00,0.00,0.00,93.00,0.00,77.00,0.00,0.00,0.00,12.00,1.00,0.00,14.00,0.00,0.00,0.00,0.00,2.00,0.00,2.00,0.00,24.00,666000,1135708,1374720,67.36,47884,543504,3737992,183.17,852404,358280,416,619368,101328,7376,28952,0,0,0,0.00,0,0.00,0,0,0.00,26567,7680,36953,0,0,461,0.00,0.00,0.00,0,0.00,0.00,0.00,0.00,0.00,0.00,2.00,0.00,12.00,6.00,0.00,68.00,0.00,0.00,6.00,0.00,0.35,0.00,0.00,0.00,0.00,0.00,0.00,0.00,0.00,1.00,0.00,0.00,0.00,0.00,0.00,0.00,0.00,0.00,0.00,0.00,0.00,0.00,0.00,0.00,0.00,0.00,0.00,0.00,0.00,0.00,0.00,0.00,723,3,5,0,0,0,0.00,0.00,0.00,0.00,0.00,0.00,0.00,0.00,0.00,0.00,0.00,0.00,0.00,0.00,0.00,0.00,0.00,0.00,0.00,0.00,0.00,0.00,0.00,0.00,0.00,0.00,0.00,0.00,0.00,0.00,0.00,0.00,0.00,0.00,0.00,0.00,0.00,0.00,0.00,0.00,0.00,0.00,0.00,0.00,0.00,0.00,0.00,0.00,0.00,0.00,0.00,0.00,0.00,0.00,0.00,3,2,1,0,0.00,0.00,0.00,0.00,0.00,0.00,0.00,0.00,0.00,0.00,0.00,0.00,0.00,0.00,0.00,0.00,0.00,0.00,0.00,0.00,0.00,0.00,0.00,0.00,0.00,0.00,0.00,0.00,0.00,0.00,0.00,0.00,0.00,0.00,0.00,0.00,0.00,0.00,0.00,0.00,0.00,0.00,0.00,0.00,0.00,0.00,0.00,0.00,0.00,0.00,0.00,0.00,0.00,6.00,0.00,0.00,0.00,0.00,1995.37
0.00,0.00,0.50,0.00,0.00,0.00,0.00,0.00,0.00,99.50,0.00,59.00,0.00,0.00,0.00,0.00,0.00,0.00,1019.00,0.00,0.00,0.00,0.00,0.00,0.00,0.00,0.00,0.00,665968,1135676,1374752,67.37,47884,543520,3737992,183.17,852404,358280,432,619368,101328,7376,28952,0,0,0,0.00,0,0.00,0,0,0.00,26567,7680,36953,0,0,461,0.00,0.00,0.00,0,0.00,0.00,0.00,0.00,0.00,0.00,0.00,0.00,0.00,0.00,0.00,0.00,0.00,0.00,2029.00,0.00,2946.55,0.00,0.00,0.00,0.00,0.00,0.00,0.00,0.00,0.00,0.00,0.00,0.00,0.00,0.00,0.00,0.00,0.00,0.00,0.00,0.00,0.00,0.00,0.00,0.00,0.00,0.00,0.00,0.00,0.00,0.00,0.00,723,3,5,0,0,0,2025.00,0.00,45.00,0.00,2025.00,45.00,0.00,0.00,0.00,0.00,0.00,0.00,0.00,0.00,0.00,0.00,0.00,0.00,0.00,0.00,0.00,0.00,0.00,0.00,0.00,0.00,0.00,0.00,0.00,0.00,0.00,0.00,0.00,0.00,0.00,0.00,0.00,0.00,0.00,0.00,0.00,0.00,0.00,0.00,45.00,0.00,0.00,0.00,0.00,0.00,0.00,0.00,0.00,0.00,0.00,3,2,1,0,0.00,0.00,0.00,0.00,0.00,0.00,0.00,0.00,0.00,0.00,0.00,0.00,0.00,0.00,0.00,0.00,0.00,0.00,0.00,0.00,0.00,0.00,0.00,0.00,0.00,0.00,0.00,0.00,0.00,0.00,0.00,0.00,0.00,0.00,0.00,0.00,0.00,0.00,0.00,0.00,0.00,0.00,0.00,0.00,0.00,0.00,0.00,0.00,0.00,0.00,0.00,0.00,0.00,2029.00,0.00,0.00,0.00,0.00,1995.37
0.00,0.00,0.00,0.00,0.00,0.00,0.50,0.00,0.00,99.50,0.00,63.00,0.00,0.00,0.00,0.00,0.00,0.00,2059.00,0.00,0.00,0.00,0.00,0.00,0.00,0.00,0.00,0.00,666032,1135740,1374688,67.36,47884,543536,3737992,183.17,852404,358280,448,619368,101328,7376,28952,0,0,0,0.00,0,0.00,0,0,0.00,26567,7680,36953,0,0,461,0.00,0.00,0.00,0,0.00,0.00,0.00,0.00,0.00,0.00,0.00,0.00,0.00,0.00,0.00,0.00,0.00,0.00,4099.00,0.00,5958.33,0.00,0.00,0.00,0.00,0.00,0.00,0.00,0.00,1.00,0.00,0.00,0.00,0.00,0.00,0.00,0.00,0.00,0.00,0.00,0.00,0.00,0.00,0.00,0.00,0.00,0.00,0.00,0.00,0.00,0.00,0.00,723,3,5,0,0,0,4095.00,0.00,91.00,0.00,4095.00,91.00,0.00,0.00,0.00,0.00,0.00,0.00,0.00,0.00,0.00,0.00,0.00,0.00,0.00,0.00,0.00,0.00,0.00,0.00,0.00,0.00,0.00,0.00,0.00,0.00,0.00,0.00,0.00,0.00,0.00,0.00,0.00,0.00,0.00,0.00,0.00,0.00,0.00,0.00,91.00,0.00,0.00,0.00,0.00,0.00,0.00,0.00,0.00,0.00,0.00,3,2,1,0,0.00,0.00,0.00,0.00,0.00,0.00,0.00,0.00,0.00,0.00,0.00,0.00,0.00,0.00,0.00,0.00,0.00,0.00,0.00,0.00,0.00,0.00,0.00,0.00,0.00,0.00,0.00,0.00,0.00,0.00,0.00,0.00,0.00,0.00,0.00,0.00,0.00,0.00,0.00,0.00,0.00,0.00,0.00,0.00,0.00,0.00,0.00,0.00,0.00,0.00,0.00,0.00,0.00,4099.00,0.00,0.00,0.00,0.00,1995.37
0.00,0.00,0.50,0.00,0.00,0.00,0.00,0.00,0.00,99.50,0.00,49.00,0.00,0.00,0.00,0.00,0.00,0.00,12.00,0.00,0.00,0.00,0.00,0.00,0.00,0.00,0.00,0.00,666064,1135772,1374656,67.36,47884,543552,3737992,183.17,852404,358280,464,619368,101328,7376,28952,0,0,0,0.00,0,0.00,0,0,0.00,26567,7680,36953,0,0,461,0.00,0.00,0.00,0,0.00,0.00,0.00,0.00,0.00,0.00,0.00,0.00,0.00,0.00,0.00,0.00,0.00,0.00,8.00,0.00,0.47,0.00,0.00,0.00,0.00,0.00,0.00,0.00,0.00,0.00,0.00,0.00,0.00,0.00,0.00,0.00,0.00,0.00,0.00,0.00,0.00,0.00,0.00,0.00,0.00,0.00,0.00,0.00,0.00,0.00,0.00,0.00,723,3,5,0,0,0,0.00,0.00,0.00,0.00,0.00,0.00,0.00,0.00,0.00,0.00,0.00,0.00,0.00,0.00,0.00,0.00,0.00,0.00,0.00,0.00,0.00,0.00,0.00,0.00,0.00,0.00,0.00,0.00,0.00,0.00,0.00,0.00,0.00,0.00,0.00,0.00,0.00,0.00,0.00,0.00,0.00,0.00,0.00,0.00,0.00,0.00,0.00,0.00,0.00,0.00,0.00,0.00,0.00,0.00,0.00,3,2,1,0,0.00,0.00,0.00,0.00,0.00,0.00,0.00,0.00,0.00,0.00,0.00,0.00,0.00,0.00,0.00,0.00,0.00,0.00,0.00,0.00,0.00,0.00,0.00,0.00,0.00,0.00,0.00,0.00,0.00,0.00,0.00,0.00,0.00,0.00,0.00,0.00,0.00,0.00,0.00,0.00,0.00,0.00,0.00,0.00,0.00,0.00,0.00,0.00,0.00,0.00,0.00,0.00,0.00,8.00,0.00,0.00,0.00,0.00,1995.37
0.00,0.00,0.51,3.54,0.00,0.00,3.54,0.00,0.00,92.42,0.00,315.00,0.00,0.00,0.00,220.00,4.00,0.00,16361.00,0.00,0.00,0.00,0.00,45.00,0.00,45.00,0.00,440.00,676664,1161080,1364056,66.84,47240,555696,3721104,182.34,828780,371468,24,597388,100724,7344,29016,0,0,0,0.00,0,0.00,0,0,0.00,26466,7648,36824,0,0,459,0.00,0.00,0.00,0,0.00,0.00,0.00,0.00,0.00,0.00,45.00,0.00,220.00,4.89,0.36,9.33,1.16,5.20,32272.00,0.00,46945.00,0.00,0.00,0.00,0.00,0.00,0.00,0.00,0.00,0.00,0.00,0.00,0.00,0.00,0.00,0.00,0.00,0.00,0.00,0.00,0.00,0.00,0.00,0.00,0.00,0.00,0.00,0.00,0.00,0.00,0.00,0.00,724,3,5,0,0,0,32265.00,0.00,717.00,0.00,32265.00,717.00,0.00,0.00,0.00,0.00,0.00,0.00,0.00,0.00,0.00,0.00,0.00,0.00,0.00,0.00,0.00,0.00,0.00,0.00,0.00,0.00,0.00,0.00,0.00,0.00,0.00,0.00,0.00,0.00,0.00,0.00,0.00,0.00,0.00,0.00,0.00,0.00,0.00,0.00,717.00,0.00,0.00,0.00,0.00,0.00,0.00,0.00,0.00,0.00,0.00,3,2,1,0,0.00,0.00,0.00,0.00,0.00,0.00,0.00,0.00,0.00,0.00,0.00,0.00,0.00,0.00,0.00,0.00,0.00,0.00,0.00,0.00,0.00,0.00,0.00,0.00,0.00,0.00,0.00,0.00,0.00,0.00,0.00,0.00,0.00,0.00,0.00,0.00,0.00,0.00,0.00,0.00,0.00,0.00,0.00,0.00,0.00,0.00,0.00,0.00,0.00,0.00,0.00,0.00,0.00,32227.00,0.00,0.00,0.00,0.00,1995.37
0.00,0.00,0.00,0.00,0.50,0.00,5.03,0.00,0.00,94.47,0.00,342.00,0.00,0.00,0.00,0.00,3.00,0.00,18219.00,0.00,0.00,0.00,0.00,0.00,0.00,0.00,0.00,0.00,676948,1161364,1363772,66.83,47240,555708,3721104,182.34,828780,371468,36,597392,100724,7344,29016,0,0,0,0.00,0,0.00,0,0,0.00,26466,7648,36824,0,0,459,0.00,0.00,0.00,0,0.00,0.00,0.00,0.00,0.00,0.00,0.00,0.00,0.00,0.00,0.00,0.00,0.00,0.00,36184.00,0.00,52641.04,0.00,0.00,0.00,0.00,0.00,0.00,0.00,0.00,1.00,0.00,0.00,0.00,0.00,0.00,0.00,0.00,0.00,0.00,0.00,0.00,0.00,0.00,0.00,0.00,0.00,0.00,0.00,0.00,0.00,0.00,0.00,724,3,5,0,0,0,36180.00,0.00,804.00,0.00,36180.00,804.00,0.00,0.00,0.00,0.00,0.00,0.00,0.00,0.00,0.00,0.00,0.00,0.00,0.00,0.00,0.00,0.00,0.00,0.00,0.00,0.00,0.00,0.00,0.00,0.00,0.00,0.00,0.00,0.00,0.00,0.00,0.00,0.00,0.00,0.00,0.00,0.00,0.00,0.00,804.00,0.00,0.00,0.00,0.00,0.00,0.00,0.00,0.00,0.00,0.00,3,2,1,0,0.00,0.00,0.00,0.00,0.00,0.00,0.00,0.00,0.00,0.00,0.00,0.00,0.00,0.00,0.00,0.00,0.00,0.00,0.00,0.00,0.00,0.00,0.00,0.00,0.00,0.00,0.00,0.00,0.00,0.00,0.00,0.00,0.00,0.00,0.00,0.00,0.00,0.00,0.00,0.00,0.00,0.00,0.00,0.00,0.00,0.00,0.00,0.00,0.00,0.00,0.00,0.00,0.00,36229.00,0.00,0.00,0.00,0.00,1995.37
0.00,0.00,0.50,0.00,0.00,0.00,5.03,0.00,0.00,94.47,0.00,349.00,0.00,0.00,0.00,0.00,0.00,0.00,19115.00,0.00,0.00,0.00,0.00,0.00,0.00,0.00,0.00,0.00,676884,1161300,1363836,66.83,47240,555724,3721104,182.34,828780,371468,52,597392,100724,7344,29016,0,0,0,0.00,0,0.00,0,0,0.00,26466,7648,36824,0,0,459,0.00,0.00,0.00,0,0.00,0.00,0.00,0.00,0.00,0.00,0.00,0.00,0.00,0.00,0.00,0.00,0.00,0.00,37937.00,0.00,55194.39,0.00,0.00,0.00,0.00,0.00,0.00,0.00,0.00,0.00,0.00,0.00,0.00,0.00,0.00,0.00,0.00,0.00,0.00,0.00,0.00,0.00,0.00,0.00,0.00,0.00,0.00,0.00,0.00,0.00,0.00,0.00,724,3,5,0,0,0,37935.00,0.00,843.00,0.00,37935.00,843.00,0.00,0.00,0.00,0.00,0.00,0.00,0.00,0.00,0.00,0.00,0.00,0.00,0.00,0.00,0.00,0.00,0.00,0.00,0.00,0.00,0.00,0.00,0.00,0.00,0.00,0.00,0.00,0.00,0.00,0.00,0.00,0.00,0.00,0.00,0.00,0.00,0.00,0.00,843.00,0.00,0.00,0.00,0.00,0.00,0.00,0.00,0.00,0.00,0.00,3,2,1,0,0.00,0.00,0.00,0.00,0.00,0.00,0.00,0.00,0.00,0.00,0.00,0.00,0.00,0.00,0.00,0.00,0.00,0.00,0.00,0.00,0.00,0.00,0.00,0.00,0.00,0.00,0.00,0.00,0.00,0.00,0.00,0.00,0.00,0.00,0.00,0.00,0.00,0.00,0.00,0.00,0.00,0.00,0.00,0.00,0.00,0.00,0.00,0.00,0.00,0.00,0.00,0.00,0.00,37937.00,0.00,0.00,0.00,0.00,1995.37
0.50,0.00,0.00,0.00,0.00,0.00,4.52,0.00,0.00,94.97,0.00,349.00,0.00,0.00,0.00,0.00,0.00,0.00,14835.00,0.00,0.00,0.00,0.00,0.00,0.00,0.00,0.00,0.00,676696,1161112,1364024,66.84,47240,555740,3721104,182.34,828780,371468,68,597392,100724,7344,29016,0,0,0,0.00,0,0.00,0,0,0.00,26466,7648,36824,0,0,459,0.00,0.00,0.00,0,0.00,0.00,0.00,0.00,0.00,0.00,0.00,0.00,0.00,0.00,0.00,0.00,0.00,0.00,29524.00,0.00,42950.94,0.00,0.00,0.00,0.00,0.00,0.00,0.00,0.00,1.00,0.00,0.00,0.00,0.00,0.00,0.00,0.00,0.00,0.00,0.00,0.00,0.00,0.00,0.00,0.00,0.00,0.00,0.00,0.00,0.00,0.00,0.00,724,3,5,0,0,0,29520.00,0.00,656.00,0.00,29520.00,656.00,0.00,0.00,0.00,0.00,0.00,0.00,0.00,0.00,0.00,0.00,0.00,0.00,0.00,0.00,0.00,0.00,0.00,0.00,0.00,0.00,0.00,0.00,0.00,0.00,0.00,0.00,0.00,0.00,0.00,0.00,0.00,0.00,0.00,0.00,0.00,0.00,0.00,0.00,656.00,0.00,0.00,0.00,0.00,0.00,0.00,0.00,0.00,0.00,0.00,3,2,1,0,0.00,0.00,0.00,0.00,0.00,0.00,0.00,0.00,0.00,0.00,0.00,0.00,0.00,0.00,0.00,0.00,0.00,0.00,0.00,0.00,0.00,0.00,0.00,0.00,0.00,0.00,0.00,0.00,0.00,0.00,0.00,0.00,0.00,0.00,0.00,0.00,0.00,0.00,0.00,0.00,0.00,0.00,0.00,0.00,0.00,0.00,0.00,0.00,0.00,0.00,0.00,0.00,0.00,29524.00,0.00,0.00,0.00,0.00,1995.37
0.00,0.00,0.50,0.00,0.00,0.00,5.03,0.00,0.00,94.47,0.00,347.52,0.00,0.00,0.00,0.00,0.00,0.00,18791.09,0.00,0.00,0.00,0.00,0.00,0.00,0.00,0.00,0.00,676696,1161168,1364024,66.84,47240,555756,3721104,182.34,828780,371524,84,597392,100728,7344,29016,0,0,0,0.00,0,0.00,0,0,0.00,26466,7648,36824,0,0,459,0.00,0.00,0.00,0,0.00,0.00,0.00,0.00,0.00,0.00,0.00,0.00,0.00,0.00,0.00,0.00,0.00,0.00,37297.03,0.00,54259.13,0.00,0.00,0.00,0.00,0.00,0.00,0.00,0.00,0.00,0.00,0.00,0.00,0.00,0.00,0.00,0.00,0.00,0.00,0.00,0.00,0.00,0.00,0.00,0.00,0.00,0.00,0.00,0.00,0.00,0.00,0.00,724,3,5,0,0,0,37292.08,0.00,828.71,0.00,37292.08,828.71,0.00,0.00,0.00,0.00,0.00,0.00,0.00,0.00,0.00,0.00,0.00,0.00,0.00,0.00,0.00,0.00,0.00,0.00,0.00,0.00,0.00,0.00,0.00,0.00,0.00,0.00,0.00,0.00,0.00,0.00,0.00,0.00,0.00,0.00,0.00,0.00,0.00,0.00,828.71,0.00,0.00,0.00,0.00,0.00,0.00,0.00,0.00,0.00,0.00,3,2,1,0,0.00,0.00,0.00,0.00,0.00,0.00,0.00,0.00,0.00,0.00,0.00,0.00,0.00,0.00,0.00,0.00,0.00,0.00,0.00,0.00,0.00,0.00,0.00,0.00,0.00,0.00,0.00,0.00,0.00,0.00,0.00,0.00,0.00,0.00,0.00,0.00,0.00,0.00,0.00,0.00,0.00,0.00,0.00,0.00,0.00,0.00,0.00,0.00,0.00,0.00,0.00,0.00,0.00,37297.03,0.00,0.00,0.00,0.00,1995.37
0.50,0.00,0.00,2.00,0.50,0.00,4.00,0.00,0.00,93.00,0.00,352.00,0.00,0.00,0.00,52.00,0.00,0.00,14284.00,0.00,0.00,0.00,0.00,2.00,0.00,2.00,0.00,104.00,676760,1161236,1363960,66.84,47248,555772,3721104,182.34,828832,371528,140,597392,100728,7344,29016,0,0,0,0.00,0,0.00,0,0,0.00,26466,7648,36824,0,0,459,0.00,0.00,0.00,0,0.00,0.00,0.00,0.00,0.00,0.00,2.00,0.00,52.00,26.00,0.00,24.00,0.00,0.00,28488.00,0.00,41444.99,0.00,0.00,0.00,0.00,0.00,0.00,0.00,0.00,1.00,0.00,0.00,0.00,0.00,0.00,0.00,0.00,0.00,0.00,0.00,0.00,0.00,0.00,0.00,0.00,0.00,0.00,0.00,0.00,0.00,0.00,0.00,724,3,5,0,0,0,28530.00,0.00,634.00,0.00,28530.00,634.00,0.00,0.00,0.00,0.00,0.00,0.00,0.00,0.00,0.00,0.00,0.00,0.00,0.00,0.00,0.00,0.00,0.00,0.00,0.00,0.00,0.00,0.00,0.00,0.00,0.00,0.00,0.00,0.00,0.00,0.00,0.00,0.00,0.00,0.00,0.00,0.00,0.00,0.00,635.00,0.00,0.00,0.00,0.00,0.00,0.00,0.00,0.00,0.00,0.00,3,2,1,0,0.00,0.00,0.00,0.00,0.00,0.00,0.00,0.00,0.00,0.00,0.00,0.00,0.00,0.00,0.00,0.00,0.00,0.00,0.00,0.00,0.00,0.00,0.00,0.00,0.00,0.00,0.00,0.00,0.00,0.00,0.00,0.00,0.00,0.00,0.00,0.00,0.00,0.00,0.00,0.00,0.00,0.00,0.00,0.00,0.00,0.00,0.00,0.00,0.00,0.00,0.00,0.00,0.00,28668.00,0.00,0.00,0.00,0.00,1995.37
0.00,0.00,0.51,0.00,0.00,0.00,4.55,0.00,0.00,94.95,0.00,335.00,0.00,0.00,0.00,0.00,0.00,0.00,16803.00,0.00,0.00,0.00,0.00,0.00,0.00,0.00,0.00,0.00,676728,1161204,1363992,66.84,47248,555784,3721104,182.34,828832,371528,152,597392,100728,7344,29016,0,0,0,0.00,0,0.00,0,0,0.00,26466,7648,36824,0,0,459,0.00,0.00,0.00,0,0.00,0.00,0.00,0.00,0.00,0.00,0.00,0.00,0.00,0.00,0.00,0.00,0.00,0.00,33303.00,0.00,48450.84,0.00,0.00,0.00,0.00,0.00,0.00,0.00,0.00,0.00,0.00,0.00,0.00,0.00,0.00,0.00,0.00,0.00,0.00,0.00,0.00,0.00,0.00,0.00,0.00,0.00,0.00,0.00,0.00,0.00,0.00,0.00,724,3,5,0,0,0,33256.00,0.00,740.00,0.00,33255.00,739.00,0.00,0.00,0.00,0.00,0.00,0.00,0.00,0.00,0.00,0.00,0.00,0.00,0.00,0.00,0.00,0.00,0.00,0.00,0.00,0.00,0.00,0.00,0.00,0.00,0.00,0.00,0.00,0.00,0.00,0.00,0.00,0.00,0.00,0.00,0.00,0.00,0.00,0.00,738.00,0.00,0.00,0.00,0.00,0.00,0.00,0.00,0.00,0.00,0.00,3,2,1,0,0.00,0.00,0.00,0.00,0.00,0.00,0.00,0.00,0.00,0.00,0.00,0.00,0.00,0.00,0.00,0.00,0.00,0.00,0.00,0.00,0.00,0.00,0.00,0.00,0.00,0.00,0.00,0.00,0.00,0.00,0.00,0.00,0.00,0.00,0.00,0.00,0.00,0.00,0.00,0.00,0.00,0.00,0.00,0.00,0.00,0.00,0.00,0.00,0.00,0.00,0.00,0.00,0.00,33078.00,0.00,0.00,0.00,0.00,1995.37
0.00,0.00,0.00,0.00,0.00,0.00,7.84,0.00,0.00,92.16,0.00,398.00,0.00,0.00,0.00,0.00,0.00,0.00,17452.00,0.00,0.00,0.00,0.00,0.00,0.00,0.00,0.00,0.00,676728,1161204,1363992,66.84,47248,555800,3721104,182.34,828832,371528,168,597392,100728,7344,29016,0,0,0,0.00,0,0.00,0,0,0.00,26466,7648,36824,0,0,459,0.00,0.00,0.00,0,0.00,0.00,0.00,0.00,0.00,0.00,0.00,0.00,0.00,0.00,0.00,0.00,0.00,0.00,34654.00,0.00,50414.93,0.00,0.00,0.00,0.00,0.00,0.00,0.00,0.00,1.00,0.00,0.00,0.00,0.00,0.00,0.00,0.00,0.00,0.00,0.00,0.00,0.00,0.00,0.00,0.00,0.00,0.00,0.00,0.00,0.00,0.00,0.00,724,3,5,0,0,0,34650.00,0.00,770.00,0.00,34650.00,770.00,0.00,0.00,0.00,0.00,0.00,0.00,0.00,0.00,0.00,0.00,0.00,0.00,0.00,0.00,0.00,0.00,0.00,0.00,0.00,0.00,0.00,0.00,0.00,0.00,0.00,0.00,0.00,0.00,0.00,0.00,0.00,0.00,0.00,0.00,0.00,0.00,0.00,0.00,770.00,0.00,0.00,0.00,0.00,0.00,0.00,0.00,0.00,0.00,0.00,3,2,1,0,0.00,0.00,0.00,0.00,0.00,0.00,0.00,0.00,0.00,0.00,0.00,0.00,0.00,0.00,0.00,0.00,0.00,0.00,0.00,0.00,0.00,0.00,0.00,0.00,0.00,0.00,0.00,0.00,0.00,0.00,0.00,0.00,0.00,0.00,0.00,0.00,0.00,0.00,0.00,0.00,0.00,0.00,0.00,0.00,0.00,0.00,0.00,0.00,0.00,0.00,0.00,0.00,0.00,34699.00,0.00,0.00,0.00,0.00,1995.37
1.02,0.00,0.00,0.00,0.00,0.00,2.03,0.00,0.00,96.95,0.00,296.00,0.00,0.00,0.00,0.00,0.00,0.00,9467.00,0.00,0.00,0.00,0.00,0.00,0.00,0.00,0.00,0.00,676728,1161260,1363992,66.84,47248,555816,3721104,182.34,828832,371584,184,597392,100728,7344,29016,0,0,0,0.00,0,0.00,0,0,0.00,26466,7648,36824,0,0,459,0.00,0.00,0.00,0,0.00,0.00,0.00,0.00,0.00,0.00,0.00,0.00,0.00,0.00,0.00,0.00,0.00,0.00,18861.00,0.00,27433.80,0.00,0.00,0.00,0.00,0.00,0.00,0.00,0.00,0.00,0.00,0.00,0.00,0.00,0.00,0.00,0.00,0.00,0.00,0.00,0.00,0.00,0.00,0.00,0.00,0.00,0.00,0.00,0.00,0.00,0.00,0.00,724,3,5,0,1,0,18887.00,0.00,419.00,0.00,18887.00,419.00,0.00,0.00,0.00,0.00,0.00,0.00,0.00,0.00,0.00,0.00,0.00,0.00,0.00,0.00,0.00,0.00,0.00,0.00,0.00,0.00,0.00,0.00,0.00,0.00,0.00,0.00,0.00,0.00,0.00,0.00,0.00,0.00,0.00,0.00,0.00,0.00,0.00,0.00,420.00,0.00,0.00,0.00,0.00,0.00,0.00,0.00,0.00,0.00,0.00,3,2,1,0,0.00,0.00,0.00,0.00,0.00,0.00,0.00,0.00,0.00,0.00,0.00,0.00,0.00,0.00,0.00,0.00,0.00,0.00,0.00,0.00,0.00,0.00,0.00,0.00,0.00,0.00,0.00,0.00,0.00,0.00,0.00,0.00,0.00,0.00,0.00,0.00,0.00,0.00,0.00,0.00,0.00,0.00,0.00,0.00,0.00,0.00,0.00,0.00,0.00,0.00,0.00,0.00,0.00,18861.00,0.00,0.00,0.00,0.00,1995.37
0.00,0.00,0.00,0.00,0.51,0.00,3.54,0.00,0.00,95.96,0.00,300.00,0.00,0.00,0.00,0.00,0.00,0.00,14187.00,0.00,0.00,0.00,0.00,0.00,0.00,0.00,0.00,0.00,676728,1161260,1363992,66.84,47248,555832,3721104,182.34,828832,371584,200,597392,100728,7344,29016,0,0,0,0.00,0,0.00,0,0,0.00,26466,7648,36824,0,0,459,0.00,0.00,0.00,0,0.00,0.00,0.00,0.00,0.00,0.00,0.00,0.00,0.00,0.00,0.00,0.00,0.00,0.00,28173.00,0.00,40986.67,0.00,0.00,0.00,0.00,0.00,0.00,0.00,0.00,1.00,0.00,0.00,0.00,0.00,0.00,0.00,0.00,0.00,0.00,0.00,0.00,0.00,0.00,0.00,0.00,0.00,0.00,0.00,0.00,0.00,0.00,0.00,724,3,5,0,0,0,28138.00,0.00,626.00,0.00,28138.00,626.00,0.00,0.00,0.00,0.00,0.00,0.00,0.00,0.00,0.00,0.00,0.00,0.00,0.00,0.00,0.00,0.00,0.00,0.00,0.00,0.00,0.00,0.00,0.00,0.00,0.00,0.00,0.00,0.00,0.00,0.00,0.00,0.00,0.00,0.00,0.00,0.00,0.00,0.00,626.00,0.00,0.00,0.00,0.00,0.00,0.00,0.00,0.00,0.00,0.00,3,2,1,0,0.00,0.00,0.00,0.00,0.00,0.00,0.00,0.00,0.00,0.00,0.00,0.00,0.00,0.00,0.00,0.00,0.00,0.00,0.00,0.00,0.00,0.00,0.00,0.00,0.00,0.00,0.00,0.00,0.00,0.00,0.00,0.00,0.00,0.00,0.00,0.00,0.00,0.00,0.00,0.00,0.00,0.00,0.00,0.00,0.00,0.00,0.00,0.00,0.00,0.00,0.00,0.00,0.00,28218.00,0.00,0.00,0.00,0.00,1995.37
0.50,0.00,0.00,2.01,0.00,0.00,4.02,0.00,0.00,93.47,0.00,313.00,0.00,0.00,0.00,12.00,0.00,0.00,13812.00,0.00,0.00,0.00,0.00,2.00,0.00,2.00,0.00,24.00,676728,1161260,1363992,66.84,47256,555848,3721104,182.34,828832,371584,216,597392,100728,7344,29016,0,0,0,0.00,0,0.00,0,0,0.00,26466,7648,36824,0,0,459,0.00,0.00,0.00,0,0.00,0.00,0.00,0.00,0.00,0.00,2.00,0.00,12.00,6.00,0.00,26.00,0.00,0.00,27408.00,0.00,39873.62,0.00,0.00,0.00,0.00,0.00,0.00,0.00,0.00,0.00,0.00,0.00,0.00,0.00,0.00,0.00,0.00,0.00,0.00,0.00,0.00,0.00,0.00,0.00,0.00,0.00,0.00,0.00,0.00,0.00,0.00,0.00,724,3,5,0,0,0,27405.00,0.00,609.00,0.00,27405.00,609.00,0.00,0.00,0.00,0.00,0.00,0.00,0.00,0.00,0.00,0.00,0.00,0.00,0.00,0.00,0.00,0.00,0.00,0.00,0.00,0.00,0.00,0.00,0.00,0.00,0.00,0.00,0.00,0.00,0.00,0.00,0.00,0.00,0.00,0.00,0.00,0.00,0.00,0.00,608.00,0.00,0.00,0.00,0.00,0.00,0.00,0.00,0.00,0.00,0.00,3,2,1,0,0.00,0.00,0.00,0.00,0.00,0.00,0.00,0.00,0.00,0.00,0.00,0.00,0.00,0.00,0.00,0.00,0.00,0.00,0.00,0.00,0.00,0.00,0.00,0.00,0.00,0.00,0.00,0.00,0.00,0.00,0.00,0.00,0.00,0.00,0.00,0.00,0.00,0.00,0.00,0.00,0.00,0.00,0.00,0.00,0.00,0.00,0.00,0.00,0.00,0.00,0.00,0.00,0.00,27363.00,0.00,0.00,0.00,0.00,1995.37
0.00,0.00,0.00,0.00,0.00,0.00,5.00,0.00,0.00,95.00,0.00,320.00,0.00,0.00,0.00,0.00,0.00,0.00,13050.00,0.00,0.00,0.00,0.00,0.00,0.00,0.00,0.00,0.00,676728,1161260,1363992,66.84,47256,555860,3721104,182.34,828832,371584,228,597392,100728,7344,29016,0,0,0,0.00,0,0.00,0,0,0.00,26466,7648,36824,0,0,459,0.00,0.00,0.00,0,0.00,0.00,0.00,0.00,0.00,0.00,0.00,0.00,0.00,0.00,0.00,0.00,0.00,0.00,25882.00,0.00,37647.75,0.00,0.00,0.00,0.00,0.00,0.00,0.00,0.00,1.00,0.00,0.00,0.00,0.00,0.00,0.00,0.00,0.00,0.00,0.00,0.00,0.00,0.00,0.00,0.00,0.00,0.00,0.00,0.00,0.00,0.00,0.00,724,3,5,0,0,0,25875.00,0.00,575.00,0.00,25875.00,575.00,0.00,0.00,0.00,0.00,0.00,0.00,0.00,0.00,0.00,0.00,0.00,0.00,0.00,0.00,0.00,0.00,0.00,0.00,0.00,0.00,0.00,0.00,0.00,0.00,0.00,0.00,0.00,0.00,0.00,0.00,0.00,0.00,0.00,0.00,0.00,0.00,0.00,0.00,575.00,0.00,0.00,0.00,0.00,0.00,0.00,0.00,0.00,0.00,0.00,3,2,1,0,0.00,0.00,0.00,0.00,0.00,0.00,0.00,0.00,0.00,0.00,0.00,0.00,0.00,0.00,0.00,0.00,0.00,0.00,0.00,0.00,0.00,0.00,0.00,0.00,0.00,0.00,0.00,0.00,0.00,0.00,0.00,0.00,0.00,0.00,0.00,0.00,0.00,0.00,0.00,0.00,0.00,0.00,0.00,0.00,0.00,0.00,0.00,0.00,0.00,0.00,0.00,0.00,0.00,25837.00,0.00,0.00,0.00,0.00,1995.37
0.00,0.00,0.00,0.00,0.00,0.00,4.02,0.00,0.00,95.98,0.00,305.00,0.00,0.00,0.00,0.00,0.00,0.00,12274.00,0.00,0.00,0.00,0.00,0.00,0.00,0.00,0.00,0.00,676572,1161160,1364148,66.85,47256,555876,3721104,182.34,828832,371640,244,597392,100728,7344,29016,0,0,0,0.00,0,0.00,0,0,0.00,26466,7648,36824,0,0,459,0.00,0.00,0.00,0,0.00,0.00,0.00,0.00,0.00,0.00,0.00,0.00,0.00,0.00,0.00,0.00,0.00,0.00,24438.00,0.00,35552.36,0.00,0.00,0.00,0.00,0.00,0.00,0.00,0.00,0.00,0.00,0.00,0.00,0.00,0.00,0.00,0.00,0.00,0.00,0.00,0.00,0.00,0.00,0.00,0.00,0.00,0.00,0.00,0.00,0.00,0.00,0.00,724,3,5,0,0,0,24435.00,0.00,543.00,0.00,24435.00,543.00,0.00,0.00,0.00,0.00,0.00,0.00,0.00,0.00,0.00,0.00,0.00,0.00,0.00,0.00,0.00,0.00,0.00,0.00,0.00,0.00,0.00,0.00,0.00,0.00,0.00,0.00,0.00,0.00,0.00,0.00,0.00,0.00,0.00,0.00,0.00,0.00,0.00,0.00,543.00,0.00,0.00,0.00,0.00,0.00,0.00,0.00,0.00,0.00,0.00,3,2,1,0,0.00,0.00,0.00,0.00,0.00,0.00,0.00,0.00,0.00,0.00,0.00,0.00,0.00,0.00,0.00,0.00,0.00,0.00,0.00,0.00,0.00,0.00,0.00,0.00,0.00,0.00,0.00,0.00,0.00,0.00,0.00,0.00,0.00,0.00,0.00,0.00,0.00,0.00,0.00,0.00,0.00,0.00,0.00,0.00,0.00,0.00,0.00,0.00,0.00,0.00,0.00,0.00,0.00,24438.00,0.00,0.00,0.00,0.00,1995.37
0.50,0.00,0.50,0.00,0.00,0.00,3.00,0.00,0.00,96.00,0.00,299.00,0.00,0.00,0.00,0.00,0.00,0.00,10994.00,0.00,0.00,0.00,0.00,0.00,0.00,0.00,0.00,0.00,676572,1161160,1364148,66.85,47256,555892,3721104,182.34,828832,371640,260,597392,100728,7344,29016,0,0,0,0.00,0,0.00,0,0,0.00,26466,7648,36824,0,0,459,0.00,0.00,0.00,0,0.00,0.00,0.00,0.00,0.00,0.00,0.00,0.00,0.00,0.00,0.00,0.00,0.00,0.00,21829.00,0.00,31754.95,0.00,0.00,0.00,0.00,0.00,0.00,0.00,0.00,1.00,0.00,0.00,0.00,0.00,0.00,0.00,0.00,0.00,0.00,0.00,0.00,0.00,0.00,0.00,0.00,0.00,0.00,0.00,0.00,0.00,0.00,0.00,724,3,5,0,0,0,21825.00,0.00,485.00,0.00,21825.00,485.00,0.00,0.00,0.00,0.00,0.00,0.00,0.00,0.00,0.00,0.00,0.00,0.00,0.00,0.00,0.00,0.00,0.00,0.00,0.00,0.00,0.00,0.00,0.00,0.00,0.00,0.00,0.00,0.00,0.00,0.00,0.00,0.00,0.00,0.00,0.00,0.00,0.00,0.00,485.00,0.00,0.00,0.00,0.00,0.00,0.00,0.00,0.00,0.00,0.00,3,2,1,0,0.00,0.00,0.00,0.00,0.00,0.00,0.00,0.00,0.00,0.00,0.00,0.00,0.00,0.00,0.00,0.00,0.00,0.00,0.00,0.00,0.00,0.00,0.00,0.00,0.00,0.00,0.00,0.00,0.00,0.00,0.00,0.00,0.00,0.00,0.00,0.00,0.00,0.00,0.00,0.00,0.00,0.00,0.00,0.00,0.00,0.00,0.00,0.00,0.00,0.00,0.00,0.00,0.00,21829.00,0.00,0.00,0.00,0.00,1995.37
0.00,0.00,0.00,0.00,0.00,0.00,3.52,0.00,0.00,96.48,0.00,300.00,0.00,0.00,0.00,0.00,0.00,0.00,9131.00,0.00,0.00,0.00,0.00,0.00,0.00,0.00,0.00,0.00,676540,1161132,1364180,66.85,47256,555908,3721104,182.34,828832,371640,276,597392,100732,7344,29016,0,0,0,0.00,0,0.00,0,0,0.00,26466,7648,36824,0,0,459,0.00,0.00,0.00,0,0.00,0.00,0.00,0.00,0.00,0.00,0.00,0.00,0.00,0.00,0.00,0.00,0.00,0.00,18138.00,0.00,26386.05,0.00,0.00,0.00,0.00,0.00,0.00,0.00,0.00,0.00,0.00,0.00,0.00,0.00,0.00,0.00,0.00,0.00,0.00,0.00,0.00,0.00,0.00,0.00,0.00,0.00,0.00,0.00,0.00,0.00,0.00,0.00,724,3,5,0,0,0,18135.00,0.00,403.00,0.00,18135.00,403.00,0.00,0.00,0.00,0.00,0.00,0.00,0.00,0.00,0.00,0.00,0.00,0.00,0.00,0.00,0.00,0.00,0.00,0.00,0.00,0.00,0.00,0.00,0.00,0.00,0.00,0.00,0.00,0.00,0.00,0.00,0.00,0.00,0.00,0.00,0.00,0.00,0.00,0.00,404.00,0.00,0.00,0.00,0.00,0.00,0.00,0.00,0.00,0.00,0.00,3,2,1,0,0.00,0.00,0.00,0.00,0.00,0.00,0.00,0.00,0.00,0.00,0.00,0.00,0.00,0.00,0.00,0.00,0.00,0.00,0.00,0.00,0.00,0.00,0.00,0.00,0.00,0.00,0.00,0.00,0.00,0.00,0.00,0.00,0.00,0.00,0.00,0.00,0.00,0.00,0.00,0.00,0.00,0.00,0.00,0.00,0.00,0.00,0.00,0.00,0.00,0.00,0.00,0.00,0.00,18228.00,0.00,0.00,0.00,0.00,1995.37
0.00,0.00,0.50,4.95,0.50,0.00,3.96,0.00,0.00,90.10,0.00,314.00,0.00,0.00,0.00,12.00,0.00,0.00,10268.00,0.00,0.00,0.00,0.00,2.00,0.00,2.00,0.00,24.00,676572,1161220,1364148,66.85,47264,555924,3721104,182.34,828832,371696,292,597392,100732,7344,29016,0,0,0,0.00,0,0.00,0,0,0.00,26466,7648,36824,0,0,459,0.00,0.00,0.00,0,0.00,0.00,0.00,0.00,0.00,0.00,2.00,0.00,12.00,6.00,0.00,56.00,0.00,0.00,20345.00,0.00,29594.40,0.00,0.00,0.00,0.00,0.00,0.00,0.00,0.00,3.00,0.00,0.00,0.00,0.00,0.00,0.00,0.00,0.00,0.00,0.00,0.00,0.00,0.00,0.00,0.00,0.00,0.00,0.00,0.00,0.00,0.00,0.00,724,3,5,0,0,0,20385.00,0.00,453.00,0.00,20385.00,453.00,0.00,0.00,0.00,0.00,0.00,0.00,0.00,0.00,0.00,0.00,0.00,0.00,0.00,0.00,0.00,0.00,0.00,0.00,0.00,0.00,0.00,0.00,0.00,0.00,0.00,0.00,0.00,0.00,0.00,0.00,0.00,0.00,0.00,0.00,0.00,0.00,0.00,0.00,452.00,0.00,0.00,0.00,0.00,0.00,0.00,0.00,0.00,0.00,0.00,3,2,1,0,0.00,0.00,0.00,0.00,0.00,0.00,0.00,0.00,0.00,0.00,0.00,0.00,0.00,0.00,0.00,0.00,0.00,0.00,0.00,0.00,0.00,0.00,0.00,0.00,0.00,0.00,0.00,0.00,0.00,0.00,0.00,0.00,0.00,0.00,0.00,0.00,0.00,0.00,0.00,0.00,0.00,0.00,0.00,0.00,0.00,0.00,0.00,0.00,0.00,0.00,0.00,0.00,0.00,20300.00,0.00,0.00,0.00,0.00,1995.37
1.02,0.00,0.00,0.00,0.00,0.00,2.03,0.00,0.00,96.95,0.00,292.00,0.00,0.00,0.00,0.00,0.00,0.00,10394.00,0.00,0.00,0.00,0.00,0.00,0.00,0.00,0.00,0.00,676540,1161188,1364180,66.85,47264,555936,3721104,182.34,828832,371696,304,597392,100732,7344,29016,0,0,0,0.00,0,0.00,0,0,0.00,26466,7648,36824,0,0,459,0.00,0.00,0.00,0,0.00,0.00,0.00,0.00,0.00,0.00,0.00,0.00,0.00,0.00,0.00,0.00,0.00,0.00,20705.00,0.00,30118.16,0.00,0.00,0.00,0.00,0.00,0.00,0.00,0.00,0.00,0.00,0.00,0.00,0.00,0.00,0.00,0.00,0.00,0.00,0.00,0.00,0.00,0.00,0.00,0.00,0.00,0.00,0.00,0.00,0.00,0.00,0.00,724,3,5,0,0,0,20700.00,0.00,460.00,0.00,20700.00,460.00,0.00,0.00,0.00,0.00,0.00,0.00,0.00,0.00,0.00,0.00,0.00,0.00,0.00,0.00,0.00,0.00,0.00,0.00,0.00,0.00,0.00,0.00,0.00,0.00,0.00,0.00,0.00,0.00,0.00,0.00,0.00,0.00,0.00,0.00,0.00,0.00,0.00,0.00,460.00,0.00,0.00,0.00,0.00,0.00,0.00,0.00,0.00,0.00,0.00,3,2,1,0,0.00,0.00,0.00,0.00,0.00,0.00,0.00,0.00,0.00,0.00,0.00,0.00,0.00,0.00,0.00,0.00,0.00,0.00,0.00,0.00,0.00,0.00,0.00,0.00,0.00,0.00,0.00,0.00,0.00,0.00,0.00,0.00,0.00,0.00,0.00,0.00,0.00,0.00,0.00,0.00,0.00,0.00,0.00,0.00,0.00,0.00,0.00,0.00,0.00,0.00,0.00,0.00,0.00,20721.00,0.00,0.00,0.00,0.00,1995.37
0.00,0.00,0.00,0.00,0.00,0.00,3.02,0.00,0.00,96.98,0.00,295.00,0.00,0.00,0.00,0.00,0.00,0.00,9637.00,0.00,0.00,0.00,0.00,0.00,0.00,0.00,0.00,0.00,676604,1161252,1364116,66.84,47264,555952,3721104,182.34,828832,371696,320,597392,100732,7344,29016,0,0,0,0.00,0,0.00,0,0,0.00,26466,7648,36824,0,0,459,0.00,0.00,0.00,0,0.00,0.00,0.00,0.00,0.00,0.00,0.00,0.00,0.00,0.00,0.00,0.00,0.00,0.00,19082.00,0.00,27760.94,0.00,0.00,0.00,0.00,0.00,0.00,0.00,0.00,1.00,0.00,0.00,0.00,0.00,0.00,0.00,0.00,0.00,0.00,0.00,0.00,0.00,0.00,0.00,0.00,0.00,0.00,0.00,0.00,0.00,0.00,0.00,724,3,5,0,0,0,19035.00,0.00,423.00,0.00,19035.00,423.00,0.00,0.00,0.00,0.00,0.00,0.00,0.00,0.00,0.00,0.00,0.00,0.00,0.00,0.00,0.00,0.00,0.00,0.00,0.00,0.00,0.00,0.00,0.00,0.00,0.00,0.00,0.00,0.00,0.00,0.00,0.00,0.00,0.00,0.00,0.00,0.00,0.00,0.00,423.00,0.00,0.00,0.00,0.00,0.00,0.00,0.00,0.00,0.00,0.00,3,2,1,0,0.00,0.00,0.00,0.00,0.00,0.00,0.00,0.00,0.00,0.00,0.00,0.00,0.00,0.00,0.00,0.00,0.00,0.00,0.00,0.00,0.00,0.00,0.00,0.00,0.00,0.00,0.00,0.00,0.00,0.00,0.00,0.00,0.00,0.00,0.00,0.00,0.00,0.00,0.00,0.00,0.00,0.00,0.00,0.00,0.00,0.00,0.00,0.00,0.00,0.00,0.00,0.00,0.00,19021.00,0.00,0.00,0.00,0.00,1995.37
0.00,0.00,0.00,0.00,0.00,0.00,2.02,0.00,0.00,97.98,0.00,289.00,0.00,0.00,0.00,0.00,0.00,0.00,7139.00,0.00,0.00,0.00,0.00,0.00,0.00,0.00,0.00,0.00,676668,1161316,1364052,66.84,47264,555968,3721104,182.34,828832,371696,336,597392,100732,7344,29016,0,0,0,0.00,0,0.00,0,0,0.00,26466,7648,36824,0,0,459,0.00,0.00,0.00,0,0.00,0.00,0.00,0.00,0.00,0.00,0.00,0.00,0.00,0.00,0.00,0.00,0.00,0.00,14176.00,0.00,20624.28,0.00,0.00,0.00,0.00,0.00,0.00,0.00,0.00,0.00,0.00,0.00,0.00,0.00,0.00,0.00,0.00,0.00,0.00,0.00,0.00,0.00,0.00,0.00,0.00,0.00,0.00,0.00,0.00,0.00,0.00,0.00,724,3,5,0,0,0,14176.00,0.00,316.00,0.00,14175.00,315.00,0.00,0.00,0.00,0.00,0.00,0.00,0.00,0.00,0.00,0.00,0.00,0.00,0.00,0.00,0.00,0.00,0.00,0.00,0.00,0.00,0.00,0.00,0.00,0.00,0.00,0.00,0.00,0.00,0.00,0.00,0.00,0.00,0.00,0.00,0.00,0.00,0.00,0.00,315.00,0.00,0.00,0.00,0.00,0.00,0.00,0.00,0.00,0.00,0.00,3,2,1,0,0.00,0.00,0.00,0.00,0.00,0.00,0.00,0.00,0.00,0.00,0.00,0.00,0.00,0.00,0.00,0.00,0.00,0.00,0.00,0.00,0.00,0.00,0.00,0.00,0.00,0.00,0.00,0.00,0.00,0.00,0.00,0.00,0.00,0.00,0.00,0.00,0.00,0.00,0.00,0.00,0.00,0.00,0.00,0.00,0.00,0.00,0.00,0.00,0.00,0.00,0.00,0.00,0.00,14176.00,0.00,0.00,0.00,0.00,1995.37
0.50,0.00,0.50,0.00,0.00,0.00,2.00,0.00,0.00,97.00,0.00,291.00,0.00,0.00,0.00,0.00,0.00,0.00,6611.00,0.00,0.00,0.00,0.00,0.00,0.00,0.00,0.00,0.00,676604,1161308,1364116,66.84,47264,555984,3721104,182.34,828832,371752,352,597392,100732,7344,29016,0,0,0,0.00,0,0.00,0,0,0.00,26466,7648,36824,0,0,459,0.00,0.00,0.00,0,0.00,0.00,0.00,0.00,0.00,0.00,0.00,0.00,0.00,0.00,0.00,0.00,0.00,0.00,13098.00,0.00,19054.25,0.00,0.00,0.00,0.00,0.00,0.00,0.00,0.00,1.00,0.00,0.00,0.00,0.00,0.00,0.00,0.00,0.00,0.00,0.00,0.00,0.00,0.00,0.00,0.00,0.00,0.00,0.00,0.00,0.00,0.00,0.00,724,3,5,0,1,0,13129.00,0.00,293.00,0.00,13127.00,291.00,0.00,0.00,0.00,0.00,0.00,0.00,0.00,0.00,0.00,0.00,0.00,0.00,0.00,0.00,0.00,0.00,0.00,0.00,0.00,0.00,0.00,0.00,0.00,0.00,0.00,0.00,0.00,0.00,0.00,0.00,0.00,0.00,0.00,0.00,0.00,0.00,0.00,0.00,292.00,0.00,0.00,0.00,0.00,0.00,0.00,0.00,0.00,0.00,0.00,3,2,1,0,0.00,0.00,0.00,0.00,0.00,0.00,0.00,0.00,0.00,0.00,0.00,0.00,0.00,0.00,0.00,0.00,0.00,0.00,0.00,0.00,0.00,0.00,0.00,0.00,0.00,0.00,0.00,0.00,0.00,0.00,0.00,0.00,0.00,0.00,0.00,0.00,0.00,0.00,0.00,0.00,0.00,0.00,0.00,0.00,0.00,0.00,0.00,0.00,0.00,0.00,0.00,0.00,0.00,13143.00,0.00,0.00,0.00,0.00,1995.37
0.00,0.00,0.50,4.50,0.50,0.00,1.50,0.00,0.00,93.00,0.00,299.00,0.00,0.00,0.00,12.00,0.00,0.00,6123.00,0.00,0.00,0.00,0.00,2.00,0.00,2.00,0.00,24.00,676416,1161120,1364304,66.85,47272,556000,3721104,182.34,828832,371752,368,597392,100732,7344,29016,0,0,0,0.00,0,0.00,0,0,0.00,26466,7648,36824,0,0,459,0.00,0.00,0.00,0,0.00,0.00,0.00,0.00,0.00,0.00,2.00,0.00,12.00,6.00,0.00,48.00,0.00,0.00,12199.00,0.00,17743.62,0.00,0.00,0.00,0.00,0.00,0.00,0.00,0.00,0.00,0.00,0.00,0.00,0.00,0.00,0.00,0.00,0.00,0.00,0.00,0.00,0.00,0.00,0.00,0.00,0.00,0.00,0.00,0.00,0.00,0.00,0.00,724,3,5,0,0,0,12164.00,0.00,272.00,0.00,12163.00,271.00,0.00,0.00,0.00,0.00,0.00,0.00,0.00,0.00,0.00,0.00,0.00,0.00,0.00,0.00,0.00,0.00,0.00,0.00,0.00,0.00,0.00,0.00,0.00,0.00,0.00,0.00,0.00,0.00,0.00,0.00,0.00,0.00,0.00,0.00,0.00,0.00,0.00,0.00,270.00,0.00,0.00,0.00,0.00,0.00,0.00,0.00,0.00,0.00,0.00,3,2,1,0,0.00,0.00,0.00,0.00,0.00,0.00,0.00,0.00,0.00,0.00,0.00,0.00,0.00,0.00,0.00,0.00,0.00,0.00,0.00,0.00,0.00,0.00,0.00,0.00,0.00,0.00,0.00,0.00,0.00,0.00,0.00,0.00,0.00,0.00,0.00,0.00,0.00,0.00,0.00,0.00,0.00,0.00,0.00,0.00,0.00,0.00,0.00,0.00,0.00,0.00,0.00,0.00,0.00,12154.00,0.00,0.00,0.00,0.00,1995.37
0.00,0.00,0.00,0.00,0.00,0.00,2.01,0.00,0.00,97.99,0.00,290.00,0.00,0.00,0.00,0.00,0.00,0.00,5658.00,0.00,0.00,0.00,0.00,0.00,0.00,0.00,0.00,0.00,676572,1161276,1364148,66.85,47272,556012,3721104,182.34,828832,371752,380,597392,100732,7344,29016,0,0,0,0.00,0,0.00,0,0,0.00,26466,7648,36824,0,0,459,0.00,0.00,0.00,0,0.00,0.00,0.00,0.00,0.00,0.00,0.00,0.00,0.00,0.00,0.00,0.00,0.00,0.00,11252.00,0.00,16368.53,0.00,0.00,0.00,0.00,0.00,0.00,0.00,0.00,1.00,0.00,0.00,0.00,0.00,0.00,0.00,0.00,0.00,0.00,0.00,0.00,0.00,0.00,0.00,0.00,0.00,0.00,0.00,0.00,0.00,0.00,0.00,724,3,5,0,0,0,11250.00,0.00,250.00,0.00,11250.00,250.00,0.00,0.00,0.00,0.00,0.00,0.00,0.00,0.00,0.00,0.00,0.00,0.00,0.00,0.00,0.00,0.00,0.00,0.00,0.00,0.00,0.00,0.00,0.00,0.00,0.00,0.00,0.00,0.00,0.00,0.00,0.00,0.00,0.00,0.00,0.00,0.00,0.00,0.00,250.00,0.00,0.00,0.00,0.00,0.00,0.00,0.00,0.00,0.00,0.00,3,2,1,0,0.00,0.00,0.00,0.00,0.00,0.00,0.00,0.00,0.00,0.00,0.00,0.00,0.00,0.00,0.00,0.00,0.00,0.00,0.00,0.00,0.00,0.00,0.00,0.00,0.00,0.00,0.00,0.00,0.00,0.00,0.00,0.00,0.00,0.00,0.00,0.00,0.00,0.00,0.00,0.00,0.00,0.00,0.00,0.00,0.00,0.00,0.00,0.00,0.00,0.00,0.00,0.00,0.00,11252.00,0.00,0.00,0.00,0.00,1995.37
0.50,0.00,0.00,0.00,0.00,0.00,1.51,0.00,0.00,97.99,0.00,284.00,0.00,0.00,0.00,0.00,2.00,0.00,4739.00,0.00,0.00,0.00,0.00,0.00,0.00,0.00,0.00,0.00,676540,1161272,1364180,66.85,47272,556028,3721104,182.34,828864,371748,396,597392,100732,7344,29016,0,0,0,0.00,0,0.00,0,0,0.00,26466,7648,36824,0,0,459,0.00,0.00,0.00,0,0.00,0.00,0.00,0.00,0.00,0.00,0.00,0.00,0.00,0.00,0.00,0.00,0.00,0.00,9406.00,0.00,13684.05,0.00,0.00,0.00,0.00,0.00,0.00,0.00,0.00,0.00,0.00,0.00,0.00,0.00,0.00,0.00,0.00,0.00,0.00,0.00,0.00,0.00,0.00,0.00,0.00,0.00,0.00,0.00,0.00,0.00,0.00,0.00,724,3,5,0,0,0,9405.00,0.00,209.00,0.00,9405.00,209.00,0.00,0.00,0.00,0.00,0.00,0.00,0.00,0.00,0.00,0.00,0.00,0.00,0.00,0.00,0.00,0.00,0.00,0.00,0.00,0.00,0.00,0.00,0.00,0.00,0.00,0.00,0.00,0.00,0.00,0.00,0.00,0.00,0.00,0.00,0.00,0.00,0.00,0.00,209.00,0.00,0.00,0.00,0.00,0.00,0.00,0.00,0.00,0.00,0.00,3,2,1,0,0.00,0.00,0.00,0.00,0.00,0.00,0.00,0.00,0.00,0.00,0.00,0.00,0.00,0.00,0.00,0.00,0.00,0.00,0.00,0.00,0.00,0.00,0.00,0.00,0.00,0.00,0.00,0.00,0.00,0.00,0.00,0.00,0.00,0.00,0.00,0.00,0.00,0.00,0.00,0.00,0.00,0.00,0.00,0.00,0.00,0.00,0.00,0.00,0.00,0.00,0.00,0.00,0.00,9406.00,0.00,0.00,0.00,0.00,1995.37
0.00,0.00,0.50,0.00,0.00,0.00,1.01,0.00,0.00,98.49,0.00,275.00,0.00,0.00,0.00,0.00,0.00,0.00,4163.00,0.00,0.00,0.00,0.00,0.00,0.00,0.00,0.00,0.00,676604,1161392,1364116,66.84,47272,556044,3721104,182.34,828864,371804,412,597392,100732,7344,29016,0,0,0,0.00,0,0.00,0,0,0.00,26466,7648,36824,0,0,459,0.00,0.00,0.00,0,0.00,0.00,0.00,0.00,0.00,0.00,0.00,0.00,0.00,0.00,0.00,0.00,0.00,0.00,8241.00,0.00,11982.03,0.00,0.00,0.00,0.00,0.00,0.00,0.00,0.00,1.00,0.00,0.00,0.00,0.00,0.00,0.00,0.00,0.00,0.00,0.00,0.00,0.00,0.00,0.00,0.00,0.00,0.00,0.00,0.00,0.00,0.00,0.00,724,3,5,0,0,0,8235.00,0.00,183.00,0.00,8235.00,183.00,0.00,0.00,0.00,0.00,0.00,0.00,0.00,0.00,0.00,0.00,0.00,0.00,0.00,0.00,0.00,0.00,0.00,0.00,0.00,0.00,0.00,0.00,0.00,0.00,0.00,0.00,0.00,0.00,0.00,0.00,0.00,0.00,0.00,0.00,0.00,0.00,0.00,0.00,183.00,0.00,0.00,0.00,0.00,0.00,0.00,0.00,0.00,0.00,0.00,3,2,1,0,0.00,0.00,0.00,0.00,0.00,0.00,0.00,0.00,0.00,0.00,0.00,0.00,0.00,0.00,0.00,0.00,0.00,0.00,0.00,0.00,0.00,0.00,0.00,0.00,0.00,0.00,0.00,0.00,0.00,0.00,0.00,0.00,0.00,0.00,0.00,0.00,0.00,0.00,0.00,0.00,0.00,0.00,0.00,0.00,0.00,0.00,0.00,0.00,0.00,0.00,0.00,0.00,0.00,8241.00,0.00,0.00,0.00,0.00,1995.37
0.00,0.00,0.51,0.00,0.00,0.00,1.01,0.00,0.00,98.48,0.00,275.00,0.00,0.00,0.00,0.00,0.00,0.00,3619.00,0.00,0.00,0.00,0.00,0.00,0.00,0.00,0.00,0.00,676572,1161360,1364148,66.85,47272,556060,3721104,182.34,828864,371804,428,597392,100732,7344,29016,0,0,0,0.00,0,0.00,0,0,0.00,26466,7648,36824,0,0,459,0.00,0.00,0.00,0,0.00,0.00,0.00,0.00,0.00,0.00,0.00,0.00,0.00,0.00,0.00,0.00,0.00,0.00,7207.00,0.00,10476.19,0.00,0.00,0.00,0.00,0.00,0.00,0.00,0.00,0.00,0.00,0.00,0.00,0.00,0.00,0.00,0.00,0.00,0.00,0.00,0.00,0.00,0.00,0.00,0.00,0.00,0.00,0.00,0.00,0.00,0.00,0.00,724,3,5,0,0,0,7200.00,0.00,160.00,0.00,7200.00,160.00,0.00,0.00,0.00,0.00,0.00,0.00,0.00,0.00,0.00,0.00,0.00,0.00,0.00,0.00,0.00,0.00,0.00,0.00,0.00,0.00,0.00,0.00,0.00,0.00,0.00,0.00,0.00,0.00,0.00,0.00,0.00,0.00,0.00,0.00,0.00,0.00,0.00,0.00,160.00,0.00,0.00,0.00,0.00,0.00,0.00,0.00,0.00,0.00,0.00,3,2,1,0,0.00,0.00,0.00,0.00,0.00,0.00,0.00,0.00,0.00,0.00,0.00,0.00,0.00,0.00,0.00,0.00,0.00,0.00,0.00,0.00,0.00,0.00,0.00,0.00,0.00,0.00,0.00,0.00,0.00,0.00,0.00,0.00,0.00,0.00,0.00,0.00,0.00,0.00,0.00,0.00,0.00,0.00,0.00,0.00,0.00,0.00,0.00,0.00,0.00,0.00,0.00,0.00,0.00,7207.00,0.00,0.00,0.00,0.00,1995.37
0.50,0.00,0.00,5.45,0.50,0.00,0.99,0.00,0.00,92.57,0.00,286.00,0.00,0.00,0.00,12.00,0.00,0.00,2684.00,0.00,0.00,0.00,0.00,2.00,0.00,2.00,0.00,24.00,676508,1161296,1364212,66.85,47280,556076,3721104,182.34,828864,371804,444,597392,100736,7344,29016,0,0,0,0.00,0,0.00,0,0,0.00,26466,7648,36824,0,0,459,0.00,0.00,0.00,0,0.00,0.00,0.00,0.00,0.00,0.00,2.00,0.00,12.00,6.00,0.00,56.00,0.00,0.00,5361.00,0.00,7791.71,0.00,0.00,0.00,0.00,0.00,0.00,0.00,0.00,1.00,0.00,0.00,0.00,0.00,0.00,0.00,0.00,0.00,0.00,0.00,0.00,0.00,0.00,0.00,0.00,0.00,0.00,0.00,0.00,0.00,0.00,0.00,724,3,5,0,0,0,5355.00,0.00,119.00,0.00,5355.00,119.00,0.00,0.00,0.00,0.00,0.00,0.00,0.00,0.00,0.00,0.00,0.00,0.00,0.00,0.00,0.00,0.00,0.00,0.00,0.00,0.00,0.00,0.00,0.00,0.00,0.00,0.00,0.00,0.00,0.00,0.00,0.00,0.00,0.00,0.00,0.00,0.00,0.00,0.00,120.00,0.00,0.00,0.00,0.00,0.00,0.00,0.00,0.00,0.00,0.00,3,2,1,0,0.00,0.00,0.00,0.00,0.00,0.00,0.00,0.00,0.00,0.00,0.00,0.00,0.00,0.00,0.00,0.00,0.00,0.00,0.00,0.00,0.00,0.00,0.00,0.00,0.00,0.00,0.00,0.00,0.00,0.00,0.00,0.00,0.00,0.00,0.00,0.00,0.00,0.00,0.00,0.00,0.00,0.00,0.00,0.00,0.00,0.00,0.00,0.00,0.00,0.00,0.00,0.00,0.00,5406.00,0.00,0.00,0.00,0.00,1995.37
0.00,0.00,0.50,0.00,0.00,0.00,1.50,0.00,0.00,98.00,0.00,283.00,0.00,0.00,0.00,0.00,0.00,0.00,2346.00,0.00,0.00,0.00,0.00,0.00,0.00,0.00,0.00,0.00,676668,1161512,1364052,66.84,47280,556088,3721104,182.34,828864,371860,456,597392,100736,7344,29016,0,0,0,0.00,0,0.00,0,0,0.00,26466,7648,36824,0,0,459,0.00,0.00,0.00,0,0.00,0.00,0.00,0.00,0.00,0.00,0.00,0.00,0.00,0.00,0.00,0.00,0.00,0.00,4729.00,0.00,6874.97,0.00,0.00,0.00,0.00,0.00,0.00,0.00,0.00,0.00,0.00,0.00,0.00,0.00,0.00,0.00,0.00,0.00,0.00,0.00,0.00,0.00,0.00,0.00,0.00,0.00,0.00,0.00,0.00,0.00,0.00,0.00,724,3,5,0,0,0,4725.00,0.00,105.00,0.00,4725.00,105.00,0.00,0.00,0.00,0.00,0.00,0.00,0.00,0.00,0.00,0.00,0.00,0.00,0.00,0.00,0.00,0.00,0.00,0.00,0.00,0.00,0.00,0.00,0.00,0.00,0.00,0.00,0.00,0.00,0.00,0.00,0.00,0.00,0.00,0.00,0.00,0.00,0.00,0.00,104.00,0.00,0.00,0.00,0.00,0.00,0.00,0.00,0.00,0.00,0.00,3,2,1,0,0.00,0.00,0.00,0.00,0.00,0.00,0.00,0.00,0.00,0.00,0.00,0.00,0.00,0.00,0.00,0.00,0.00,0.00,0.00,0.00,0.00,0.00,0.00,0.00,0.00,0.00,0.00,0.00,0.00,0.00,0.00,0.00,0.00,0.00,0.00,0.00,0.00,0.00,0.00,0.00,0.00,0.00,0.00,0.00,0.00,0.00,0.00,0.00,0.00,0.00,0.00,0.00,0.00,4684.00,0.00,0.00,0.00,0.00,1995.37
1.00,0.00,0.00,0.00,0.00,0.00,1.00,0.00,0.00,98.01,0.00,314.00,0.00,0.00,0.00,0.00,0.00,0.00,1901.00,0.00,0.00,0.00,0.00,0.00,0.00,0.00,0.00,0.00,676540,1161384,1364180,66.85,47280,556104,3721104,182.34,828864,371860,472,597392,100736,7344,29016,0,0,0,0.00,0,0.00,0,0,0.00,26466,7648,36824,0,0,459,0.00,0.00,0.00,0,0.00,0.00,0.00,0.00,0.00,0.00,0.00,0.00,0.00,0.00,0.00,0.00,0.00,0.00,3697.00,0.00,5369.25,0.00,0.00,0.00,0.00,0.00,0.00,0.00,0.00,1.00,0.00,0.00,0.00,0.00,0.00,0.00,0.00,0.00,0.00,0.00,0.00,0.00,0.00,0.00,0.00,0.00,0.00,0.00,0.00,0.00,0.00,0.00,724,3,5,0,0,0,3690.00,0.00,82.00,0.00,3690.00,82.00,0.00,0.00,0.00,0.00,0.00,0.00,0.00,0.00,0.00,0.00,0.00,0.00,0.00,0.00,0.00,0.00,0.00,0.00,0.00,0.00,0.00,0.00,0.00,0.00,0.00,0.00,0.00,0.00,0.00,0.00,0.00,0.00,0.00,0.00,0.00,0.00,0.00,0.00,82.00,0.00,0.00,0.00,0.00,0.00,0.00,0.00,0.00,0.00,0.00,3,2,1,0,0.00,0.00,0.00,0.00,0.00,0.00,0.00,0.00,0.00,0.00,0.00,0.00,0.00,0.00,0.00,0.00,0.00,0.00,0.00,0.00,0.00,0.00,0.00,0.00,0.00,0.00,0.00,0.00,0.00,0.00,0.00,0.00,0.00,0.00,0.00,0.00,0.00,0.00,0.00,0.00,0.00,0.00,0.00,0.00,0.00,0.00,0.00,0.00,0.00,0.00,0.00,0.00,0.00,3697.00,0.00,0.00,0.00,0.00,1995.37
0.50,0.00,0.50,0.00,0.00,0.00,0.00,0.00,0.00,98.99,0.00,216.00,0.00,0.00,0.00,0.00,0.00,0.00,1259.00,0.00,0.00,0.00,0.00,0.00,0.00,0.00,0.00,0.00,676480,1161324,1364240,66.85,47280,556120,3721104,182.34,828864,371860,488,597392,100736,7344,29016,0,0,0,0.00,0,0.00,0,0,0.00,26466,7648,36824,0,0,459,0.00,0.00,0.00,0,0.00,0.00,0.00,0.00,0.00,0.00,0.00,0.00,0.00,0.00,0.00,0.00,0.00,0.00,2526.00,0.00,3666.88,0.00,0.00,0.00,0.00,0.00,0.00,0.00,0.00,0.00,0.00,0.00,0.00,0.00,0.00,0.00,0.00,0.00,0.00,0.00,0.00,0.00,0.00,0.00,0.00,0.00,0.00,0.00,0.00,0.00,0.00,0.00,724,3,5,0,0,0,2520.00,0.00,56.00,0.00,2520.00,56.00,0.00,0.00,0.00,0.00,0.00,0.00,0.00,0.00,0.00,0.00,0.00,0.00,0.00,0.00,0.00,0.00,0.00,0.00,0.00,0.00,0.00,0.00,0.00,0.00,0.00,0.00,0.00,0.00,0.00,0.00,0.00,0.00,0.00,0.00,0.00,0.00,0.00,0.00,56.00,0.00,0.00,0.00,0.00,0.00,0.00,0.00,0.00,0.00,0.00,3,2,1,0,0.00,0.00,0.00,0.00,0.00,0.00,0.00,0.00,0.00,0.00,0.00,0.00,0.00,0.00,0.00,0.00,0.00,0.00,0.00,0.00,0.00,0.00,0.00,0.00,0.00,0.00,0.00,0.00,0.00,0.00,0.00,0.00,0.00,0.00,0.00,0.00,0.00,0.00,0.00,0.00,0.00,0.00,0.00,0.00,0.00,0.00,0.00,0.00,0.00,0.00,0.00,0.00,0.00,2526.00,0.00,0.00,0.00,0.00,1995.37
0.00,0.00,0.00,0.00,0.00,0.00,0.00,0.00,0.00,100.00,0.00,173.00,0.00,0.00,0.00,0.00,2.00,0.00,642.00,0.00,0.00,0.00,0.00,0.00,0.00,0.00,0.00,0.00,676480,1161324,1364240,66.85,47280,556136,3721104,182.34,828864,371860,504,597392,100736,7344,29016,0,0,0,0.00,0,0.00,0,0,0.00,26466,7648,36824,0,0,459,0.00,0.00,0.00,0,0.00,0.00,0.00,0.00,0.00,0.00,0.00,0.00,0.00,0.00,0.00,0.00,0.00,0.00,1262.00,0.00,1833.38,0.00,0.00,0.00,0.00,0.00,0.00,0.00,0.00,1.00,0.00,0.00,0.00,0.00,0.00,0.00,0.00,0.00,0.00,0.00,0.00,0.00,0.00,0.00,0.00,0.00,0.00,0.00,0.00,0.00,0.00,0.00,724,3,5,0,0,0,1260.00,0.00,28.00,0.00,1260.00,28.00,0.00,0.00,0.00,0.00,0.00,0.00,0.00,0.00,0.00,0.00,0.00,0.00,0.00,0.00,0.00,0.00,0.00,0.00,0.00,0.00,0.00,0.00,0.00,0.00,0.00,0.00,0.00,0.00,0.00,0.00,0.00,0.00,0.00,0.00,0.00,0.00,0.00,0.00,28.00,0.00,0.00,0.00,0.00,0.00,0.00,0.00,0.00,0.00,0.00,3,2,1,0,0.00,0.00,0.00,0.00,0.00,0.00,0.00,0.00,0.00,0.00,0.00,0.00,0.00,0.00,0.00,0.00,0.00,0.00,0.00,0.00,0.00,0.00,0.00,0.00,0.00,0.00,0.00,0.00,0.00,0.00,0.00,0.00,0.00,0.00,0.00,0.00,0.00,0.00,0.00,0.00,0.00,0.00,0.00,0.00,0.00,0.00,0.00,0.00,0.00,0.00,0.00,0.00,0.00,1262.00,0.00,0.00,0.00,0.00,1995.37
0.50,0.00,0.00,2.51,0.00,0.00,0.00,0.00,0.00,96.98,0.00,102.00,0.00,0.00,0.00,492.00,0.00,0.00,252.00,0.00,0.00,0.00,0.00,4.00,0.00,4.00,0.00,984.00,676416,1161324,1364304,66.85,47288,556152,3721104,182.34,828864,371924,40,597392,100736,7344,29016,0,0,0,0.00,0,0.00,0,0,0.00,26466,7648,36824,0,0,459,0.00,0.00,0.00,0,0.00,0.00,0.00,0.00,0.00,0.00,4.00,0.00,492.00,123.00,0.00,15.00,0.00,0.00,498.00,0.00,720.69,0.00,0.00,0.00,0.00,0.00,0.00,0.00,0.00,1.00,0.00,0.00,0.00,0.00,0.00,0.00,0.00,0.00,0.00,0.00,0.00,0.00,0.00,0.00,0.00,0.00,0.00,0.00,0.00,0.00,0.00,0.00,724,3,5,0,0,0,495.00,0.00,11.00,0.00,495.00,11.00,0.00,0.00,0.00,0.00,0.00,0.00,0.00,0.00,0.00,0.00,0.00,0.00,0.00,0.00,0.00,0.00,0.00,0.00,0.00,0.00,0.00,0.00,0.00,0.00,0.00,0.00,0.00,0.00,0.00,0.00,0.00,0.00,0.00,0.00,0.00,0.00,0.00,0.00,11.00,0.00,0.00,0.00,0.00,0.00,0.00,0.00,0.00,0.00,0.00,3,2,1,0,0.00,0.00,0.00,0.00,0.00,0.00,0.00,0.00,0.00,0.00,0.00,0.00,0.00,0.00,0.00,0.00,0.00,0.00,0.00,0.00,0.00,0.00,0.00,0.00,0.00,0.00,0.00,0.00,0.00,0.00,0.00,0.00,0.00,0.00,0.00,0.00,0.00,0.00,0.00,0.00,0.00,0.00,0.00,0.00,0.00,0.00,0.00,0.00,0.00,0.00,0.00,0.00,0.00,498.00,0.00,0.00,0.00,0.00,1995.37
0.50,0.00,0.00,0.00,0.00,0.00,0.00,0.00,0.00,99.50,0.00,48.00,0.00,0.00,0.00,0.00,0.00,0.00,2.00,0.00,0.00,0.00,0.00,0.00,0.00,0.00,0.00,0.00,676416,1161324,1364304,66.85,47288,556164,3721104,182.34,828864,371924,56,597392,100736,7344,29016,0,0,0,0.00,0,0.00,0,0,0.00,26466,7648,36824,0,0,459,0.00,0.00,0.00,0,0.00,0.00,0.00,0.00,0.00,0.00,0.00,0.00,0.00,0.00,0.00,0.00,0.00,0.00,3.00,0.00,0.18,0.00,0.00,0.00,0.00,0.00,0.00,0.00,0.00,1.00,0.00,0.00,0.00,0.00,0.00,0.00,0.00,0.00,0.00,0.00,0.00,0.00,0.00,0.00,0.00,0.00,0.00,0.00,0.00,0.00,0.00,0.00,724,3,5,0,0,0,0.00,0.00,0.00,0.00,0.00,0.00,0.00,0.00,0.00,0.00,0.00,0.00,0.00,0.00,0.00,0.00,0.00,0.00,0.00,0.00,0.00,0.00,0.00,0.00,0.00,0.00,0.00,0.00,0.00,0.00,0.00,0.00,0.00,0.00,0.00,0.00,0.00,0.00,0.00,0.00,0.00,0.00,0.00,0.00,0.00,0.00,0.00,0.00,0.00,0.00,0.00,0.00,0.00,0.00,0.00,3,2,1,0,0.00,0.00,0.00,0.00,0.00,0.00,0.00,0.00,0.00,0.00,0.00,0.00,0.00,0.00,0.00,0.00,0.00,0.00,0.00,0.00,0.00,0.00,0.00,0.00,0.00,0.00,0.00,0.00,0.00,0.00,0.00,0.00,0.00,0.00,0.00,0.00,0.00,0.00,0.00,0.00,0.00,0.00,0.00,0.00,0.00,0.00,0.00,0.00,0.00,0.00,0.00,0.00,0.00,3.00,0.00,0.00,0.00,0.00,1995.37
0.50,0.00,0.00,0.00,0.00,0.00,0.00,0.00,0.00,99.50,0.00,38.00,0.00,0.00,0.00,0.00,0.00,0.00,2.00,0.00,0.00,0.00,0.00,0.00,0.00,0.00,0.00,0.00,676416,1161324,1364304,66.85,47288,556164,3721104,182.34,828864,371924,56,597392,100736,7344,29016,0,0,0,0.00,0,0.00,0,0,0.00,26466,7648,36824,0,0,459,0.00,0.00,0.00,0,0.00,0.00,0.00,0.00,0.00,0.00,0.00,0.00,0.00,0.00,0.00,0.00,0.00,0.00,5.00,0.00,0.29,0.00,0.00,0.00,0.00,0.00,0.00,0.00,0.00,0.00,0.00,0.00,0.00,0.00,0.00,0.00,0.00,0.00,0.00,0.00,0.00,0.00,0.00,0.00,0.00,0.00,0.00,0.00,0.00,0.00,0.00,0.00,724,3,5,0,0,0,0.00,0.00,0.00,0.00,0.00,0.00,0.00,0.00,0.00,0.00,0.00,0.00,0.00,0.00,0.00,0.00,0.00,0.00,0.00,0.00,0.00,0.00,0.00,0.00,0.00,0.00,0.00,0.00,0.00,0.00,0.00,0.00,0.00,0.00,0.00,0.00,0.00,0.00,0.00,0.00,0.00,0.00,0.00,0.00,0.00,0.00,0.00,0.00,0.00,0.00,0.00,0.00,0.00,0.00,0.00,3,2,1,0,0.00,0.00,0.00,0.00,0.00,0.00,0.00,0.00,0.00,0.00,0.00,0.00,0.00,0.00,0.00,0.00,0.00,0.00,0.00,0.00,0.00,0.00,0.00,0.00,0.00,0.00,0.00,0.00,0.00,0.00,0.00,0.00,0.00,0.00,0.00,0.00,0.00,0.00,0.00,0.00,0.00,0.00,0.00,0.00,0.00,0.00,0.00,0.00,0.00,0.00,0.00,0.00,0.00,5.00,0.00,0.00,0.00,0.00,1995.37
0.50,0.00,0.50,0.00,0.00,0.00,1.00,0.00,0.00,98.01,0.00,83.00,0.00,0.00,0.00,0.00,0.00,0.00,2387.00,0.00,0.00,0.00,0.00,0.00,0.00,0.00,0.00,0.00,676416,1161324,1364304,66.85,47288,556196,3721104,182.34,828864,371924,88,597392,100736,7344,29016,0,0,0,0.00,0,0.00,0,0,0.00,26466,7648,36824,0,0,459,0.00,0.00,0.00,0,0.00,0.00,0.00,0.00,0.00,0.00,0.00,0.00,0.00,0.00,0.00,0.00,0.00,0.00,4731.00,0.00,6875.08,0.00,0.00,0.00,0.00,0.00,0.00,0.00,0.00,1.00,0.00,0.00,0.00,0.00,0.00,0.00,0.00,0.00,0.00,0.00,0.00,0.00,0.00,0.00,0.00,0.00,0.00,0.00,0.00,0.00,0.00,0.00,724,3,5,0,0,0,4725.00,0.00,105.00,0.00,4725.00,105.00,0.00,0.00,0.00,0.00,0.00,0.00,0.00,0.00,0.00,0.00,0.00,0.00,0.00,0.00,0.00,0.00,0.00,0.00,0.00,0.00,0.00,0.00,0.00,0.00,0.00,0.00,0.00,0.00,0.00,0.00,0.00,0.00,0.00,0.00,0.00,0.00,0.00,0.00,105.00,0.00,0.00,0.00,0.00,0.00,0.00,0.00,0.00,0.00,0.00,3,2,1,0,0.00,0.00,0.00,0.00,0.00,0.00,0.00,0.00,0.00,0.00,0.00,0.00,0.00,0.00,0.00,0.00,0.00,0.00,0.00,0.00,0.00,0.00,0.00,0.00,0.00,0.00,0.00,0.00,0.00,0.00,0.00,0.00,0.00,0.00,0.00,0.00,0.00,0.00,0.00,0.00,0.00,0.00,0.00,0.00,0.00,0.00,0.00,0.00,0.00,0.00,0.00,0.00,0.00,4731.00,0.00,0.00,0.00,0.00,1995.37
0.00,0.00,0.00,0.00,0.00,0.00,0.00,0.00,0.00,100.00,0.00,76.00,0.00,0.00,0.00,0.00,0.00,0.00,666.00,0.00,0.00,0.00,0.00,0.00,0.00,0.00,0.00,0.00,676544,1161508,1364176,66.85,47288,556212,3721104,182.34,828864,371980,104,597392,100736,7344,29016,0,0,0,0.00,0,0.00,0,0,0.00,26466,7648,36824,0,0,459,0.00,0.00,0.00,0,0.00,0.00,0.00,0.00,0.00,0.00,0.00,0.00,0.00,0.00,0.00,0.00,0.00,0.00,1311.00,1.00,1899.09,0.04,0.00,0.00,0.00,0.00,0.00,0.00,0.00,0.00,0.00,0.00,0.00,0.00,0.00,0.00,0.00,0.00,0.00,0.00,0.00,0.00,0.00,0.00,0.00,0.00,0.00,0.00,0.00,0.00,0.00,0.00,724,3,5,0,0,0,1305.00,0.00,29.00,0.00,1305.00,29.00,0.00,0.00,0.00,0.00,0.00,0.00,0.00,0.00,0.00,0.00,0.00,0.00,0.00,0.00,0.00,0.00,0.00,0.00,0.00,0.00,0.00,0.00,0.00,0.00,0.00,0.00,0.00,0.00,0.00,0.00,0.00,0.00,0.00,0.00,0.00,0.00,0.00,0.00,29.00,0.00,0.00,0.00,0.00,0.00,0.00,0.00,0.00,0.00,0.00,3,2,1,0,0.00,0.00,0.00,0.00,0.00,0.00,0.00,0.00,0.00,0.00,0.00,0.00,0.00,0.00,0.00,0.00,0.00,0.00,0.00,0.00,0.00,0.00,0.00,0.00,0.00,0.00,0.00,0.00,0.00,0.00,0.00,0.00,0.00,0.00,0.00,0.00,0.00,0.00,0.00,0.00,0.00,0.00,0.00,0.00,0.00,0.00,0.00,0.00,0.00,0.00,0.00,0.00,0.00,1311.00,0.00,0.00,0.00,0.00,1995.37
0.50,0.00,0.50,1.00,0.00,0.00,0.50,0.00,0.00,97.50,0.00,113.00,0.00,0.00,0.00,64.00,0.00,0.00,2578.00,0.00,0.00,0.00,0.00,4.00,0.00,4.00,0.00,64.00,676544,1161532,1364176,66.85,47296,556228,3721104,182.34,828864,372000,80,597392,100740,7344,29016,0,0,0,0.00,0,0.00,0,0,0.00,26466,7648,36824,0,0,459,0.00,0.00,0.00,0,0.00,0.00,0.00,0.00,0.00,0.00,4.00,0.00,32.00,8.00,0.22,7.00,7.00,2.80,5135.00,0.00,7464.29,0.00,0.00,0.00,0.00,0.00,0.00,0.00,0.00,1.00,0.00,0.00,0.00,0.00,0.00,0.00,0.00,0.00,0.00,0.00,0.00,0.00,0.00,0.00,0.00,0.00,0.00,0.00,0.00,0.00,0.00,0.00,724,3,5,0,0,0,5130.00,0.00,114.00,0.00,5130.00,114.00,0.00,0.00,0.00,0.00,0.00,0.00,0.00,0.00,0.00,0.00,0.00,0.00,0.00,0.00,0.00,0.00,0.00,0.00,0.00,0.00,0.00,0.00,0.00,0.00,0.00,0.00,0.00,0.00,0.00,0.00,0.00,0.00,0.00,0.00,0.00,0.00,0.00,0.00,114.00,0.00,0.00,0.00,0.00,0.00,0.00,0.00,0.00,0.00,0.00,3,2,1,0,0.00,0.00,0.00,0.00,0.00,0.00,0.00,0.00,0.00,0.00,0.00,0.00,0.00,0.00,0.00,0.00,0.00,0.00,0.00,0.00,0.00,0.00,0.00,0.00,0.00,0.00,0.00,0.00,0.00,0.00,0.00,0.00,0.00,0.00,0.00,0.00,0.00,0.00,0.00,0.00,0.00,0.00,0.00,0.00,0.00,0.00,0.00,0.00,0.00,0.00,0.00,0.00,0.00,5135.00,0.00,0.00,0.00,0.00,1995.37
0.00,0.00,0.50,0.00,0.00,0.00,0.00,0.00,0.00,99.50,0.00,46.00,0.00,0.00,0.00,0.00,0.00,0.00,10.00,0.00,0.00,0.00,0.00,8.00,0.00,8.00,0.00,64.00,676452,1161440,1364268,66.85,47296,556240,3721104,182.34,828864,372000,92,597392,100740,7344,29016,0,0,0,0.00,0,0.00,0,0,0.00,26466,7648,36824,0,0,459,0.00,0.00,0.00,0,0.00,0.00,0.00,0.00,0.00,0.00,8.00,0.00,32.00,4.00,0.68,125.50,13.00,10.40,9.00,0.00,0.53,0.00,0.00,0.00,0.00,0.00,0.00,0.00,0.00,0.00,0.00,0.00,0.00,0.00,0.00,0.00,0.00,0.00,0.00,0.00,0.00,0.00,0.00,0.00,0.00,0.00,0.00,0.00,0.00,0.00,0.00,0.00,724,3,5,0,0,0,0.00,0.00,0.00,0.00,0.00,0.00,0.00,0.00,0.00,0.00,0.00,0.00,0.00,0.00,0.00,0.00,0.00,0.00,0.00,0.00,0.00,0.00,0.00,0.00,0.00,0.00,0.00,0.00,0.00,0.00,0.00,0.00,0.00,0.00,0.00,0.00,0.00,0.00,0.00,0.00,0.00,0.00,0.00,0.00,0.00,0.00,0.00,0.00,0.00,0.00,0.00,0.00,0.00,0.00,0.00,3,2,1,0,0.00,0.00,0.00,0.00,0.00,0.00,0.00,0.00,0.00,0.00,0.00,0.00,0.00,0.00,0.00,0.00,0.00,0.00,0.00,0.00,0.00,0.00,0.00,0.00,0.00,0.00,0.00,0.00,0.00,0.00,0.00,0.00,0.00,0.00,0.00,0.00,0.00,0.00,0.00,0.00,0.00,0.00,0.00,0.00,0.00,0.00,0.00,0.00,0.00,0.00,0.00,0.00,0.00,9.00,0.00,0.00,0.00,0.00,1995.37
1.50,0.00,0.50,0.00,0.00,0.00,0.00,0.00,0.00,98.00,0.00,75.00,0.00,0.00,0.00,0.00,16.00,0.00,9.00,0.00,0.00,0.00,0.00,0.00,0.00,0.00,0.00,0.00,676576,1161588,1364144,66.85,47296,556256,3721104,182.34,828884,372000,108,597388,100740,7344,29016,0,0,0,0.00,0,0.00,0,0,0.00,26466,7648,36824,0,0,459,0.00,0.00,0.00,0,0.00,0.00,0.00,0.00,0.00,0.00,0.00,0.00,0.00,0.00,0.00,0.00,0.00,0.00,4.00,0.00,0.23,0.00,0.00,0.00,0.00,0.00,0.00,0.00,0.00,1.00,0.00,0.00,0.00,0.00,0.00,0.00,0.00,0.00,0.00,0.00,0.00,0.00,0.00,0.00,0.00,0.00,0.00,0.00,0.00,0.00,0.00,0.00,724,3,5,0,0,0,0.00,0.00,0.00,0.00,0.00,0.00,0.00,0.00,0.00,0.00,0.00,0.00,0.00,0.00,0.00,0.00,0.00,0.00,0.00,0.00,0.00,0.00,0.00,0.00,0.00,0.00,0.00,0.00,0.00,0.00,0.00,0.00,0.00,0.00,0.00,0.00,0.00,0.00,0.00,0.00,0.00,0.00,0.00,0.00,0.00,0.00,0.00,0.00,0.00,0.00,0.00,0.00,0.00,0.00,0.00,3,2,1,0,0.00,0.00,0.00,0.00,0.00,0.00,0.00,0.00,0.00,0.00,0.00,0.00,0.00,0.00,0.00,0.00,0.00,0.00,0.00,0.00,0.00,0.00,0.00,0.00,0.00,0.00,0.00,0.00,0.00,0.00,0.00,0.00,0.00,0.00,0.00,0.00,0.00,0.00,0.00,0.00,0.00,0.00,0.00,0.00,0.00,0.00,0.00,0.00,0.00,0.00,0.00,0.00,0.00,4.00,0.00,0.00,0.00,0.00,1995.37
0.50,0.00,0.00,0.00,0.00,0.00,0.00,0.00,0.00,99.50,0.00,46.00,0.00,0.00,0.00,0.00,0.00,0.00,42.00,0.00,0.00,0.00,0.00,0.00,0.00,0.00,0.00,0.00,676480,1161492,1364240,66.85,47296,556272,3721104,182.34,828884,372000,124,597388,100740,7344,29016,0,0,0,0.00,0,0.00,0,0,0.00,26466,7648,36824,0,0,459,0.00,0.00,0.00,0,0.00,0.00,0.00,0.00,0.00,0.00,0.00,0.00,0.00,0.00,0.00,0.00,0.00,0.00,93.00,0.00,131.12,0.00,0.00,0.00,0.00,0.00,0.00,0.00,0.00,0.00,0.00,0.00,0.00,0.00,0.00,0.00,0.00,0.00,0.00,0.00,0.00,0.00,0.00,0.00,0.00,0.00,0.00,0.00,0.00,0.00,0.00,0.00,724,3,5,0,0,0,90.00,0.00,2.00,0.00,90.00,2.00,0.00,0.00,0.00,0.00,0.00,0.00,0.00,0.00,0.00,0.00,0.00,0.00,0.00,0.00,0.00,0.00,0.00,0.00,0.00,0.00,0.00,0.00,0.00,0.00,0.00,0.00,0.00,0.00,0.00,0.00,0.00,0.00,0.00,0.00,0.00,0.00,0.00,0.00,2.00,0.00,0.00,0.00,0.00,0.00,0.00,0.00,0.00,0.00,0.00,3,2,1,0,0.00,0.00,0.00,0.00,0.00,0.00,0.00,0.00,0.00,0.00,0.00,0.00,0.00,0.00,0.00,0.00,0.00,0.00,0.00,0.00,0.00,0.00,0.00,0.00,0.00,0.00,0.00,0.00,0.00,0.00,0.00,0.00,0.00,0.00,0.00,0.00,0.00,0.00,0.00,0.00,0.00,0.00,0.00,0.00,0.00,0.00,0.00,0.00,0.00,0.00,0.00,0.00,0.00,93.00,0.00,0.00,0.00,0.00,1995.37
0.00,0.00,0.00,0.00,0.00,0.00,0.50,0.00,0.00,99.50,0.00,72.00,0.00,0.00,0.00,0.00,0.00,0.00,1434.00,0.00,0.00,0.00,0.00,0.00,0.00,0.00,0.00,0.00,676480,1161548,1364240,66.85,47296,556288,3721104,182.34,828884,372056,140,597388,100740,7344,29016,0,0,0,0.00,0,0.00,0,0,0.00,26466,7648,36824,0,0,459,0.00,0.00,0.00,0,0.00,0.00,0.00,0.00,0.00,0.00,0.00,0.00,0.00,0.00,0.00,0.00,0.00,0.00,2842.00,0.00,4125.25,0.00,0.00,0.00,0.00,0.00,0.00,0.00,0.00,1.00,0.00,0.00,0.00,0.00,0.00,0.00,0.00,0.00,0.00,0.00,0.00,0.00,0.00,0.00,0.00,0.00,0.00,0.00,0.00,0.00,0.00,0.00,724,3,5,0,0,0,2835.00,0.00,63.00,0.00,2835.00,63.00,0.00,0.00,0.00,0.00,0.00,0.00,0.00,0.00,0.00,0.00,0.00,0.00,0.00,0.00,0.00,0.00,0.00,0.00,0.00,0.00,0.00,0.00,0.00,0.00,0.00,0.00,0.00,0.00,0.00,0.00,0.00,0.00,0.00,0.00,0.00,0.00,0.00,0.00,63.00,0.00,0.00,0.00,0.00,0.00,0.00,0.00,0.00,0.00,0.00,3,2,1,0,0.00,0.00,0.00,0.00,0.00,0.00,0.00,0.00,0.00,0.00,0.00,0.00,0.00,0.00,0.00,0.00,0.00,0.00,0.00,0.00,0.00,0.00,0.00,0.00,0.00,0.00,0.00,0.00,0.00,0.00,0.00,0.00,0.00,0.00,0.00,0.00,0.00,0.00,0.00,0.00,0.00,0.00,0.00,0.00,0.00,0.00,0.00,0.00,0.00,0.00,0.00,0.00,0.00,2842.00,0.00,0.00,0.00,0.00,1995.37
0.50,0.00,0.00,1.00,0.00,0.00,0.00,0.00,0.00,98.50,0.00,66.00,0.00,0.00,0.00,12.00,0.00,0.00,163.00,0.00,0.00,0.00,0.00,2.00,0.00,2.00,0.00,24.00,676420,1161488,1364300,66.85,47304,556304,3721104,182.34,828884,372056,156,597388,100740,7344,29016,0,0,0,0.00,0,0.00,0,0,0.00,26466,7648,36824,0,0,459,0.00,0.00,0.00,0,0.00,0.00,0.00,0.00,0.00,0.00,2.00,0.00,12.00,6.00,0.00,14.00,0.00,0.00,325.00,0.00,458.90,0.00,0.00,0.00,0.00,0.00,0.00,0.00,0.00,0.00,0.00,0.00,0.00,0.00,0.00,0.00,0.00,0.00,0.00,0.00,0.00,0.00,0.00,0.00,0.00,0.00,0.00,0.00,0.00,0.00,0.00,0.00,724,3,5,0,0,0,315.00,0.00,7.00,0.00,315.00,7.00,0.00,0.00,0.00,0.00,0.00,0.00,0.00,0.00,0.00,0.00,0.00,0.00,0.00,0.00,0.00,0.00,0.00,0.00,0.00,0.00,0.00,0.00,0.00,0.00,0.00,0.00,0.00,0.00,0.00,0.00,0.00,0.00,0.00,0.00,0.00,0.00,0.00,0.00,7.00,0.00,0.00,0.00,0.00,0.00,0.00,0.00,0.00,0.00,0.00,3,2,1,0,0.00,0.00,0.00,0.00,0.00,0.00,0.00,0.00,0.00,0.00,0.00,0.00,0.00,0.00,0.00,0.00,0.00,0.00,0.00,0.00,0.00,0.00,0.00,0.00,0.00,0.00,0.00,0.00,0.00,0.00,0.00,0.00,0.00,0.00,0.00,0.00,0.00,0.00,0.00,0.00,0.00,0.00,0.00,0.00,0.00,0.00,0.00,0.00,0.00,0.00,0.00,0.00,0.00,325.00,0.00,0.00,0.00,0.00,1995.37
0.00,0.00,0.00,0.00,0.50,0.00,1.01,0.00,0.00,98.49,0.00,111.00,0.00,0.00,0.00,0.00,0.00,0.00,4491.00,0.00,0.00,0.00,0.00,0.00,0.00,0.00,0.00,0.00,676420,1161488,1364300,66.85,47304,556316,3721104,182.34,828884,372056,168,597388,100740,7344,29016,0,0,0,0.00,0,0.00,0,0,0.00,26466,7648,36824,0,0,459,0.00,0.00,0.00,0,0.00,0.00,0.00,0.00,0.00,0.00,0.00,0.00,0.00,0.00,0.00,0.00,0.00,0.00,8916.00,0.00,12964.13,0.00,0.00,0.00,0.00,0.00,0.00,0.00,0.00,1.00,0.00,0.00,0.00,0.00,0.00,0.00,0.00,0.00,0.00,0.00,0.00,0.00,0.00,0.00,0.00,0.00,0.00,0.00,0.00,0.00,0.00,0.00,724,3,5,0,0,0,8910.00,0.00,198.00,0.00,8910.00,198.00,0.00,0.00,0.00,0.00,0.00,0.00,0.00,0.00,0.00,0.00,0.00,0.00,0.00,0.00,0.00,0.00,0.00,0.00,0.00,0.00,0.00,0.00,0.00,0.00,0.00,0.00,0.00,0.00,0.00,0.00,0.00,0.00,0.00,0.00,0.00,0.00,0.00,0.00,198.00,0.00,0.00,0.00,0.00,0.00,0.00,0.00,0.00,0.00,0.00,3,2,1,0,0.00,0.00,0.00,0.00,0.00,0.00,0.00,0.00,0.00,0.00,0.00,0.00,0.00,0.00,0.00,0.00,0.00,0.00,0.00,0.00,0.00,0.00,0.00,0.00,0.00,0.00,0.00,0.00,0.00,0.00,0.00,0.00,0.00,0.00,0.00,0.00,0.00,0.00,0.00,0.00,0.00,0.00,0.00,0.00,0.00,0.00,0.00,0.00,0.00,0.00,0.00,0.00,0.00,8916.00,0.00,0.00,0.00,0.00,1995.37
0.00,0.00,0.00,0.00,0.00,0.00,0.50,0.00,0.00,99.50,0.00,60.00,0.00,0.00,0.00,0.00,0.00,0.00,1251.00,0.00,0.00,0.00,0.00,0.00,0.00,0.00,0.00,0.00,676292,1161360,1364428,66.86,47304,556332,3721104,182.34,828884,372056,184,597388,100740,7344,29016,0,0,0,0.00,0,0.00,0,0,0.00,26466,7648,36824,0,0,459,0.00,0.00,0.00,0,0.00,0.00,0.00,0.00,0.00,0.00,0.00,0.00,0.00,0.00,0.00,0.00,0.00,0.00,2479.00,0.00,3601.28,0.00,0.00,0.00,0.00,0.00,0.00,0.00,0.00,0.00,0.00,0.00,0.00,0.00,0.00,0.00,0.00,0.00,0.00,0.00,0.00,0.00,0.00,0.00,0.00,0.00,0.00,0.00,0.00,0.00,0.00,0.00,724,3,5,0,0,0,2475.00,0.00,55.00,0.00,2475.00,55.00,0.00,0.00,0.00,0.00,0.00,0.00,0.00,0.00,0.00,0.00,0.00,0.00,0.00,0.00,0.00,0.00,0.00,0.00,0.00,0.00,0.00,0.00,0.00,0.00,0.00,0.00,0.00,0.00,0.00,0.00,0.00,0.00,0.00,0.00,0.00,0.00,0.00,0.00,55.00,0.00,0.00,0.00,0.00,0.00,0.00,0.00,0.00,0.00,0.00,3,2,1,0,0.00,0.00,0.00,0.00,0.00,0.00,0.00,0.00,0.00,0.00,0.00,0.00,0.00,0.00,0.00,0.00,0.00,0.00,0.00,0.00,0.00,0.00,0.00,0.00,0.00,0.00,0.00,0.00,0.00,0.00,0.00,0.00,0.00,0.00,0.00,0.00,0.00,0.00,0.00,0.00,0.00,0.00,0.00,0.00,0.00,0.00,0.00,0.00,0.00,0.00,0.00,0.00,0.00,2479.00,0.00,0.00,0.00,0.00,1995.37
0.50,0.00,0.50,0.00,0.00,0.00,0.50,0.00,0.00,98.51,0.00,47.00,0.00,0.00,0.00,0.00,0.00,0.00,938.00,0.00,0.00,0.00,0.00,0.00,0.00,0.00,0.00,0.00,676420,1161488,1364300,66.85,47304,556332,3721104,182.34,828884,372056,184,597388,100740,7344,29016,0,0,0,0.00,0,0.00,0,0,0.00,26466,7648,36824,0,0,459,0.00,0.00,0.00,0,0.00,0.00,0.00,0.00,0.00,0.00,0.00,0.00,0.00,0.00,0.00,0.00,0.00,0.00,1850.00,0.00,2684.71,0.00,0.00,0.00,0.00,0.00,0.00,0.00,0.00,1.00,0.00,0.00,0.00,0.00,0.00,0.00,0.00,0.00,0.00,0.00,0.00,0.00,0.00,0.00,0.00,0.00,0.00,0.00,0.00,0.00,0.00,0.00,724,3,5,0,0,0,1845.00,0.00,41.00,0.00,1845.00,41.00,0.00,0.00,0.00,0.00,0.00,0.00,0.00,0.00,0.00,0.00,0.00,0.00,0.00,0.00,0.00,0.00,0.00,0.00,0.00,0.00,0.00,0.00,0.00,0.00,0.00,0.00,0.00,0.00,0.00,0.00,0.00,0.00,0.00,0.00,0.00,0.00,0.00,0.00,41.00,0.00,0.00,0.00,0.00,0.00,0.00,0.00,0.00,0.00,0.00,3,2,1,0,0.00,0.00,0.00,0.00,0.00,0.00,0.00,0.00,0.00,0.00,0.00,0.00,0.00,0.00,0.00,0.00,0.00,0.00,0.00,0.00,0.00,0.00,0.00,0.00,0.00,0.00,0.00,0.00,0.00,0.00,0.00,0.00,0.00,0.00,0.00,0.00,0.00,0.00,0.00,0.00,0.00,0.00,0.00,0.00,0.00,0.00,0.00,0.00,0.00,0.00,0.00,0.00,0.00,1850.00,0.00,0.00,0.00,0.00,1995.37
0.50,0.00,0.00,0.00,0.00,0.00,0.00,0.00,0.00,99.50,0.00,60.00,0.00,0.00,0.00,0.00,0.00,0.00,1250.00,0.00,0.00,0.00,0.00,0.00,0.00,0.00,0.00,0.00,676168,1161292,1364552,66.87,47304,556364,3721104,182.34,828884,372112,216,597388,100740,7344,29016,0,0,0,0.00,0,0.00,0,0,0.00,26466,7648,36824,0,0,459,0.00,0.00,0.00,0,0.00,0.00,0.00,0.00,0.00,0.00,0.00,0.00,0.00,0.00,0.00,0.00,0.00,0.00,2483.00,0.00,3601.52,0.00,0.00,0.00,0.00,0.00,0.00,0.00,0.00,0.00,0.00,0.00,0.00,0.00,0.00,0.00,0.00,0.00,0.00,0.00,0.00,0.00,0.00,0.00,0.00,0.00,0.00,0.00,0.00,0.00,0.00,0.00,724,3,5,0,0,0,2475.00,0.00,55.00,0.00,2475.00,55.00,0.00,0.00,0.00,0.00,0.00,0.00,0.00,0.00,0.00,0.00,0.00,0.00,0.00,0.00,0.00,0.00,0.00,0.00,0.00,0.00,0.00,0.00,0.00,0.00,0.00,0.00,0.00,0.00,0.00,0.00,0.00,0.00,0.00,0.00,0.00,0.00,0.00,0.00,55.00,0.00,0.00,0.00,0.00,0.00,0.00,0.00,0.00,0.00,0.00,3,2,1,0,0.00,0.00,0.00,0.00,0.00,0.00,0.00,0.00,0.00,0.00,0.00,0.00,0.00,0.00,0.00,0.00,0.00,0.00,0.00,0.00,0.00,0.00,0.00,0.00,0.00,0.00,0.00,0.00,0.00,0.00,0.00,0.00,0.00,0.00,0.00,0.00,0.00,0.00,0.00,0.00,0.00,0.00,0.00,0.00,0.00,0.00,0.00,0.00,0.00,0.00,0.00,0.00,0.00,2483.00,0.00,0.00,0.00,0.00,1995.37
0.00,0.00,0.50,1.50,0.00,0.00,1.00,0.00,0.00,97.00,0.00,101.00,0.00,0.00,0.00,12.00,0.00,0.00,5036.00,0.00,0.00,0.00,0.00,2.00,0.00,2.00,0.00,24.00,676232,1161356,1364488,66.86,47312,556380,3721104,182.34,828884,372112,232,597388,100744,7344,29016,0,0,0,0.00,0,0.00,0,0,0.00,26466,7648,36824,0,0,459,0.00,0.00,0.00,0,0.00,0.00,0.00,0.00,0.00,0.00,2.00,0.00,12.00,6.00,0.00,16.00,0.00,0.00,9996.00,0.00,14535.53,0.00,0.00,0.00,0.00,0.00,0.00,0.00,0.00,3.00,0.00,0.00,0.00,0.00,0.00,0.00,0.00,0.00,0.00,0.00,0.00,0.00,0.00,0.00,0.00,0.00,0.00,0.00,0.00,0.00,0.00,0.00,724,3,5,0,0,0,9990.00,0.00,222.00,0.00,9990.00,222.00,0.00,0.00,0.00,0.00,0.00,0.00,0.00,0.00,0.00,0.00,0.00,0.00,0.00,0.00,0.00,0.00,0.00,0.00,0.00,0.00,0.00,0.00,0.00,0.00,0.00,0.00,0.00,0.00,0.00,0.00,0.00,0.00,0.00,0.00,0.00,0.00,0.00,0.00,222.00,0.00,0.00,0.00,0.00,0.00,0.00,0.00,0.00,0.00,0.00,3,2,1,0,0.00,0.00,0.00,0.00,0.00,0.00,0.00,0.00,0.00,0.00,0.00,0.00,0.00,0.00,0.00,0.00,0.00,0.00,0.00,0.00,0.00,0.00,0.00,0.00,0.00,0.00,0.00,0.00,0.00,0.00,0.00,0.00,0.00,0.00,0.00,0.00,0.00,0.00,0.00,0.00,0.00,0.00,0.00,0.00,0.00,0.00,0.00,0.00,0.00,0.00,0.00,0.00,0.00,9996.00,0.00,0.00,0.00,0.00,1995.37
0.00,0.00,0.00,0.00,0.00,0.00,0.50,0.00,0.00,99.50,0.00,51.00,0.00,0.00,0.00,0.00,0.00,0.00,874.00,0.00,0.00,0.00,0.00,0.00,0.00,0.00,0.00,0.00,676264,1161388,1364456,66.86,47312,556392,3721104,182.34,828884,372112,244,597388,100744,7344,29016,0,0,0,0.00,0,0.00,0,0,0.00,26466,7648,36824,0,0,459,0.00,0.00,0.00,0,0.00,0.00,0.00,0.00,0.00,0.00,0.00,0.00,0.00,0.00,0.00,0.00,0.00,0.00,1714.00,0.00,2488.23,0.00,0.00,0.00,0.00,0.00,0.00,0.00,0.00,0.00,0.00,0.00,0.00,0.00,0.00,0.00,0.00,0.00,0.00,0.00,0.00,0.00,0.00,0.00,0.00,0.00,0.00,0.00,0.00,0.00,0.00,0.00,724,3,5,0,0,0,1710.00,0.00,38.00,0.00,1710.00,38.00,0.00,0.00,0.00,0.00,0.00,0.00,0.00,0.00,0.00,0.00,0.00,0.00,0.00,0.00,0.00,0.00,0.00,0.00,0.00,0.00,0.00,0.00,0.00,0.00,0.00,0.00,0.00,0.00,0.00,0.00,0.00,0.00,0.00,0.00,0.00,0.00,0.00,0.00,38.00,0.00,0.00,0.00,0.00,0.00,0.00,0.00,0.00,0.00,0.00,3,2,1,0,0.00,0.00,0.00,0.00,0.00,0.00,0.00,0.00,0.00,0.00,0.00,0.00,0.00,0.00,0.00,0.00,0.00,0.00,0.00,0.00,0.00,0.00,0.00,0.00,0.00,0.00,0.00,0.00,0.00,0.00,0.00,0.00,0.00,0.00,0.00,0.00,0.00,0.00,0.00,0.00,0.00,0.00,0.00,0.00,0.00,0.00,0.00,0.00,0.00,0.00,0.00,0.00,0.00,1714.00,0.00,0.00,0.00,0.00,1995.37
1.00,0.00,0.00,0.00,0.00,0.00,0.00,0.00,0.00,99.00,0.00,58.00,0.00,0.00,0.00,0.00,0.00,0.00,115.00,0.00,0.00,0.00,0.00,0.00,0.00,0.00,0.00,0.00,676168,1161348,1364552,66.87,47312,556408,3721104,182.34,828884,372168,260,597388,100744,7344,29016,0,0,0,0.00,0,0.00,0,0,0.00,26466,7648,36824,0,0,459,0.08,0.02,0.01,0,0.00,0.00,0.00,0.00,0.00,0.00,0.00,0.00,0.00,0.00,0.00,0.00,0.00,0.00,231.00,0.00,327.72,0.00,0.00,0.00,0.00,0.00,0.00,0.00,0.00,1.00,0.00,0.00,0.00,0.00,0.00,0.00,0.00,0.00,0.00,0.00,0.00,0.00,0.00,0.00,0.00,0.00,0.00,0.00,0.00,0.00,0.00,0.00,724,3,5,0,0,0,225.00,0.00,5.00,0.00,225.00,5.00,0.00,0.00,0.00,0.00,0.00,0.00,0.00,0.00,0.00,0.00,0.00,0.00,0.00,0.00,0.00,0.00,0.00,0.00,0.00,0.00,0.00,0.00,0.00,0.00,0.00,0.00,0.00,0.00,0.00,0.00,0.00,0.00,0.00,0.00,0.00,0.00,0.00,0.00,5.00,0.00,0.00,0.00,0.00,0.00,0.00,0.00,0.00,0.00,0.00,3,2,1,0,0.00,0.00,0.00,0.00,0.00,0.00,0.00,0.00,0.00,0.00,0.00,0.00,0.00,0.00,0.00,0.00,0.00,0.00,0.00,0.00,0.00,0.00,0.00,0.00,0.00,0.00,0.00,0.00,0.00,0.00,0.00,0.00,0.00,0.00,0.00,0.00,0.00,0.00,0.00,0.00,0.00,0.00,0.00,0.00,0.00,0.00,0.00,0.00,0.00,0.00,0.00,0.00,0.00,231.00,0.00,0.00,0.00,0.00,1995.37
0.00,0.00,0.00,0.00,0.00,0.00,0.00,0.00,0.00,100.00,0.00,39.00,0.00,0.00,0.00,0.00,0.00,0.00,2.00,0.00,0.00,0.00,0.00,0.00,0.00,0.00,0.00,0.00,676232,1161412,1364488,66.86,47312,556424,3721104,182.34,828884,372168,276,597388,100744,7344,29016,0,0,0,0.00,0,0.00,0,0,0.00,26466,7648,36824,0,0,459,0.08,0.02,0.01,0,0.00,0.00,0.00,0.00,0.00,0.00,0.00,0.00,0.00,0.00,0.00,0.00,0.00,0.00,7.00,0.00,0.41,0.00,0.00,0.00,0.00,0.00,0.00,0.00,0.00,0.00,0.00,0.00,0.00,0.00,0.00,0.00,0.00,0.00,0.00,0.00,0.00,0.00,0.00,0.00,0.00,0.00,0.00,0.00,0.00,0.00,0.00,0.00,724,3,5,0,0,0,0.00,0.00,0.00,0.00,0.00,0.00,0.00,0.00,0.00,0.00,0.00,0.00,0.00,0.00,0.00,0.00,0.00,0.00,0.00,0.00,0.00,0.00,0.00,0.00,0.00,0.00,0.00,0.00,0.00,0.00,0.00,0.00,0.00,0.00,0.00,0.00,0.00,0.00,0.00,0.00,0.00,0.00,0.00,0.00,0.00,0.00,0.00,0.00,0.00,0.00,0.00,0.00,0.00,0.00,0.00,3,2,1,0,0.00,0.00,0.00,0.00,0.00,0.00,0.00,0.00,0.00,0.00,0.00,0.00,0.00,0.00,0.00,0.00,0.00,0.00,0.00,0.00,0.00,0.00,0.00,0.00,0.00,0.00,0.00,0.00,0.00,0.00,0.00,0.00,0.00,0.00,0.00,0.00,0.00,0.00,0.00,0.00,0.00,0.00,0.00,0.00,0.00,0.00,0.00,0.00,0.00,0.00,0.00,0.00,0.00,7.00,0.00,0.00,0.00,0.00,1995.37
0.00,0.00,0.50,0.00,0.00,0.00,0.50,0.00,0.00,99.00,0.00,80.00,0.00,0.00,0.00,0.00,0.00,0.00,1274.00,0.00,0.00,0.00,0.00,0.00,0.00,0.00,0.00,0.00,676168,1161348,1364552,66.87,47312,556424,3721104,182.34,828884,372168,276,597388,100744,7344,29016,0,0,0,0.00,0,0.00,0,0,0.00,26466,7648,36824,0,0,459,0.08,0.02,0.01,0,0.00,0.00,0.00,0.00,0.00,0.00,0.00,0.00,0.00,0.00,0.00,0.00,0.00,0.00,2527.00,0.00,3666.93,0.00,0.00,0.00,0.00,0.00,0.00,0.00,0.00,1.00,0.00,0.00,0.00,0.00,0.00,0.00,0.00,0.00,0.00,0.00,0.00,0.00,0.00,0.00,0.00,0.00,0.00,0.00,0.00,0.00,0.00,0.00,724,3,5,0,0,0,2520.00,0.00,56.00,0.00,2520.00,56.00,0.00,0.00,0.00,0.00,0.00,0.00,0.00,0.00,0.00,0.00,0.00,0.00,0.00,0.00,0.00,0.00,0.00,0.00,0.00,0.00,0.00,0.00,0.00,0.00,0.00,0.00,0.00,0.00,0.00,0.00,0.00,0.00,0.00,0.00,0.00,0.00,0.00,0.00,56.00,0.00,0.00,0.00,0.00,0.00,0.00,0.00,0.00,0.00,0.00,3,2,1,0,0.00,0.00,0.00,0.00,0.00,0.00,0.00,0.00,0.00,0.00,0.00,0.00,0.00,0.00,0.00,0.00,0.00,0.00,0.00,0.00,0.00,0.00,0.00,0.00,0.00,0.00,0.00,0.00,0.00,0.00,0.00,0.00,0.00,0.00,0.00,0.00,0.00,0.00,0.00,0.00,0.00,0.00,0.00,0.00,0.00,0.00,0.00,0.00,0.00,0.00,0.00,0.00,0.00,2527.00,0.00,0.00,0.00,0.00,1995.37
0.00,0.00,0.50,4.98,0.00,0.00,0.50,0.00,0.00,94.03,0.00,90.00,0.00,0.00,0.00,12.00,0.00,0.00,1298.00,0.00,0.00,0.00,0.00,2.00,0.00,2.00,0.00,24.00,676232,1161468,1364488,66.86,47320,556456,3721104,182.34,828884,372224,308,597388,100744,7344,29016,0,0,0,0.00,0,0.00,0,0,0.00,26466,7648,36824,0,0,459,0.08,0.02,0.01,0,0.00,0.00,0.00,0.00,0.00,0.00,2.00,0.00,12.00,6.00,0.00,50.00,0.00,0.00,2569.00,0.00,3732.23,0.00,0.00,0.00,0.00,0.00,0.00,0.00,0.00,0.00,0.00,0.00,0.00,0.00,0.00,0.00,0.00,0.00,0.00,0.00,0.00,0.00,0.00,0.00,0.00,0.00,0.00,0.00,0.00,0.00,0.00,0.00,724,3,5,0,0,0,2565.00,0.00,57.00,0.00,2565.00,57.00,0.00,0.00,0.00,0.00,0.00,0.00,0.00,0.00,0.00,0.00,0.00,0.00,0.00,0.00,0.00,0.00,0.00,0.00,0.00,0.00,0.00,0.00,0.00,0.00,0.00,0.00,0.00,0.00,0.00,0.00,0.00,0.00,0.00,0.00,0.00,0.00,0.00,0.00,57.00,0.00,0.00,0.00,0.00,0.00,0.00,0.00,0.00,0.00,0.00,3,2,1,0,0.00,0.00,0.00,0.00,0.00,0.00,0.00,0.00,0.00,0.00,0.00,0.00,0.00,0.00,0.00,0.00,0.00,0.00,0.00,0.00,0.00,0.00,0.00,0.00,0.00,0.00,0.00,0.00,0.00,0.00,0.00,0.00,0.00,0.00,0.00,0.00,0.00,0.00,0.00,0.00,0.00,0.00,0.00,0.00,0.00,0.00,0.00,0.00,0.00,0.00,0.00,0.00,0.00,2569.00,0.00,0.00,0.00,0.00,1995.37
0.50,0.00,0.00,0.00,0.00,0.00,1.00,0.00,0.00,98.50,0.00,120.00,0.00,0.00,0.00,0.00,0.00,0.00,3994.00,0.00,0.00,0.00,0.00,0.00,0.00,0.00,0.00,0.00,676296,1161532,1364424,66.86,47320,556468,3721104,182.34,828884,372224,320,597388,100744,7344,29016,0,0,0,0.00,0,0.00,0,0,0.00,26466,7648,36824,0,0,459,0.08,0.02,0.01,0,0.00,0.00,0.00,0.00,0.00,0.00,0.00,0.00,0.00,0.00,0.00,0.00,0.00,0.00,7927.00,0.00,11523.77,0.00,0.00,0.00,0.00,0.00,0.00,0.00,0.00,1.00,0.00,0.00,0.00,0.00,0.00,0.00,0.00,0.00,0.00,0.00,0.00,0.00,0.00,0.00,0.00,0.00,0.00,0.00,0.00,0.00,0.00,0.00,724,3,5,0,0,0,7920.00,0.00,176.00,0.00,7920.00,176.00,0.00,0.00,0.00,0.00,0.00,0.00,0.00,0.00,0.00,0.00,0.00,0.00,0.00,0.00,0.00,0.00,0.00,0.00,0.00,0.00,0.00,0.00,0.00,0.00,0.00,0.00,0.00,0.00,0.00,0.00,0.00,0.00,0.00,0.00,0.00,0.00,0.00,0.00,176.00,0.00,0.00,0.00,0.00,0.00,0.00,0.00,0.00,0.00,0.00,3,2,1,0,0.00,0.00,0.00,0.00,0.00,0.00,0.00,0.00,0.00,0.00,0.00,0.00,0.00,0.00,0.00,0.00,0.00,0.00,0.00,0.00,0.00,0.00,0.00,0.00,0.00,0.00,0.00,0.00,0.00,0.00,0.00,0.00,0.00,0.00,0.00,0.00,0.00,0.00,0.00,0.00,0.00,0.00,0.00,0.00,0.00,0.00,0.00,0.00,0.00,0.00,0.00,0.00,0.00,7927.00,0.00,0.00,0.00,0.00,1995.37
0.50,0.00,0.00,0.00,0.00,0.00,0.50,0.00,0.00,99.00,0.00,59.00,0.00,0.00,0.00,0.00,0.00,0.00,867.00,0.00,0.00,0.00,0.00,0.00,0.00,0.00,0.00,0.00,676108,1161344,1364612,66.87,47320,556484,3721104,182.34,828884,372224,336,597388,100744,7344,29016,0,0,0,0.00,0,0.00,0,0,0.00,26466,7648,36824,0,0,459,0.07,0.02,0.00,0,0.00,0.00,0.00,0.00,0.00,0.00,0.00,0.00,0.00,0.00,0.00,0.00,0.00,0.00,1715.00,0.00,2488.29,0.00,0.00,0.00,0.00,0.00,0.00,0.00,0.00,0.00,0.00,0.00,0.00,0.00,0.00,0.00,0.00,0.00,0.00,0.00,0.00,0.00,0.00,0.00,0.00,0.00,0.00,0.00,0.00,0.00,0.00,0.00,724,3,5,0,0,0,1710.00,0.00,38.00,0.00,1710.00,38.00,0.00,0.00,0.00,0.00,0.00,0.00,0.00,0.00,0.00,0.00,0.00,0.00,0.00,0.00,0.00,0.00,0.00,0.00,0.00,0.00,0.00,0.00,0.00,0.00,0.00,0.00,0.00,0.00,0.00,0.00,0.00,0.00,0.00,0.00,0.00,0.00,0.00,0.00,38.00,0.00,0.00,0.00,0.00,0.00,0.00,0.00,0.00,0.00,0.00,3,2,1,0,0.00,0.00,0.00,0.00,0.00,0.00,0.00,0.00,0.00,0.00,0.00,0.00,0.00,0.00,0.00,0.00,0.00,0.00,0.00,0.00,0.00,0.00,0.00,0.00,0.00,0.00,0.00,0.00,0.00,0.00,0.00,0.00,0.00,0.00,0.00,0.00,0.00,0.00,0.00,0.00,0.00,0.00,0.00,0.00,0.00,0.00,0.00,0.00,0.00,0.00,0.00,0.00,0.00,1715.00,0.00,0.00,0.00,0.00,1995.37
0.00,0.00,0.50,0.00,0.00,0.00,0.00,0.00,0.00,99.50,0.00,37.00,0.00,0.00,0.00,0.00,0.00,0.00,19.00,0.00,0.00,0.00,0.00,0.00,0.00,0.00,0.00,0.00,676172,1161408,1364548,66.87,47320,556500,3721104,182.34,828884,372224,352,597388,100744,7344,29016,0,0,0,0.00,0,0.00,0,0,0.00,26466,7648,36824,0,0,459,0.07,0.02,0.00,0,0.00,0.00,0.00,0.00,0.00,0.00,0.00,0.00,0.00,0.00,0.00,0.00,0.00,0.00,47.00,0.00,65.59,0.00,0.00,0.00,0.00,0.00,0.00,0.00,0.00,1.00,0.00,0.00,0.00,0.00,0.00,0.00,0.00,0.00,0.00,0.00,0.00,0.00,0.00,0.00,0.00,0.00,0.00,0.00,0.00,0.00,0.00,0.00,724,3,5,0,0,0,45.00,0.00,1.00,0.00,45.00,1.00,0.00,0.00,0.00,0.00,0.00,0.00,0.00,0.00,0.00,0.00,0.00,0.00,0.00,0.00,0.00,0.00,0.00,0.00,0.00,0.00,0.00,0.00,0.00,0.00,0.00,0.00,0.00,0.00,0.00,0.00,0.00,0.00,0.00,0.00,0.00,0.00,0.00,0.00,1.00,0.00,0.00,0.00,0.00,0.00,0.00,0.00,0.00,0.00,0.00,3,2,1,0,0.00,0.00,0.00,0.00,0.00,0.00,0.00,0.00,0.00,0.00,0.00,0.00,0.00,0.00,0.00,0.00,0.00,0.00,0.00,0.00,0.00,0.00,0.00,0.00,0.00,0.00,0.00,0.00,0.00,0.00,0.00,0.00,0.00,0.00,0.00,0.00,0.00,0.00,0.00,0.00,0.00,0.00,0.00,0.00,0.00,0.00,0.00,0.00,0.00,0.00,0.00,0.00,0.00,47.00,0.00,0.00,0.00,0.00,1995.37
0.00,0.00,0.50,0.00,0.00,0.00,0.00,0.00,0.00,99.50,0.00,34.00,0.00,0.00,0.00,0.00,0.00,0.00,3.00,0.00,0.00,0.00,0.00,0.00,0.00,0.00,0.00,0.00,676172,1161408,1364548,66.87,47320,556500,3721104,182.34,828884,372224,352,597388,100744,7344,29016,0,0,0,0.00,0,0.00,0,0,0.00,26466,7648,36824,0,0,459,0.07,0.02,0.00,0,0.00,0.00,0.00,0.00,0.00,0.00,0.00,0.00,0.00,0.00,0.00,0.00,0.00,0.00,2.00,0.00,0.12,0.00,0.00,0.00,0.00,0.00,0.00,0.00,0.00,0.00,0.00,0.00,0.00,0.00,0.00,0.00,0.00,0.00,0.00,0.00,0.00,0.00,0.00,0.00,0.00,0.00,0.00,0.00,0.00,0.00,0.00,0.00,724,3,5,0,0,0,0.00,0.00,0.00,0.00,0.00,0.00,0.00,0.00,0.00,0.00,0.00,0.00,0.00,0.00,0.00,0.00,0.00,0.00,0.00,0.00,0.00,0.00,0.00,0.00,0.00,0.00,0.00,0.00,0.00,0.00,0.00,0.00,0.00,0.00,0.00,0.00,0.00,0.00,0.00,0.00,0.00,0.00,0.00,0.00,0.00,0.00,0.00,0.00,0.00,0.00,0.00,0.00,0.00,0.00,0.00,3,2,1,0,0.00,0.00,0.00,0.00,0.00,0.00,0.00,0.00,0.00,0.00,0.00,0.00,0.00,0.00,0.00,0.00,0.00,0.00,0.00,0.00,0.00,0.00,0.00,0.00,0.00,0.00,0.00,0.00,0.00,0.00,0.00,0.00,0.00,0.00,0.00,0.00,0.00,0.00,0.00,0.00,0.00,0.00,0.00,0.00,0.00,0.00,0.00,0.00,0.00,0.00,0.00,0.00,0.00,2.00,0.00,0.00,0.00,0.00,1995.37
0.00,0.00,0.00,2.53,0.00,0.00,0.00,0.00,0.00,97.47,0.00,61.00,0.00,0.00,0.00,12.00,0.00,0.00,59.00,0.00,0.00,0.00,0.00,2.00,0.00,2.00,0.00,24.00,676108,1161404,1364612,66.87,47328,556532,3721104,182.34,828884,372280,384,597388,100748,7344,29016,0,0,0,0.00,0,0.00,0,0,0.00,26466,7648,36824,0,0,459,0.07,0.02,0.00,0,0.00,0.00,0.00,0.00,0.00,0.00,2.00,0.00,12.00,6.00,0.00,28.00,0.00,0.00,93.00,0.00,131.12,0.00,0.00,0.00,0.00,0.00,0.00,0.00,0.00,1.00,0.00,0.00,0.00,0.00,0.00,0.00,0.00,0.00,0.00,0.00,0.00,0.00,0.00,0.00,0.00,0.00,0.00,0.00,0.00,0.00,0.00,0.00,724,3,5,0,0,0,90.00,0.00,2.00,0.00,90.00,2.00,0.00,0.00,0.00,0.00,0.00,0.00,0.00,0.00,0.00,0.00,0.00,0.00,0.00,0.00,0.00,0.00,0.00,0.00,0.00,0.00,0.00,0.00,0.00,0.00,0.00,0.00,0.00,0.00,0.00,0.00,0.00,0.00,0.00,0.00,0.00,0.00,0.00,0.00,2.00,0.00,0.00,0.00,0.00,0.00,0.00,0.00,0.00,0.00,0.00,3,2,1,0,0.00,0.00,0.00,0.00,0.00,0.00,0.00,0.00,0.00,0.00,0.00,0.00,0.00,0.00,0.00,0.00,0.00,0.00,0.00,0.00,0.00,0.00,0.00,0.00,0.00,0.00,0.00,0.00,0.00,0.00,0.00,0.00,0.00,0.00,0.00,0.00,0.00,0.00,0.00,0.00,0.00,0.00,0.00,0.00,0.00,0.00,0.00,0.00,0.00,0.00,0.00,0.00,0.00,93.00,0.00,0.00,0.00,0.00,1995.37
0.00,0.00,0.00,0.00,0.00,0.00,0.50,0.00,0.00,99.50,0.00,64.00,0.00,0.00,0.00,0.00,0.00,0.00,1426.00,0.00,0.00,0.00,0.00,0.00,0.00,0.00,0.00,0.00,676044,1161340,1364676,66.87,47328,556544,3721104,182.34,828884,372280,396,597388,100748,7344,29016,0,0,0,0.00,0,0.00,0,0,0.00,26466,7648,36824,0,0,459,0.07,0.02,0.00,0,0.00,0.00,0.00,0.00,0.00,0.00,0.00,0.00,0.00,0.00,0.00,0.00,0.00,0.00,2841.00,0.00,4125.19,0.00,0.00,0.00,0.00,0.00,0.00,0.00,0.00,0.00,0.00,0.00,0.00,0.00,0.00,0.00,0.00,0.00,0.00,0.00,0.00,0.00,0.00,0.00,0.00,0.00,0.00,0.00,0.00,0.00,0.00,0.00,724,3,5,0,0,0,2835.00,0.00,63.00,0.00,2835.00,63.00,0.00,0.00,0.00,0.00,0.00,0.00,0.00,0.00,0.00,0.00,0.00,0.00,0.00,0.00,0.00,0.00,0.00,0.00,0.00,0.00,0.00,0.00,0.00,0.00,0.00,0.00,0.00,0.00,0.00,0.00,0.00,0.00,0.00,0.00,0.00,0.00,0.00,0.00,63.00,0.00,0.00,0.00,0.00,0.00,0.00,0.00,0.00,0.00,0.00,3,2,1,0,0.00,0.00,0.00,0.00,0.00,0.00,0.00,0.00,0.00,0.00,0.00,0.00,0.00,0.00,0.00,0.00,0.00,0.00,0.00,0.00,0.00,0.00,0.00,0.00,0.00,0.00,0.00,0.00,0.00,0.00,0.00,0.00,0.00,0.00,0.00,0.00,0.00,0.00,0.00,0.00,0.00,0.00,0.00,0.00,0.00,0.00,0.00,0.00,0.00,0.00,0.00,0.00,0.00,2841.00,0.00,0.00,0.00,0.00,1995.37
0.50,0.00,0.50,0.00,0.00,0.00,0.00,0.00,0.00,99.00,0.00,57.00,0.00,0.00,0.00,0.00,1.00,0.00,76.00,0.00,0.00,0.00,0.00,0.00,0.00,0.00,0.00,0.00,676140,1161468,1364580,66.87,47328,556560,3721104,182.34,828916,372280,412,597392,100748,7344,29016,0,0,0,0.00,0,0.00,0,0,0.00,26466,7648,36824,0,0,459,0.07,0.02,0.00,0,0.00,0.00,0.00,0.00,0.00,0.00,0.00,0.00,0.00,0.00,0.00,0.00,0.00,0.00,138.00,0.00,196.60,0.00,0.00,0.00,0.00,0.00,0.00,0.00,0.00,1.00,0.00,0.00,0.00,0.00,0.00,0.00,0.00,0.00,0.00,0.00,0.00,0.00,0.00,0.00,0.00,0.00,0.00,0.00,0.00,0.00,0.00,0.00,724,3,5,0,0,0,135.00,0.00,3.00,0.00,135.00,3.00,0.00,0.00,0.00,0.00,0.00,0.00,0.00,0.00,0.00,0.00,0.00,0.00,0.00,0.00,0.00,0.00,0.00,0.00,0.00,0.00,0.00,0.00,0.00,0.00,0.00,0.00,0.00,0.00,0.00,0.00,0.00,0.00,0.00,0.00,0.00,0.00,0.00,0.00,3.00,0.00,0.00,0.00,0.00,0.00,0.00,0.00,0.00,0.00,0.00,3,2,1,0,0.00,0.00,0.00,0.00,0.00,0.00,0.00,0.00,0.00,0.00,0.00,0.00,0.00,0.00,0.00,0.00,0.00,0.00,0.00,0.00,0.00,0.00,0.00,0.00,0.00,0.00,0.00,0.00,0.00,0.00,0.00,0.00,0.00,0.00,0.00,0.00,0.00,0.00,0.00,0.00,0.00,0.00,0.00,0.00,0.00,0.00,0.00,0.00,0.00,0.00,0.00,0.00,0.00,138.00,0.00,0.00,0.00,0.00,1995.37
0.50,0.00,0.50,0.00,0.00,0.00,0.00,0.00,0.00,99.00,0.00,33.00,0.00,0.00,0.00,0.00,0.00,0.00,26.00,0.00,0.00,0.00,0.00,0.00,0.00,0.00,0.00,0.00,676204,1161588,1364516,66.86,47328,556576,3721104,182.34,828916,372336,428,597392,100748,7344,29016,0,0,0,0.00,0,0.00,0,0,0.00,26466,7648,36824,0,0,459,0.07,0.02,0.00,0,0.00,0.00,0.00,0.00,0.00,0.00,0.00,0.00,0.00,0.00,0.00,0.00,0.00,0.00,45.00,0.00,65.47,0.00,0.00,0.00,0.00,0.00,0.00,0.00,0.00,0.00,0.00,0.00,0.00,0.00,0.00,0.00,0.00,0.00,0.00,0.00,0.00,0.00,0.00,0.00,0.00,0.00,0.00,0.00,0.00,0.00,0.00,0.00,724,3,5,0,0,0,45.00,0.00,1.00,0.00,45.00,1.00,0.00,0.00,0.00,0.00,0.00,0.00,0.00,0.00,0.00,0.00,0.00,0.00,0.00,0.00,0.00,0.00,0.00,0.00,0.00,0.00,0.00,0.00,0.00,0.00,0.00,0.00,0.00,0.00,0.00,0.00,0.00,0.00,0.00,0.00,0.00,0.00,0.00,0.00,1.00,0.00,0.00,0.00,0.00,0.00,0.00,0.00,0.00,0.00,0.00,3,2,1,0,0.00,0.00,0.00,0.00,0.00,0.00,0.00,0.00,0.00,0.00,0.00,0.00,0.00,0.00,0.00,0.00,0.00,0.00,0.00,0.00,0.00,0.00,0.00,0.00,0.00,0.00,0.00,0.00,0.00,0.00,0.00,0.00,0.00,0.00,0.00,0.00,0.00,0.00,0.00,0.00,0.00,0.00,0.00,0.00,0.00,0.00,0.00,0.00,0.00,0.00,0.00,0.00,0.00,45.00,0.00,0.00,0.00,0.00,1995.37
0.00,0.00,0.00,0.00,0.00,0.00,0.00,0.00,0.00,100.00,0.00,57.00,0.00,0.00,0.00,0.00,0.00,0.00,51.00,0.00,0.00,0.00,0.00,0.00,0.00,0.00,0.00,0.00,676108,1161492,1364612,66.87,47328,556576,3721104,182.34,828916,372336,428,597392,100748,7344,29016,0,0,0,0.00,0,0.00,0,0,0.00,26466,7648,36824,0,0,459,0.07,0.02,0.00,0,0.00,0.00,0.00,0.00,0.00,0.00,0.00,0.00,0.00,0.00,0.00,0.00,0.00,0.00,98.00,0.00,131.45,0.00,0.00,0.00,0.00,0.00,0.00,0.00,0.00,1.00,0.00,0.00,0.00,0.00,0.00,0.00,0.00,0.00,0.00,0.00,0.00,0.00,0.00,0.00,0.00,0.00,0.00,0.00,0.00,0.00,0.00,0.00,724,3,5,0,0,0,90.00,0.00,2.00,0.00,90.00,2.00,0.00,0.00,0.00,0.00,0.00,0.00,0.00,0.00,0.00,0.00,0.00,0.00,0.00,0.00,0.00,0.00,0.00,0.00,0.00,0.00,0.00,0.00,0.00,0.00,0.00,0.00,0.00,0.00,0.00,0.00,0.00,0.00,0.00,0.00,0.00,0.00,0.00,0.00,2.00,0.00,0.00,0.00,0.00,0.00,0.00,0.00,0.00,0.00,0.00,3,2,1,0,0.00,0.00,0.00,0.00,0.00,0.00,0.00,0.00,0.00,0.00,0.00,0.00,0.00,0.00,0.00,0.00,0.00,0.00,0.00,0.00,0.00,0.00,0.00,0.00,0.00,0.00,0.00,0.00,0.00,0.00,0.00,0.00,0.00,0.00,0.00,0.00,0.00,0.00,0.00,0.00,0.00,0.00,0.00,0.00,0.00,0.00,0.00,0.00,0.00,0.00,0.00,0.00,0.00,98.00,0.00,0.00,0.00,0.00,1995.37
0.00,0.00,0.50,0.00,0.00,0.00,6.00,0.00,0.00,93.50,0.00,313.00,0.00,0.00,0.00,0.00,4.00,0.00,22012.00,0.00,0.00,0.00,0.00,0.00,0.00,0.00,0.00,0.00,694960,1153452,1345760,65.95,47064,530068,3740192,183.28,835948,346056,176,604948,101244,7328,28704,0,0,0,0.00,0,0.00,0,0,0.00,26556,7616,36826,0,0,458,0.00,0.00,0.00,0,0.00,0.00,0.00,0.00,0.00,0.00,0.00,0.00,0.00,0.00,0.00,0.00,0.00,0.00,43479.00,0.00,63248.06,0.00,0.00,0.00,0.00,0.00,0.00,0.00,0.00,1.00,0.00,0.00,0.00,0.00,0.00,0.00,0.00,0.00,0.00,0.00,0.00,0.00,0.00,0.00,0.00,0.00,0.00,0.00,0.00,0.00,0.00,0.00,721,3,5,0,0,0,43470.00,0.00,966.00,0.00,43470.00,966.00,0.00,0.00,0.00,0.00,0.00,0.00,0.00,0.00,0.00,0.00,0.00,0.00,0.00,0.00,0.00,0.00,0.00,0.00,0.00,0.00,0.00,0.00,0.00,0.00,0.00,0.00,0.00,0.00,0.00,0.00,0.00,0.00,0.00,0.00,0.00,0.00,0.00,0.00,966.00,0.00,0.00,0.00,0.00,0.00,0.00,0.00,0.00,0.00,0.00,3,2,1,0,0.00,0.00,0.00,0.00,0.00,0.00,0.00,0.00,0.00,0.00,0.00,0.00,0.00,0.00,0.00,0.00,0.00,0.00,0.00,0.00,0.00,0.00,0.00,0.00,0.00,0.00,0.00,0.00,0.00,0.00,0.00,0.00,0.00,0.00,0.00,0.00,0.00,0.00,0.00,0.00,0.00,0.00,0.00,0.00,0.00,0.00,0.00,0.00,0.00,0.00,0.00,0.00,0.00,43434.00,0.00,0.00,0.00,0.00,1995.37
0.48,0.00,0.00,0.48,0.48,0.00,9.18,0.00,0.00,89.37,0.00,358.00,0.00,0.00,0.00,152.00,2.00,0.00,21963.00,0.00,0.00,0.00,0.00,25.00,0.00,25.00,0.00,256.00,694928,1153420,1345792,65.95,47064,530080,3740192,183.28,835948,346056,104,604952,101244,7328,28704,0,0,0,0.00,0,0.00,0,0,0.00,26556,7616,36826,0,0,458,0.00,0.00,0.00,0,0.00,0.00,0.00,0.00,0.00,0.00,25.00,0.00,128.00,5.12,0.06,1.12,0.64,1.60,43567.00,0.00,63378.89,0.00,0.00,0.00,0.00,0.00,0.00,0.00,0.00,0.00,0.00,0.00,0.00,0.00,0.00,0.00,0.00,0.00,0.00,0.00,0.00,0.00,0.00,0.00,0.00,0.00,0.00,0.00,0.00,0.00,0.00,0.00,721,3,5,0,0,0,43560.00,0.00,968.00,0.00,43560.00,968.00,0.00,0.00,0.00,0.00,0.00,0.00,0.00,0.00,0.00,0.00,0.00,0.00,0.00,0.00,0.00,0.00,0.00,0.00,0.00,0.00,0.00,0.00,0.00,0.00,0.00,0.00,0.00,0.00,0.00,0.00,0.00,0.00,0.00,0.00,0.00,0.00,0.00,0.00,968.00,0.00,0.00,0.00,0.00,0.00,0.00,0.00,0.00,0.00,0.00,3,2,1,0,0.00,0.00,0.00,0.00,0.00,0.00,0.00,0.00,0.00,0.00,0.00,0.00,0.00,0.00,0.00,0.00,0.00,0.00,0.00,0.00,0.00,0.00,0.00,0.00,0.00,0.00,0.00,0.00,0.00,0.00,0.00,0.00,0.00,0.00,0.00,0.00,0.00,0.00,0.00,0.00,0.00,0.00,0.00,0.00,0.00,0.00,0.00,0.00,0.00,0.00,0.00,0.00,0.00,43612.00,0.00,0.00,0.00,0.00,1995.37
0.49,0.00,0.00,0.00,0.00,0.00,7.84,0.00,0.00,91.67,0.00,350.00,0.00,0.00,0.00,0.00,0.00,0.00,21059.00,0.00,0.00,0.00,0.00,4.00,0.00,4.00,0.00,48.00,694928,1153420,1345792,65.95,47064,530096,3740192,183.28,835996,346056,52,604952,101244,7328,28704,0,0,0,0.00,0,0.00,0,0,0.00,26556,7616,36826,0,0,458,0.00,0.00,0.00,0,0.00,0.00,0.00,0.00,0.00,0.00,4.00,0.00,24.00,6.00,0.04,26.00,5.00,2.00,41901.00,0.00,60956.30,0.00,0.00,0.00,0.00,0.00,0.00,0.00,0.00,1.00,0.00,0.00,0.00,0.00,0.00,0.00,0.00,0.00,0.00,0.00,0.00,0.00,0.00,0.00,0.00,0.00,0.00,0.00,0.00,0.00,0.00,0.00,721,3,5,0,0,0,41895.00,0.00,931.00,0.00,41895.00,931.00,0.00,0.00,0.00,0.00,0.00,0.00,0.00,0.00,0.00,0.00,0.00,0.00,0.00,0.00,0.00,0.00,0.00,0.00,0.00,0.00,0.00,0.00,0.00,0.00,0.00,0.00,0.00,0.00,0.00,0.00,0.00,0.00,0.00,0.00,0.00,0.00,0.00,0.00,931.00,0.00,0.00,0.00,0.00,0.00,0.00,0.00,0.00,0.00,0.00,3,2,1,0,0.00,0.00,0.00,0.00,0.00,0.00,0.00,0.00,0.00,0.00,0.00,0.00,0.00,0.00,0.00,0.00,0.00,0.00,0.00,0.00,0.00,0.00,0.00,0.00,0.00,0.00,0.00,0.00,0.00,0.00,0.00,0.00,0.00,0.00,0.00,0.00,0.00,0.00,0.00,0.00,0.00,0.00,0.00,0.00,0.00,0.00,0.00,0.00,0.00,0.00,0.00,0.00,0.00,41901.00,0.00,0.00,0.00,0.00,1995.37
0.00,0.00,0.49,0.00,0.00,0.00,8.33,0.00,0.00,91.18,0.00,340.00,0.00,0.00,0.00,0.00,0.00,0.00,20452.00,0.00,0.00,0.00,0.00,0.00,0.00,0.00,0.00,0.00,694960,1153452,1345760,65.95,47064,530112,3740192,183.28,835996,346056,68,604952,101244,7328,28704,0,0,0,0.00,0,0.00,0,0,0.00,26556,7616,36826,0,0,458,0.00,0.00,0.00,0,0.00,0.00,0.00,0.00,0.00,0.00,0.00,0.00,0.00,0.00,0.00,0.00,0.00,0.00,40603.00,0.00,59057.98,0.00,0.00,0.00,0.00,0.00,0.00,0.00,0.00,0.00,0.00,0.00,0.00,0.00,0.00,0.00,0.00,0.00,0.00,0.00,0.00,0.00,0.00,0.00,0.00,0.00,0.00,0.00,0.00,0.00,0.00,0.00,721,3,5,0,0,0,40590.00,0.00,902.00,0.00,40590.00,902.00,0.00,0.00,0.00,0.00,0.00,0.00,0.00,0.00,0.00,0.00,0.00,0.00,0.00,0.00,0.00,0.00,0.00,0.00,0.00,0.00,0.00,0.00,0.00,0.00,0.00,0.00,0.00,0.00,0.00,0.00,0.00,0.00,0.00,0.00,0.00,0.00,0.00,0.00,902.00,0.00,0.00,0.00,0.00,0.00,0.00,0.00,0.00,0.00,0.00,3,2,1,0,0.00,0.00,0.00,0.00,0.00,0.00,0.00,0.00,0.00,0.00,0.00,0.00,0.00,0.00,0.00,0.00,0.00,0.00,0.00,0.00,0.00,0.00,0.00,0.00,0.00,0.00,0.00,0.00,0.00,0.00,0.00,0.00,0.00,0.00,0.00,0.00,0.00,0.00,0.00,0.00,0.00,0.00,0.00,0.00,0.00,0.00,0.00,0.00,0.00,0.00,0.00,0.00,0.00,40558.00,0.00,0.00,0.00,0.00,1995.37
0.00,0.00,0.00,0.00,0.00,0.00,6.93,0.00,0.00,93.07,0.00,326.00,0.00,0.00,0.00,0.00,0.00,0.00,19515.00,0.00,0.00,0.00,0.00,0.00,0.00,0.00,0.00,0.00,694960,1153508,1345760,65.95,47064,530128,3740192,183.28,835996,346112,84,604952,101244,7328,28704,0,0,0,0.00,0,0.00,0,0,0.00,26556,7616,36826,0,0,458,0.00,0.00,0.00,0,0.00,0.00,0.00,0.00,0.00,0.00,0.00,0.00,0.00,0.00,0.00,0.00,0.00,0.00,38797.00,0.00,56438.68,0.00,0.00,0.00,0.00,0.00,0.00,0.00,0.00,1.00,0.00,0.00,0.00,0.00,0.00,0.00,0.00,0.00,0.00,0.00,0.00,0.00,0.00,0.00,0.00,0.00,0.00,0.00,0.00,0.00,0.00,0.00,721,3,5,0,0,0,38835.00,0.00,863.00,0.00,38835.00,863.00,0.00,0.00,0.00,0.00,0.00,0.00,0.00,0.00,0.00,0.00,0.00,0.00,0.00,0.00,0.00,0.00,0.00,0.00,0.00,0.00,0.00,0.00,0.00,0.00,0.00,0.00,0.00,0.00,0.00,0.00,0.00,0.00,0.00,0.00,0.00,0.00,0.00,0.00,863.00,0.00,0.00,0.00,0.00,0.00,0.00,0.00,0.00,0.00,0.00,3,2,1,0,0.00,0.00,0.00,0.00,0.00,0.00,0.00,0.00,0.00,0.00,0.00,0.00,0.00,0.00,0.00,0.00,0.00,0.00,0.00,0.00,0.00,0.00,0.00,0.00,0.00,0.00,0.00,0.00,0.00,0.00,0.00,0.00,0.00,0.00,0.00,0.00,0.00,0.00,0.00,0.00,0.00,0.00,0.00,0.00,0.00,0.00,0.00,0.00,0.00,0.00,0.00,0.00,0.00,38887.00,0.00,0.00,0.00,0.00,1995.37
0.48,0.00,0.00,1.90,0.48,0.00,10.00,0.00,0.00,87.14,0.00,359.00,0.00,0.00,0.00,40.00,0.00,0.00,18044.00,0.00,0.00,0.00,0.00,2.00,0.00,2.00,0.00,80.00,694740,1153292,1345980,65.96,47072,530144,3740192,183.28,835996,346112,128,604952,101248,7328,28704,0,0,0,0.00,0,0.00,0,0,0.00,26556,7616,36826,0,0,458,0.00,0.00,0.00,0,0.00,0.00,0.00,0.00,0.00,0.00,2.00,0.00,40.00,20.00,0.00,24.00,0.00,0.00,35829.00,0.00,52118.10,0.00,0.00,0.00,0.00,0.00,0.00,0.00,0.00,0.00,0.00,0.00,0.00,0.00,0.00,0.00,0.00,0.00,0.00,0.00,0.00,0.00,0.00,0.00,0.00,0.00,0.00,0.00,0.00,0.00,0.00,0.00,721,3,5,0,0,0,35777.00,0.00,797.00,0.00,35775.00,795.00,0.00,0.00,0.00,0.00,0.00,0.00,0.00,0.00,0.00,0.00,0.00,0.00,0.00,0.00,0.00,0.00,0.00,0.00,0.00,0.00,0.00,0.00,0.00,0.00,0.00,0.00,0.00,0.00,0.00,0.00,0.00,0.00,0.00,0.00,0.00,0.00,0.00,0.00,795.00,0.00,0.00,0.00,0.00,0.00,0.00,0.00,0.00,0.00,0.00,3,2,1,0,0.00,0.00,0.00,0.00,0.00,0.00,0.00,0.00,0.00,0.00,0.00,0.00,0.00,0.00,0.00,0.00,0.00,0.00,0.00,0.00,0.00,0.00,0.00,0.00,0.00,0.00,0.00,0.00,0.00,0.00,0.00,0.00,0.00,0.00,0.00,0.00,0.00,0.00,0.00,0.00,0.00,0.00,0.00,0.00,0.00,0.00,0.00,0.00,0.00,0.00,0.00,0.00,0.00,35739.00,0.00,0.00,0.00,0.00,1995.37
0.00,0.00,0.49,0.00,0.00,0.00,6.83,0.00,0.00,92.68,0.00,328.00,0.00,0.00,0.00,0.00,0.00,0.00,14171.00,0.00,0.00,0.00,0.00,0.00,0.00,0.00,0.00,0.00,694836,1153388,1345884,65.95,47072,530156,3740192,183.28,835996,346112,140,604952,101248,7328,28704,0,0,0,0.00,0,0.00,0,0,0.00,26556,7616,36826,0,0,458,0.00,0.00,0.00,0,0.00,0.00,0.00,0.00,0.00,0.00,0.00,0.00,0.00,0.00,0.00,0.00,0.00,0.00,28174.00,0.00,40986.73,0.00,0.00,0.00,0.00,0.00,0.00,0.00,0.00,1.00,0.00,0.00,0.00,0.00,0.00,0.00,0.00,0.00,0.00,0.00,0.00,0.00,0.00,0.00,0.00,0.00,0.00,0.00,0.00,0.00,0.00,0.00,721,3,5,0,0,0,28170.00,0.00,626.00,0.00,28170.00,626.00,0.00,0.00,0.00,0.00,0.00,0.00,0.00,0.00,0.00,0.00,0.00,0.00,0.00,0.00,0.00,0.00,0.00,0.00,0.00,0.00,0.00,0.00,0.00,0.00,0.00,0.00,0.00,0.00,0.00,0.00,0.00,0.00,0.00,0.00,0.00,0.00,0.00,0.00,626.00,0.00,0.00,0.00,0.00,0.00,0.00,0.00,0.00,0.00,0.00,3,2,1,0,0.00,0.00,0.00,0.00,0.00,0.00,0.00,0.00,0.00,0.00,0.00,0.00,0.00,0.00,0.00,0.00,0.00,0.00,0.00,0.00,0.00,0.00,0.00,0.00,0.00,0.00,0.00,0.00,0.00,0.00,0.00,0.00,0.00,0.00,0.00,0.00,0.00,0.00,0.00,0.00,0.00,0.00,0.00,0.00,0.00,0.00,0.00,0.00,0.00,0.00,0.00,0.00,0.00,28174.00,0.00,0.00,0.00,0.00,1995.37
0.49,0.00,0.00,0.00,0.00,0.00,6.34,0.00,0.00,93.17,0.00,326.00,0.00,0.00,0.00,0.00,0.00,0.00,13059.00,0.00,0.00,0.00,0.00,0.00,0.00,0.00,0.00,0.00,694836,1153388,1345884,65.95,47072,530172,3740192,183.28,835996,346112,156,604952,101248,7328,28704,0,0,0,0.00,0,0.00,0,0,0.00,26556,7616,36826,0,0,458,0.00,0.00,0.00,0,0.00,0.00,0.00,0.00,0.00,0.00,0.00,0.00,0.00,0.00,0.00,0.00,0.00,0.00,25933.00,0.00,37713.77,0.00,0.00,0.00,0.00,0.00,0.00,0.00,0.00,0.00,0.00,0.00,0.00,0.00,0.00,0.00,0.00,0.00,0.00,0.00,0.00,0.00,0.00,0.00,0.00,0.00,0.00,0.00,0.00,0.00,0.00,0.00,721,3,5,0,0,0,25921.00,0.00,577.00,0.00,25920.00,576.00,0.00,0.00,0.00,0.00,0.00,0.00,0.00,0.00,0.00,0.00,0.00,0.00,0.00,0.00,0.00,0.00,0.00,0.00,0.00,0.00,0.00,0.00,0.00,0.00,0.00,0.00,0.00,0.00,0.00,0.00,0.00,0.00,0.00,0.00,0.00,0.00,0.00,0.00,576.00,0.00,0.00,0.00,0.00,0.00,0.00,0.00,0.00,0.00,0.00,3,2,1,0,0.00,0.00,0.00,0.00,0.00,0.00,0.00,0.00,0.00,0.00,0.00,0.00,0.00,0.00,0.00,0.00,0.00,0.00,0.00,0.00,0.00,0.00,0.00,0.00,0.00,0.00,0.00,0.00,0.00,0.00,0.00,0.00,0.00,0.00,0.00,0.00,0.00,0.00,0.00,0.00,0.00,0.00,0.00,0.00,0.00,0.00,0.00,0.00,0.00,0.00,0.00,0.00,0.00,25978.00,0.00,0.00,0.00,0.00,1995.37
0.00,0.00,0.50,0.00,0.00,0.00,5.45,0.00,0.00,94.06,0.00,312.00,0.00,0.00,0.00,0.00,0.00,0.00,15499.00,0.00,0.00,0.00,0.00,0.00,0.00,0.00,0.00,0.00,694772,1153380,1345948,65.95,47072,530188,3740192,183.28,835996,346168,172,604952,101248,7328,28704,0,0,0,0.00,0,0.00,0,0,0.00,26556,7616,36826,0,0,458,0.00,0.00,0.00,0,0.00,0.00,0.00,0.00,0.00,0.00,0.00,0.00,0.00,0.00,0.00,0.00,0.00,0.00,30748.00,0.00,44720.24,0.00,0.00,0.00,0.00,0.00,0.00,0.00,0.00,1.00,0.00,0.00,0.00,0.00,0.00,0.00,0.00,0.00,0.00,0.00,0.00,0.00,0.00,0.00,0.00,0.00,0.00,0.00,0.00,0.00,0.00,0.00,721,3,5,0,0,0,30745.00,0.00,687.00,0.00,30735.00,683.00,0.00,0.00,0.00,0.00,0.00,0.00,0.00,0.00,0.00,0.00,0.00,0.00,0.00,0.00,0.00,0.00,0.00,0.00,0.00,0.00,0.00,0.00,0.00,0.00,0.00,0.00,0.00,0.00,0.00,0.00,0.00,0.00,0.00,0.00,0.00,0.00,0.00,0.00,683.00,0.00,0.00,0.00,0.00,0.00,0.00,0.00,0.00,0.00,0.00,3,2,1,0,0.00,0.00,0.00,0.00,0.00,0.00,0.00,0.00,0.00,0.00,0.00,0.00,0.00,0.00,0.00,0.00,0.00,0.00,0.00,0.00,0.00,0.00,0.00,0.00,0.00,0.00,0.00,0.00,0.00,0.00,0.00,0.00,0.00,0.00,0.00,0.00,0.00,0.00,0.00,0.00,0.00,0.00,0.00,0.00,0.00,0.00,0.00,0.00,0.00,0.00,0.00,0.00,0.00,30703.00,0.00,0.00,0.00,0.00,1995.37
0.00,0.00,0.00,0.00,0.00,0.00,7.28,0.00,0.00,92.72,0.00,330.00,0.00,0.00,0.00,0.00,0.00,0.00,13515.00,0.00,0.00,0.00,0.00,0.00,0.00,0.00,0.00,0.00,694804,1153412,1345916,65.95,47072,530204,3740192,183.28,835996,346168,188,604952,101248,7328,28704,0,0,0,0.00,0,0.00,0,0,0.00,26556,7616,36826,0,0,458,0.00,0.00,0.00,0,0.00,0.00,0.00,0.00,0.00,0.00,0.00,0.00,0.00,0.00,0.00,0.00,0.00,0.00,26867.00,0.00,39088.05,0.00,0.00,0.00,0.00,0.00,0.00,0.00,0.00,0.00,0.00,0.00,0.00,0.00,0.00,0.00,0.00,0.00,0.00,0.00,0.00,0.00,0.00,0.00,0.00,0.00,0.00,0.00,0.00,0.00,0.00,0.00,721,3,5,0,0,0,26866.00,0.00,598.00,0.00,26865.00,597.00,0.00,0.00,0.00,0.00,0.00,0.00,0.00,0.00,0.00,0.00,0.00,0.00,0.00,0.00,0.00,0.00,0.00,0.00,0.00,0.00,0.00,0.00,0.00,0.00,0.00,0.00,0.00,0.00,0.00,0.00,0.00,0.00,0.00,0.00,0.00,0.00,0.00,0.00,597.00,0.00,0.00,0.00,0.00,0.00,0.00,0.00,0.00,0.00,0.00,3,2,1,0,0.00,0.00,0.00,0.00,0.00,0.00,0.00,0.00,0.00,0.00,0.00,0.00,0.00,0.00,0.00,0.00,0.00,0.00,0.00,0.00,0.00,0.00,0.00,0.00,0.00,0.00,0.00,0.00,0.00,0.00,0.00,0.00,0.00,0.00,0.00,0.00,0.00,0.00,0.00,0.00,0.00,0.00,0.00,0.00,0.00,0.00,0.00,0.00,0.00,0.00,0.00,0.00,0.00,26912.00,0.00,0.00,0.00,0.00,1995.37
0.49,0.00,0.00,2.96,0.49,0.00,4.43,0.00,0.00,91.63,0.00,313.00,0.00,0.00,0.00,12.00,0.00,0.00,12907.00,0.00,0.00,0.00,0.00,2.00,0.00,2.00,0.00,24.00,694836,1153444,1345884,65.95,47080,530212,3740192,183.28,835996,346168,204,604952,101252,7328,28704,0,0,0,0.00,0,0.00,0,0,0.00,26556,7616,36826,0,0,458,0.00,0.00,0.00,0,0.00,0.00,0.00,0.00,0.00,0.00,2.00,0.00,12.00,6.00,0.00,26.00,0.00,0.00,25663.00,0.00,37320.73,0.00,0.00,0.00,0.00,0.00,0.00,0.00,0.00,1.00,0.00,0.00,0.00,0.00,0.00,0.00,0.00,0.00,0.00,0.00,0.00,0.00,0.00,0.00,0.00,0.00,0.00,0.00,0.00,0.00,0.00,0.00,721,3,5,0,0,0,25650.00,0.00,570.00,0.00,25650.00,570.00,0.00,0.00,0.00,0.00,0.00,0.00,0.00,0.00,0.00,0.00,0.00,0.00,0.00,0.00,0.00,0.00,0.00,0.00,0.00,0.00,0.00,0.00,0.00,0.00,0.00,0.00,0.00,0.00,0.00,0.00,0.00,0.00,0.00,0.00,0.00,0.00,0.00,0.00,571.00,0.00,0.00,0.00,0.00,0.00,0.00,0.00,0.00,0.00,0.00,3,2,1,0,0.00,0.00,0.00,0.00,0.00,0.00,0.00,0.00,0.00,0.00,0.00,0.00,0.00,0.00,0.00,0.00,0.00,0.00,0.00,0.00,0.00,0.00,0.00,0.00,0.00,0.00,0.00,0.00,0.00,0.00,0.00,0.00,0.00,0.00,0.00,0.00,0.00,0.00,0.00,0.00,0.00,0.00,0.00,0.00,0.00,0.00,0.00,0.00,0.00,0.00,0.00,0.00,0.00,25708.00,0.00,0.00,0.00,0.00,1995.37
0.00,0.00,0.00,0.00,0.00,0.00,4.50,0.00,0.00,95.50,0.00,309.00,0.00,0.00,0.00,0.00,0.00,0.00,12539.00,0.00,0.00,0.00,0.00,0.00,0.00,0.00,0.00,0.00,694680,1153344,1346040,65.96,47080,530232,3740192,183.28,835996,346224,220,604952,101252,7328,28704,0,0,0,0.00,0,0.00,0,0,0.00,26556,7616,36826,0,0,458,0.00,0.00,0.00,0,0.00,0.00,0.00,0.00,0.00,0.00,0.00,0.00,0.00,0.00,0.00,0.00,0.00,0.00,24846.00,0.00,36141.80,0.00,0.00,0.00,0.00,0.00,0.00,0.00,0.00,0.00,0.00,0.00,0.00,0.00,0.00,0.00,0.00,0.00,0.00,0.00,0.00,0.00,0.00,0.00,0.00,0.00,0.00,0.00,0.00,0.00,0.00,0.00,721,3,5,0,0,0,24840.00,0.00,552.00,0.00,24840.00,552.00,0.00,0.00,0.00,0.00,0.00,0.00,0.00,0.00,0.00,0.00,0.00,0.00,0.00,0.00,0.00,0.00,0.00,0.00,0.00,0.00,0.00,0.00,0.00,0.00,0.00,0.00,0.00,0.00,0.00,0.00,0.00,0.00,0.00,0.00,0.00,0.00,0.00,0.00,551.00,0.00,0.00,0.00,0.00,0.00,0.00,0.00,0.00,0.00,0.00,3,2,1,0,0.00,0.00,0.00,0.00,0.00,0.00,0.00,0.00,0.00,0.00,0.00,0.00,0.00,0.00,0.00,0.00,0.00,0.00,0.00,0.00,0.00,0.00,0.00,0.00,0.00,0.00,0.00,0.00,0.00,0.00,0.00,0.00,0.00,0.00,0.00,0.00,0.00,0.00,0.00,0.00,0.00,0.00,0.00,0.00,0.00,0.00,0.00,0.00,0.00,0.00,0.00,0.00,0.00,24756.00,0.00,0.00,0.00,0.00,1995.37
0.00,0.00,0.50,0.00,0.00,0.00,4.00,0.00,0.00,95.50,0.00,299.00,0.00,0.00,0.00,0.00,0.00,0.00,11955.00,0.00,0.00,0.00,0.00,0.00,0.00,0.00,0.00,0.00,694680,1153344,1346040,65.96,47080,530248,3740192,183.28,835996,346224,236,604952,101252,7328,28704,0,0,0,0.00,0,0.00,0,0,0.00,26556,7616,36826,0,0,458,0.00,0.00,0.00,0,0.00,0.00,0.00,0.00,0.00,0.00,0.00,0.00,0.00,0.00,0.00,0.00,0.00,0.00,23768.00,1.00,34570.55,0.04,0.00,0.00,0.00,0.00,0.00,0.00,0.00,1.00,0.00,0.00,0.00,0.00,0.00,0.00,0.00,0.00,0.00,0.00,0.00,0.00,0.00,0.00,0.00,0.00,0.00,0.00,0.00,0.00,0.00,0.00,721,3,5,0,0,0,23760.00,0.00,528.00,0.00,23760.00,528.00,0.00,0.00,0.00,0.00,0.00,0.00,0.00,0.00,0.00,0.00,0.00,0.00,0.00,0.00,0.00,0.00,0.00,0.00,0.00,0.00,0.00,0.00,0.00,0.00,0.00,0.00,0.00,0.00,0.00,0.00,0.00,0.00,0.00,0.00,0.00,0.00,0.00,0.00,528.00,0.00,0.00,0.00,0.00,0.00,0.00,0.00,0.00,0.00,0.00,3,2,1,0,0.00,0.00,0.00,0.00,0.00,0.00,0.00,0.00,0.00,0.00,0.00,0.00,0.00,0.00,0.00,0.00,0.00,0.00,0.00,0.00,0.00,0.00,0.00,0.00,0.00,0.00,0.00,0.00,0.00,0.00,0.00,0.00,0.00,0.00,0.00,0.00,0.00,0.00,0.00,0.00,0.00,0.00,0.00,0.00,0.00,0.00,0.00,0.00,0.00,0.00,0.00,0.00,0.00,23813.00,0.00,0.00,0.00,0.00,1995.37
0.49,0.00,0.00,0.00,0.00,0.00,5.85,0.00,0.00,93.66,0.00,311.00,0.00,0.00,0.00,0.00,0.00,0.00,9940.00,0.00,0.00,0.00,0.00,0.00,0.00,0.00,0.00,0.00,694712,1153376,1346008,65.96,47080,530264,3740192,183.28,835996,346224,252,604952,101252,7328,28704,0,0,0,0.00,0,0.00,0,0,0.00,26556,7616,36826,0,0,458,0.00,0.00,0.00,0,0.00,0.00,0.00,0.00,0.00,0.00,0.00,0.00,0.00,0.00,0.00,0.00,0.00,0.00,19805.00,0.00,28808.69,0.00,0.00,0.00,0.00,0.00,0.00,0.00,0.00,0.00,0.00,0.00,0.00,0.00,0.00,0.00,0.00,0.00,0.00,0.00,0.00,0.00,0.00,0.00,0.00,0.00,0.00,0.00,0.00,0.00,0.00,0.00,721,3,5,0,0,0,19800.00,0.00,440.00,0.00,19800.00,440.00,0.00,0.00,0.00,0.00,0.00,0.00,0.00,0.00,0.00,0.00,0.00,0.00,0.00,0.00,0.00,0.00,0.00,0.00,0.00,0.00,0.00,0.00,0.00,0.00,0.00,0.00,0.00,0.00,0.00,0.00,0.00,0.00,0.00,0.00,0.00,0.00,0.00,0.00,440.00,0.00,0.00,0.00,0.00,0.00,0.00,0.00,0.00,0.00,0.00,3,2,1,0,0.00,0.00,0.00,0.00,0.00,0.00,0.00,0.00,0.00,0.00,0.00,0.00,0.00,0.00,0.00,0.00,0.00,0.00,0.00,0.00,0.00,0.00,0.00,0.00,0.00,0.00,0.00,0.00,0.00,0.00,0.00,0.00,0.00,0.00,0.00,0.00,0.00,0.00,0.00,0.00,0.00,0.00,0.00,0.00,0.00,0.00,0.00,0.00,0.00,0.00,0.00,0.00,0.00,19805.00,0.00,0.00,0.00,0.00,1995.37
0.00,0.00,0.00,0.00,0.00,0.00,4.48,0.00,0.00,95.52,0.00,306.00,0.00,0.00,0.00,0.00,0.00,0.00,9540.00,0.00,0.00,0.00,0.00,0.00,0.00,0.00,0.00,0.00,694648,1153312,1346072,65.96,47080,530280,3740192,183.28,835996,346224,268,604952,101252,7328,28704,0,0,0,0.00,0,0.00,0,0,0.00,26556,7616,36826,0,0,458,0.00,0.00,0.00,0,0.00,0.00,0.00,0.00,0.00,0.00,0.00,0.00,0.00,0.00,0.00,0.00,0.00,0.00,18951.00,0.00,27564.75,0.00,0.00,0.00,0.00,0.00,0.00,0.00,0.00,1.00,0.00,0.00,0.00,0.00,0.00,0.00,0.00,0.00,0.00,0.00,0.00,0.00,0.00,0.00,0.00,0.00,0.00,0.00,0.00,0.00,0.00,0.00,721,3,5,0,0,0,18945.00,0.00,421.00,0.00,18945.00,421.00,0.00,0.00,0.00,0.00,0.00,0.00,0.00,0.00,0.00,0.00,0.00,0.00,0.00,0.00,0.00,0.00,0.00,0.00,0.00,0.00,0.00,0.00,0.00,0.00,0.00,0.00,0.00,0.00,0.00,0.00,0.00,0.00,0.00,0.00,0.00,0.00,0.00,0.00,421.00,0.00,0.00,0.00,0.00,0.00,0.00,0.00,0.00,0.00,0.00,3,2,1,0,0.00,0.00,0.00,0.00,0.00,0.00,0.00,0.00,0.00,0.00,0.00,0.00,0.00,0.00,0.00,0.00,0.00,0.00,0.00,0.00,0.00,0.00,0.00,0.00,0.00,0.00,0.00,0.00,0.00,0.00,0.00,0.00,0.00,0.00,0.00,0.00,0.00,0.00,0.00,0.00,0.00,0.00,0.00,0.00,0.00,0.00,0.00,0.00,0.00,0.00,0.00,0.00,0.00,18906.00,0.00,0.00,0.00,0.00,1995.37
0.00,0.00,0.00,0.00,0.00,0.00,3.50,0.00,0.00,96.50,0.00,298.00,0.00,0.00,0.00,0.00,0.00,0.00,9139.00,0.00,0.00,0.00,0.00,0.00,0.00,0.00,0.00,0.00,694712,1153432,1346008,65.96,47080,530296,3740192,183.28,835996,346280,284,604952,101252,7328,28704,0,0,0,0.00,0,0.00,0,0,0.00,26556,7616,36826,0,0,458,0.00,0.00,0.00,0,0.00,0.00,0.00,0.00,0.00,0.00,0.00,0.00,0.00,0.00,0.00,0.00,0.00,0.00,18146.00,0.00,26386.52,0.00,0.00,0.00,0.00,0.00,0.00,0.00,0.00,0.00,0.00,0.00,0.00,0.00,0.00,0.00,0.00,0.00,0.00,0.00,0.00,0.00,0.00,0.00,0.00,0.00,0.00,0.00,0.00,0.00,0.00,0.00,721,3,5,0,0,0,18135.00,0.00,403.00,0.00,18135.00,403.00,0.00,0.00,0.00,0.00,0.00,0.00,0.00,0.00,0.00,0.00,0.00,0.00,0.00,0.00,0.00,0.00,0.00,0.00,0.00,0.00,0.00,0.00,0.00,0.00,0.00,0.00,0.00,0.00,0.00,0.00,0.00,0.00,0.00,0.00,0.00,0.00,0.00,0.00,403.00,0.00,0.00,0.00,0.00,0.00,0.00,0.00,0.00,0.00,0.00,3,2,1,0,0.00,0.00,0.00,0.00,0.00,0.00,0.00,0.00,0.00,0.00,0.00,0.00,0.00,0.00,0.00,0.00,0.00,0.00,0.00,0.00,0.00,0.00,0.00,0.00,0.00,0.00,0.00,0.00,0.00,0.00,0.00,0.00,0.00,0.00,0.00,0.00,0.00,0.00,0.00,0.00,0.00,0.00,0.00,0.00,0.00,0.00,0.00,0.00,0.00,0.00,0.00,0.00,0.00,18191.00,0.00,0.00,0.00,0.00,1995.37
0.98,0.00,0.00,3.92,0.49,0.00,4.90,0.00,0.00,89.71,0.00,320.00,0.00,0.00,0.00,12.00,0.00,0.00,9572.00,0.00,0.00,0.00,0.00,2.00,0.00,2.00,0.00,24.00,694704,1153428,1346016,65.96,47088,530308,3740192,183.28,835996,346280,296,604952,101260,7328,28704,0,0,0,0.00,0,0.00,0,0,0.00,26556,7616,36826,0,0,458,0.00,0.00,0.00,0,0.00,0.00,0.00,0.00,0.00,0.00,2.00,0.00,12.00,6.00,0.00,48.00,0.00,0.00,18950.00,0.00,27564.84,0.00,0.00,0.00,0.00,0.00,0.00,0.00,0.00,1.00,0.00,0.00,0.00,0.00,0.00,0.00,0.00,0.00,0.00,0.00,0.00,0.00,0.00,0.00,0.00,0.00,0.00,0.00,0.00,0.00,0.00,0.00,721,3,5,0,0,0,18946.00,0.00,421.00,0.00,18945.00,421.00,0.00,0.00,0.00,0.00,0.00,0.00,0.00,0.00,0.00,0.00,0.00,0.00,0.00,0.00,0.00,0.00,0.00,0.00,0.00,0.00,0.00,0.00,0.00,0.00,0.00,0.00,0.00,0.00,0.00,0.00,0.00,0.00,0.00,0.00,0.00,0.00,0.00,0.00,421.00,0.00,0.00,0.00,0.00,0.00,0.00,0.00,0.00,0.00,0.00,3,2,1,0,0.00,0.00,0.00,0.00,0.00,0.00,0.00,0.00,0.00,0.00,0.00,0.00,0.00,0.00,0.00,0.00,0.00,0.00,0.00,0.00,0.00,0.00,0.00,0.00,0.00,0.00,0.00,0.00,0.00,0.00,0.00,0.00,0.00,0.00,0.00,0.00,0.00,0.00,0.00,0.00,0.00,0.00,0.00,0.00,0.00,0.00,0.00,0.00,0.00,0.00,0.00,0.00,0.00,18950.00,0.00,0.00,0.00,0.00,1995.37
0.00,0.00,0.49,0.00,0.00,0.00,4.93,0.00,0.00,94.58,0.00,306.00,0.00,0.00,0.00,0.00,0.00,0.00,10403.00,0.00,0.00,0.00,0.00,0.00,0.00,0.00,0.00,0.00,694672,1153396,1346048,65.96,47088,530324,3740192,183.28,835996,346280,312,604952,101260,7328,28704,0,0,0,0.00,0,0.00,0,0,0.00,26556,7616,36826,0,0,458,0.00,0.00,0.00,0,0.00,0.00,0.00,0.00,0.00,0.00,0.00,0.00,0.00,0.00,0.00,0.00,0.00,0.00,20704.00,0.00,30118.55,0.00,0.00,0.00,0.00,0.00,0.00,0.00,0.00,0.00,0.00,0.00,0.00,0.00,0.00,0.00,0.00,0.00,0.00,0.00,0.00,0.00,0.00,0.00,0.00,0.00,0.00,0.00,0.00,0.00,0.00,0.00,721,3,5,0,0,0,20702.00,0.00,461.00,0.00,20700.00,460.00,0.00,0.00,0.00,0.00,0.00,0.00,0.00,0.00,0.00,0.00,0.00,0.00,0.00,0.00,0.00,0.00,0.00,0.00,0.00,0.00,0.00,0.00,0.00,0.00,0.00,0.00,0.00,0.00,0.00,0.00,0.00,0.00,0.00,0.00,0.00,0.00,0.00,0.00,460.00,0.00,0.00,0.00,0.00,0.00,0.00,0.00,0.00,0.00,0.00,3,2,1,0,0.00,0.00,0.00,0.00,0.00,0.00,0.00,0.00,0.00,0.00,0.00,0.00,0.00,0.00,0.00,0.00,0.00,0.00,0.00,0.00,0.00,0.00,0.00,0.00,0.00,0.00,0.00,0.00,0.00,0.00,0.00,0.00,0.00,0.00,0.00,0.00,0.00,0.00,0.00,0.00,0.00,0.00,0.00,0.00,0.00,0.00,0.00,0.00,0.00,0.00,0.00,0.00,0.00,20704.00,0.00,0.00,0.00,0.00,1995.37
0.50,0.00,0.00,0.00,0.00,0.00,3.50,0.00,0.00,96.00,0.00,301.00,0.00,0.00,0.00,0.00,0.00,0.00,8378.00,0.00,0.00,0.00,0.00,0.00,0.00,0.00,0.00,0.00,694640,1153364,1346080,65.96,47088,530340,3740192,183.28,835996,346280,328,604952,101260,7328,28704,0,0,0,0.00,0,0.00,0,0,0.00,26556,7616,36826,0,0,458,0.00,0.00,0.00,0,0.00,0.00,0.00,0.00,0.00,0.00,0.00,0.00,0.00,0.00,0.00,0.00,0.00,0.00,16653.00,0.00,24225.57,0.00,0.00,0.00,0.00,0.00,0.00,0.00,0.00,1.00,0.00,0.00,0.00,0.00,0.00,0.00,0.00,0.00,0.00,0.00,0.00,0.00,0.00,0.00,0.00,0.00,0.00,0.00,0.00,0.00,0.00,0.00,721,3,5,0,0,0,16651.00,0.00,370.00,0.00,16650.00,370.00,0.00,0.00,0.00,0.00,0.00,0.00,0.00,0.00,0.00,0.00,0.00,0.00,0.00,0.00,0.00,0.00,0.00,0.00,0.00,0.00,0.00,0.00,0.00,0.00,0.00,0.00,0.00,0.00,0.00,0.00,0.00,0.00,0.00,0.00,0.00,0.00,0.00,0.00,370.00,0.00,0.00,0.00,0.00,0.00,0.00,0.00,0.00,0.00,0.00,3,2,1,0,0.00,0.00,0.00,0.00,0.00,0.00,0.00,0.00,0.00,0.00,0.00,0.00,0.00,0.00,0.00,0.00,0.00,0.00,0.00,0.00,0.00,0.00,0.00,0.00,0.00,0.00,0.00,0.00,0.00,0.00,0.00,0.00,0.00,0.00,0.00,0.00,0.00,0.00,0.00,0.00,0.00,0.00,0.00,0.00,0.00,0.00,0.00,0.00,0.00,0.00,0.00,0.00,0.00,16653.00,0.00,0.00,0.00,0.00,1995.37
0.50,0.00,0.00,0.00,0.00,0.00,3.00,0.00,0.00,96.50,0.00,289.00,0.00,0.00,0.00,0.00,2.00,0.00,8467.00,0.00,0.00,0.00,0.00,0.00,0.00,0.00,0.00,0.00,694612,1153404,1346108,65.96,47088,530356,3740192,183.28,835996,346348,344,604952,101260,7328,28704,0,0,0,0.00,0,0.00,0,0,0.00,26556,7616,36826,0,0,458,0.00,0.00,0.00,0,0.00,0.00,0.00,0.00,0.00,0.00,0.00,0.00,0.00,0.00,0.00,0.00,0.00,0.00,16797.00,0.00,24422.52,0.00,0.00,0.00,0.00,0.00,0.00,0.00,0.00,0.00,0.00,0.00,0.00,0.00,0.00,0.00,0.00,0.00,0.00,0.00,0.00,0.00,0.00,0.00,0.00,0.00,0.00,0.00,0.00,0.00,0.00,0.00,721,3,5,0,0,0,16786.00,0.00,373.00,0.00,16785.00,373.00,0.00,0.00,0.00,0.00,0.00,0.00,0.00,0.00,0.00,0.00,0.00,0.00,0.00,0.00,0.00,0.00,0.00,0.00,0.00,0.00,0.00,0.00,0.00,0.00,0.00,0.00,0.00,0.00,0.00,0.00,0.00,0.00,0.00,0.00,0.00,0.00,0.00,0.00,373.00,0.00,0.00,0.00,0.00,0.00,0.00,0.00,0.00,0.00,0.00,3,2,1,0,0.00,0.00,0.00,0.00,0.00,0.00,0.00,0.00,0.00,0.00,0.00,0.00,0.00,0.00,0.00,0.00,0.00,0.00,0.00,0.00,0.00,0.00,0.00,0.00,0.00,0.00,0.00,0.00,0.00,0.00,0.00,0.00,0.00,0.00,0.00,0.00,0.00,0.00,0.00,0.00,0.00,0.00,0.00,0.00,0.00,0.00,0.00,0.00,0.00,0.00,0.00,0.00,0.00,16752.00,0.00,0.00,0.00,0.00,1995.37
0.00,0.00,0.50,0.00,0.00,0.00,2.49,0.00,0.00,97.01,0.00,292.00,0.00,0.00,0.00,0.00,0.00,0.00,5355.00,0.00,0.00,0.00,0.00,0.00,0.00,0.00,0.00,0.00,694580,1153376,1346140,65.96,47088,530372,3740192,183.28,835996,346348,360,604952,101264,7328,28704,0,0,0,0.00,0,0.00,0,0,0.00,26556,7616,36826,0,0,458,0.00,0.00,0.00,0,0.00,0.00,0.00,0.00,0.00,0.00,0.00,0.00,0.00,0.00,0.00,0.00,0.00,0.00,10627.00,0.00,15452.19,0.00,0.00,0.00,0.00,0.00,0.00,0.00,0.00,1.00,0.00,0.00,0.00,0.00,0.00,0.00,0.00,0.00,0.00,0.00,0.00,0.00,0.00,0.00,0.00,0.00,0.00,0.00,0.00,0.00,0.00,0.00,721,3,5,0,0,0,10620.00,0.00,236.00,0.00,10620.00,236.00,0.00,0.00,0.00,0.00,0.00,0.00,0.00,0.00,0.00,0.00,0.00,0.00,0.00,0.00,0.00,0.00,0.00,0.00,0.00,0.00,0.00,0.00,0.00,0.00,0.00,0.00,0.00,0.00,0.00,0.00,0.00,0.00,0.00,0.00,0.00,0.00,0.00,0.00,236.00,0.00,0.00,0.00,0.00,0.00,0.00,0.00,0.00,0.00,0.00,3,2,1,0,0.00,0.00,0.00,0.00,0.00,0.00,0.00,0.00,0.00,0.00,0.00,0.00,0.00,0.00,0.00,0.00,0.00,0.00,0.00,0.00,0.00,0.00,0.00,0.00,0.00,0.00,0.00,0.00,0.00,0.00,0.00,0.00,0.00,0.00,0.00,0.00,0.00,0.00,0.00,0.00,0.00,0.00,0.00,0.00,0.00,0.00,0.00,0.00,0.00,0.00,0.00,0.00,0.00,10627.00,0.00,0.00,0.00,0.00,1995.37
0.00,0.00,0.50,0.50,0.50,0.00,2.97,0.00,0.00,95.54,0.00,310.00,0.00,0.00,0.00,12.00,0.00,0.00,7124.00,0.00,0.00,0.00,0.00,2.00,0.00,2.00,0.00,24.00,694640,1153436,1346080,65.96,47096,530384,3740192,183.28,835996,346348,372,604952,101264,7328,28704,0,0,0,0.00,0,0.00,0,0,0.00,26556,7616,36826,0,0,458,0.00,0.00,0.00,0,0.00,0.00,0.00,0.00,0.00,0.00,2.00,0.00,12.00,6.00,0.00,6.00,0.00,0.00,14136.00,0.00,20559.07,0.00,0.00,0.00,0.00,0.00,0.00,0.00,0.00,0.00,0.00,0.00,0.00,0.00,0.00,0.00,0.00,0.00,0.00,0.00,0.00,0.00,0.00,0.00,0.00,0.00,0.00,0.00,0.00,0.00,0.00,0.00,721,3,5,0,0,0,14130.00,0.00,314.00,0.00,14130.00,314.00,0.00,0.00,0.00,0.00,0.00,0.00,0.00,0.00,0.00,0.00,0.00,0.00,0.00,0.00,0.00,0.00,0.00,0.00,0.00,0.00,0.00,0.00,0.00,0.00,0.00,0.00,0.00,0.00,0.00,0.00,0.00,0.00,0.00,0.00,0.00,0.00,0.00,0.00,314.00,0.00,0.00,0.00,0.00,0.00,0.00,0.00,0.00,0.00,0.00,3,2,1,0,0.00,0.00,0.00,0.00,0.00,0.00,0.00,0.00,0.00,0.00,0.00,0.00,0.00,0.00,0.00,0.00,0.00,0.00,0.00,0.00,0.00,0.00,0.00,0.00,0.00,0.00,0.00,0.00,0.00,0.00,0.00,0.00,0.00,0.00,0.00,0.00,0.00,0.00,0.00,0.00,0.00,0.00,0.00,0.00,0.00,0.00,0.00,0.00,0.00,0.00,0.00,0.00,0.00,14136.00,0.00,0.00,0.00,0.00,1995.37
0.50,0.00,0.00,0.00,0.00,0.00,2.99,0.00,0.00,96.52,0.00,298.00,0.00,0.00,0.00,0.00,0.00,0.00,5642.00,0.00,0.00,0.00,0.00,0.00,0.00,0.00,0.00,0.00,694672,1153468,1346048,65.96,47096,530400,3740192,183.28,835996,346348,388,604952,101264,7328,28704,0,0,0,0.00,0,0.00,0,0,0.00,26556,7616,36826,0,0,458,0.00,0.00,0.00,0,0.00,0.00,0.00,0.00,0.00,0.00,0.00,0.00,0.00,0.00,0.00,0.00,0.00,0.00,11262.00,0.00,16369.45,0.00,0.00,0.00,0.00,0.00,0.00,0.00,0.00,3.00,0.00,0.00,0.00,0.00,0.00,0.00,0.00,0.00,0.00,0.00,0.00,0.00,0.00,0.00,0.00,0.00,0.00,0.00,0.00,0.00,0.00,0.00,721,3,5,0,0,0,11251.00,0.00,251.00,0.00,11250.00,250.00,0.00,0.00,0.00,0.00,0.00,0.00,0.00,0.00,0.00,0.00,0.00,0.00,0.00,0.00,0.00,0.00,0.00,0.00,0.00,0.00,0.00,0.00,0.00,0.00,0.00,0.00,0.00,0.00,0.00,0.00,0.00,0.00,0.00,0.00,0.00,0.00,0.00,0.00,250.00,0.00,0.00,0.00,0.00,0.00,0.00,0.00,0.00,0.00,0.00,3,2,1,0,0.00,0.00,0.00,0.00,0.00,0.00,0.00,0.00,0.00,0.00,0.00,0.00,0.00,0.00,0.00,0.00,0.00,0.00,0.00,0.00,0.00,0.00,0.00,0.00,0.00,0.00,0.00,0.00,0.00,0.00,0.00,0.00,0.00,0.00,0.00,0.00,0.00,0.00,0.00,0.00,0.00,0.00,0.00,0.00,0.00,0.00,0.00,0.00,0.00,0.00,0.00,0.00,0.00,11262.00,0.00,0.00,0.00,0.00,1995.37
0.50,0.00,0.50,0.00,0.00,0.00,1.01,0.00,0.00,97.99,0.00,287.00,0.00,0.00,0.00,0.00,0.00,0.00,5259.00,0.00,0.00,0.00,0.00,0.00,0.00,0.00,0.00,0.00,694704,1153556,1346016,65.96,47096,530416,3740192,183.28,835996,346404,404,604952,101264,7328,28704,0,0,0,0.00,0,0.00,0,0,0.00,26556,7616,36826,0,0,458,0.00,0.00,0.00,0,0.00,0.00,0.00,0.00,0.00,0.00,0.00,0.00,0.00,0.00,0.00,0.00,0.00,0.00,10409.00,0.00,15125.23,0.00,0.00,0.00,0.00,0.00,0.00,0.00,0.00,0.00,0.00,0.00,0.00,0.00,0.00,0.00,0.00,0.00,0.00,0.00,0.00,0.00,0.00,0.00,0.00,0.00,0.00,0.00,0.00,0.00,0.00,0.00,721,3,5,0,0,0,10395.00,0.00,231.00,0.00,10395.00,231.00,0.00,0.00,0.00,0.00,0.00,0.00,0.00,0.00,0.00,0.00,0.00,0.00,0.00,0.00,0.00,0.00,0.00,0.00,0.00,0.00,0.00,0.00,0.00,0.00,0.00,0.00,0.00,0.00,0.00,0.00,0.00,0.00,0.00,0.00,0.00,0.00,0.00,0.00,231.00,0.00,0.00,0.00,0.00,0.00,0.00,0.00,0.00,0.00,0.00,3,2,1,0,0.00,0.00,0.00,0.00,0.00,0.00,0.00,0.00,0.00,0.00,0.00,0.00,0.00,0.00,0.00,0.00,0.00,0.00,0.00,0.00,0.00,0.00,0.00,0.00,0.00,0.00,0.00,0.00,0.00,0.00,0.00,0.00,0.00,0.00,0.00,0.00,0.00,0.00,0.00,0.00,0.00,0.00,0.00,0.00,0.00,0.00,0.00,0.00,0.00,0.00,0.00,0.00,0.00,10409.00,0.00,0.00,0.00,0.00,1995.37
0.00,0.00,0.00,0.00,0.00,0.00,1.51,0.00,0.00,98.49,0.00,287.00,0.00,0.00,0.00,0.00,0.00,0.00,3290.00,0.00,0.00,0.00,0.00,0.00,0.00,0.00,0.00,0.00,694704,1153556,1346016,65.96,47096,530432,3740192,183.28,835996,346404,420,604952,101264,7328,28704,0,0,0,0.00,0,0.00,0,0,0.00,26556,7616,36826,0,0,458,0.00,0.00,0.00,0,0.00,0.00,0.00,0.00,0.00,0.00,0.00,0.00,0.00,0.00,0.00,0.00,0.00,0.00,6534.00,0.00,9494.20,0.00,0.00,0.00,0.00,0.00,0.00,0.00,0.00,1.00,0.00,0.00,0.00,0.00,0.00,0.00,0.00,0.00,0.00,0.00,0.00,0.00,0.00,0.00,0.00,0.00,0.00,0.00,0.00,0.00,0.00,0.00,721,3,5,0,0,0,6525.00,0.00,145.00,0.00,6525.00,145.00,0.00,0.00,0.00,0.00,0.00,0.00,0.00,0.00,0.00,0.00,0.00,0.00,0.00,0.00,0.00,0.00,0.00,0.00,0.00,0.00,0.00,0.00,0.00,0.00,0.00,0.00,0.00,0.00,0.00,0.00,0.00,0.00,0.00,0.00,0.00,0.00,0.00,0.00,145.00,0.00,0.00,0.00,0.00,0.00,0.00,0.00,0.00,0.00,0.00,3,2,1,0,0.00,0.00,0.00,0.00,0.00,0.00,0.00,0.00,0.00,0.00,0.00,0.00,0.00,0.00,0.00,0.00,0.00,0.00,0.00,0.00,0.00,0.00,0.00,0.00,0.00,0.00,0.00,0.00,0.00,0.00,0.00,0.00,0.00,0.00,0.00,0.00,0.00,0.00,0.00,0.00,0.00,0.00,0.00,0.00,0.00,0.00,0.00,0.00,0.00,0.00,0.00,0.00,0.00,6534.00,0.00,0.00,0.00,0.00,1995.37
0.00,0.00,0.50,0.00,0.00,0.00,1.50,0.00,0.00,98.00,0.00,268.00,0.00,0.00,0.00,0.00,0.00,0.00,4355.00,0.00,0.00,0.00,0.00,0.00,0.00,0.00,0.00,0.00,694640,1153492,1346080,65.96,47096,530448,3740192,183.28,835996,346404,436,604952,101264,7328,28704,0,0,0,0.00,0,0.00,0,0,0.00,26556,7616,36826,0,0,458,0.00,0.00,0.00,0,0.00,0.00,0.00,0.00,0.00,0.00,0.00,0.00,0.00,0.00,0.00,0.00,0.00,0.00,8645.00,0.00,12571.23,0.00,0.00,0.00,0.00,0.00,0.00,0.00,0.00,0.00,0.00,0.00,0.00,0.00,0.00,0.00,0.00,0.00,0.00,0.00,0.00,0.00,0.00,0.00,0.00,0.00,0.00,0.00,0.00,0.00,0.00,0.00,721,3,5,0,0,0,8640.00,0.00,192.00,0.00,8640.00,192.00,0.00,0.00,0.00,0.00,0.00,0.00,0.00,0.00,0.00,0.00,0.00,0.00,0.00,0.00,0.00,0.00,0.00,0.00,0.00,0.00,0.00,0.00,0.00,0.00,0.00,0.00,0.00,0.00,0.00,0.00,0.00,0.00,0.00,0.00,0.00,0.00,0.00,0.00,192.00,0.00,0.00,0.00,0.00,0.00,0.00,0.00,0.00,0.00,0.00,3,2,1,0,0.00,0.00,0.00,0.00,0.00,0.00,0.00,0.00,0.00,0.00,0.00,0.00,0.00,0.00,0.00,0.00,0.00,0.00,0.00,0.00,0.00,0.00,0.00,0.00,0.00,0.00,0.00,0.00,0.00,0.00,0.00,0.00,0.00,0.00,0.00,0.00,0.00,0.00,0.00,0.00,0.00,0.00,0.00,0.00,0.00,0.00,0.00,0.00,0.00,0.00,0.00,0.00,0.00,8645.00,0.00,0.00,0.00,0.00,1995.37
0.50,0.00,0.00,2.99,0.00,0.00,1.99,0.00,0.00,94.53,0.00,297.00,0.00,0.00,0.00,12.00,0.00,0.00,5004.00,0.00,0.00,0.00,0.00,2.00,0.00,2.00,0.00,24.00,694672,1153524,1346048,65.96,47104,530460,3740192,183.28,835996,346404,448,604952,101264,7328,28704,0,0,0,0.00,0,0.00,0,0,0.00,26556,7616,36826,0,0,458,0.00,0.00,0.00,0,0.00,0.00,0.00,0.00,0.00,0.00,2.00,0.00,12.00,6.00,0.00,28.00,0.00,0.00,9950.00,0.00,14469.97,0.00,0.00,0.00,0.00,0.00,0.00,0.00,0.00,1.00,0.00,0.00,0.00,0.00,0.00,0.00,0.00,0.00,0.00,0.00,0.00,0.00,0.00,0.00,0.00,0.00,0.00,0.00,0.00,0.00,0.00,0.00,721,3,5,0,0,0,9945.00,0.00,221.00,0.00,9945.00,221.00,0.00,0.00,0.00,0.00,0.00,0.00,0.00,0.00,0.00,0.00,0.00,0.00,0.00,0.00,0.00,0.00,0.00,0.00,0.00,0.00,0.00,0.00,0.00,0.00,0.00,0.00,0.00,0.00,0.00,0.00,0.00,0.00,0.00,0.00,0.00,0.00,0.00,0.00,221.00,0.00,0.00,0.00,0.00,0.00,0.00,0.00,0.00,0.00,0.00,3,2,1,0,0.00,0.00,0.00,0.00,0.00,0.00,0.00,0.00,0.00,0.00,0.00,0.00,0.00,0.00,0.00,0.00,0.00,0.00,0.00,0.00,0.00,0.00,0.00,0.00,0.00,0.00,0.00,0.00,0.00,0.00,0.00,0.00,0.00,0.00,0.00,0.00,0.00,0.00,0.00,0.00,0.00,0.00,0.00,0.00,0.00,0.00,0.00,0.00,0.00,0.00,0.00,0.00,0.00,9950.00,0.00,0.00,0.00,0.00,1995.37
0.50,0.00,0.00,0.00,0.50,0.00,1.51,0.00,0.00,97.49,0.00,326.00,0.00,0.00,0.00,0.00,0.00,0.00,5436.00,0.00,0.00,0.00,0.00,0.00,0.00,0.00,0.00,0.00,694548,1153456,1346172,65.97,47104,530476,3740192,183.28,835996,346460,464,604952,101264,7328,28704,0,0,0,0.00,0,0.00,0,0,0.00,26556,7616,36826,0,0,458,0.00,0.00,0.00,0,0.00,0.00,0.00,0.00,0.00,0.00,0.00,0.00,0.00,0.00,0.00,0.00,0.00,0.00,10761.00,0.00,15648.83,0.00,0.00,0.00,0.00,0.00,0.00,0.00,0.00,0.00,0.00,0.00,0.00,0.00,0.00,0.00,0.00,0.00,0.00,0.00,0.00,0.00,0.00,0.00,0.00,0.00,0.00,0.00,0.00,0.00,0.00,0.00,721,3,5,0,0,0,10756.00,0.00,240.00,0.00,10755.00,239.00,0.00,0.00,0.00,0.00,0.00,0.00,0.00,0.00,0.00,0.00,0.00,0.00,0.00,0.00,0.00,0.00,0.00,0.00,0.00,0.00,0.00,0.00,0.00,0.00,0.00,0.00,0.00,0.00,0.00,0.00,0.00,0.00,0.00,0.00,0.00,0.00,0.00,0.00,239.00,0.00,0.00,0.00,0.00,0.00,0.00,0.00,0.00,0.00,0.00,3,2,1,0,0.00,0.00,0.00,0.00,0.00,0.00,0.00,0.00,0.00,0.00,0.00,0.00,0.00,0.00,0.00,0.00,0.00,0.00,0.00,0.00,0.00,0.00,0.00,0.00,0.00,0.00,0.00,0.00,0.00,0.00,0.00,0.00,0.00,0.00,0.00,0.00,0.00,0.00,0.00,0.00,0.00,0.00,0.00,0.00,0.00,0.00,0.00,0.00,0.00,0.00,0.00,0.00,0.00,10761.00,0.00,0.00,0.00,0.00,1995.37
0.00,0.00,0.50,0.00,0.00,0.00,1.50,0.00,0.00,98.00,0.00,247.00,0.00,0.00,0.00,0.00,0.00,0.00,4123.00,0.00,0.00,0.00,0.00,0.00,0.00,0.00,0.00,0.00,694548,1153456,1346172,65.97,47104,530492,3740192,183.28,835996,346460,480,604952,101264,7328,28704,0,0,0,0.00,0,0.00,0,0,0.00,26556,7616,36826,0,0,458,0.00,0.00,0.00,0,0.00,0.00,0.00,0.00,0.00,0.00,0.00,0.00,0.00,0.00,0.00,0.00,0.00,0.00,8201.00,0.00,11917.41,0.00,0.00,0.00,0.00,0.00,0.00,0.00,0.00,1.00,0.00,0.00,0.00,0.00,0.00,0.00,0.00,0.00,0.00,0.00,0.00,0.00,0.00,0.00,0.00,0.00,0.00,0.00,0.00,0.00,0.00,0.00,721,3,5,0,0,0,8192.00,0.00,184.00,0.00,8190.00,182.00,0.00,0.00,0.00,0.00,0.00,0.00,0.00,0.00,0.00,0.00,0.00,0.00,0.00,0.00,0.00,0.00,0.00,0.00,0.00,0.00,0.00,0.00,0.00,0.00,0.00,0.00,0.00,0.00,0.00,0.00,0.00,0.00,0.00,0.00,0.00,0.00,0.00,0.00,182.00,0.00,0.00,0.00,0.00,0.00,0.00,0.00,0.00,0.00,0.00,3,2,1,0,0.00,0.00,0.00,0.00,0.00,0.00,0.00,0.00,0.00,0.00,0.00,0.00,0.00,0.00,0.00,0.00,0.00,0.00,0.00,0.00,0.00,0.00,0.00,0.00,0.00,0.00,0.00,0.00,0.00,0.00,0.00,0.00,0.00,0.00,0.00,0.00,0.00,0.00,0.00,0.00,0.00,0.00,0.00,0.00,0.00,0.00,0.00,0.00,0.00,0.00,0.00,0.00,0.00,8201.00,0.00,0.00,0.00,0.00,1995.37
0.00,0.00,0.50,0.00,0.00,0.00,1.00,0.00,0.00,98.50,0.00,190.00,0.00,0.00,0.00,0.00,2.00,0.00,1323.00,0.00,0.00,0.00,0.00,0.00,0.00,0.00,0.00,0.00,694548,1153456,1346172,65.97,47104,530508,3740192,183.28,835996,346460,496,604952,101264,7328,28704,0,0,0,0.00,0,0.00,0,0,0.00,26556,7616,36826,0,0,458,0.00,0.00,0.00,0,0.00,0.00,0.00,0.00,0.00,0.00,0.00,0.00,0.00,0.00,0.00,0.00,0.00,0.00,2620.00,0.00,3798.06,0.00,0.00,0.00,0.00,0.00,0.00,0.00,0.00,0.00,0.00,0.00,0.00,0.00,0.00,0.00,0.00,0.00,0.00,0.00,0.00,0.00,0.00,0.00,0.00,0.00,0.00,0.00,0.00,0.00,0.00,0.00,721,3,5,0,0,0,2610.00,0.00,58.00,0.00,2610.00,58.00,0.00,0.00,0.00,0.00,0.00,0.00,0.00,0.00,0.00,0.00,0.00,0.00,0.00,0.00,0.00,0.00,0.00,0.00,0.00,0.00,0.00,0.00,0.00,0.00,0.00,0.00,0.00,0.00,0.00,0.00,0.00,0.00,0.00,0.00,0.00,0.00,0.00,0.00,58.00,0.00,0.00,0.00,0.00,0.00,0.00,0.00,0.00,0.00,0.00,3,2,1,0,0.00,0.00,0.00,0.00,0.00,0.00,0.00,0.00,0.00,0.00,0.00,0.00,0.00,0.00,0.00,0.00,0.00,0.00,0.00,0.00,0.00,0.00,0.00,0.00,0.00,0.00,0.00,0.00,0.00,0.00,0.00,0.00,0.00,0.00,0.00,0.00,0.00,0.00,0.00,0.00,0.00,0.00,0.00,0.00,0.00,0.00,0.00,0.00,0.00,0.00,0.00,0.00,0.00,2665.00,0.00,0.00,0.00,0.00,1995.37
1.00,0.00,0.00,0.00,0.00,0.00,0.50,0.00,0.00,98.50,0.00,169.00,0.00,0.00,0.00,0.00,0.00,0.00,2131.00,0.00,0.00,0.00,0.00,0.00,0.00,0.00,0.00,0.00,694676,1153640,1346044,65.96,47104,530524,3740192,183.28,835996,346516,512,604952,101268,7328,28704,0,0,0,0.00,0,0.00,0,0,0.00,26556,7616,36826,0,0,458,0.00,0.00,0.00,0,0.00,0.00,0.00,0.00,0.00,0.00,0.00,0.00,0.00,0.00,0.00,0.00,0.00,0.00,4237.00,0.00,6154.93,0.00,0.00,0.00,0.00,0.00,0.00,0.00,0.00,1.00,0.00,0.00,0.00,0.00,0.00,0.00,0.00,0.00,0.00,0.00,0.00,0.00,0.00,0.00,0.00,0.00,0.00,0.00,0.00,0.00,0.00,0.00,721,3,5,0,0,0,4230.00,0.00,94.00,0.00,4230.00,94.00,0.00,0.00,0.00,0.00,0.00,0.00,0.00,0.00,0.00,0.00,0.00,0.00,0.00,0.00,0.00,0.00,0.00,0.00,0.00,0.00,0.00,0.00,0.00,0.00,0.00,0.00,0.00,0.00,0.00,0.00,0.00,0.00,0.00,0.00,0.00,0.00,0.00,0.00,94.00,0.00,0.00,0.00,0.00,0.00,0.00,0.00,0.00,0.00,0.00,3,2,1,0,0.00,0.00,0.00,0.00,0.00,0.00,0.00,0.00,0.00,0.00,0.00,0.00,0.00,0.00,0.00,0.00,0.00,0.00,0.00,0.00,0.00,0.00,0.00,0.00,0.00,0.00,0.00,0.00,0.00,0.00,0.00,0.00,0.00,0.00,0.00,0.00,0.00,0.00,0.00,0.00,0.00,0.00,0.00,0.00,0.00,0.00,0.00,0.00,0.00,0.00,0.00,0.00,0.00,4192.00,0.00,0.00,0.00,0.00,1995.37
0.00,0.00,0.00,5.50,0.00,0.00,0.50,0.00,0.00,94.00,0.00,113.00,0.00,0.00,0.00,12.00,0.00,0.00,1059.00,0.00,0.00,0.00,0.00,2.00,0.00,2.00,0.00,24.00,694516,1153480,1346204,65.97,47112,530536,3740192,183.28,835996,346516,524,604952,101268,7328,28704,0,0,0,0.00,0,0.00,0,0,0.00,26556,7616,36826,0,0,458,0.00,0.00,0.00,0,0.00,0.00,0.00,0.00,0.00,0.00,2.00,0.00,12.00,6.00,0.00,56.00,0.00,0.00,2124.00,0.00,3077.79,0.00,0.00,0.00,0.00,0.00,0.00,0.00,0.00,0.00,0.00,0.00,0.00,0.00,0.00,0.00,0.00,0.00,0.00,0.00,0.00,0.00,0.00,0.00,0.00,0.00,0.00,0.00,0.00,0.00,0.00,0.00,721,3,5,0,0,0,2115.00,0.00,47.00,0.00,2115.00,47.00,0.00,0.00,0.00,0.00,0.00,0.00,0.00,0.00,0.00,0.00,0.00,0.00,0.00,0.00,0.00,0.00,0.00,0.00,0.00,0.00,0.00,0.00,0.00,0.00,0.00,0.00,0.00,0.00,0.00,0.00,0.00,0.00,0.00,0.00,0.00,0.00,0.00,0.00,47.00,0.00,0.00,0.00,0.00,0.00,0.00,0.00,0.00,0.00,0.00,3,2,1,0,0.00,0.00,0.00,0.00,0.00,0.00,0.00,0.00,0.00,0.00,0.00,0.00,0.00,0.00,0.00,0.00,0.00,0.00,0.00,0.00,0.00,0.00,0.00,0.00,0.00,0.00,0.00,0.00,0.00,0.00,0.00,0.00,0.00,0.00,0.00,0.00,0.00,0.00,0.00,0.00,0.00,0.00,0.00,0.00,0.00,0.00,0.00,0.00,0.00,0.00,0.00,0.00,0.00,2124.00,0.00,0.00,0.00,0.00,1995.37
0.50,0.00,0.50,0.00,0.00,0.00,0.00,0.00,0.00,99.00,0.00,61.00,0.00,0.00,0.00,508.00,0.00,0.00,1291.00,0.00,0.00,0.00,0.00,2.00,0.00,2.00,0.00,1016.00,694580,1153544,1346140,65.96,47112,530552,3740192,183.28,835996,346516,36,604952,101268,7328,28704,0,0,0,0.00,0,0.00,0,0,0.00,26556,7616,36826,0,0,458,0.00,0.00,0.00,0,0.00,0.00,0.00,0.00,0.00,0.00,2.00,0.00,508.00,254.00,0.00,4.00,0.00,0.00,2576.00,0.00,3732.64,0.00,0.00,0.00,0.00,0.00,0.00,0.00,0.00,1.00,0.00,0.00,0.00,0.00,0.00,0.00,0.00,0.00,0.00,0.00,0.00,0.00,0.00,0.00,0.00,0.00,0.00,0.00,0.00,0.00,0.00,0.00,721,3,5,0,0,0,2565.00,0.00,57.00,0.00,2565.00,57.00,0.00,0.00,0.00,0.00,0.00,0.00,0.00,0.00,0.00,0.00,0.00,0.00,0.00,0.00,0.00,0.00,0.00,0.00,0.00,0.00,0.00,0.00,0.00,0.00,0.00,0.00,0.00,0.00,0.00,0.00,0.00,0.00,0.00,0.00,0.00,0.00,0.00,0.00,57.00,0.00,0.00,0.00,0.00,0.00,0.00,0.00,0.00,0.00,0.00,3,2,1,0,0.00,0.00,0.00,0.00,0.00,0.00,0.00,0.00,0.00,0.00,0.00,0.00,0.00,0.00,0.00,0.00,0.00,0.00,0.00,0.00,0.00,0.00,0.00,0.00,0.00,0.00,0.00,0.00,0.00,0.00,0.00,0.00,0.00,0.00,0.00,0.00,0.00,0.00,0.00,0.00,0.00,0.00,0.00,0.00,0.00,0.00,0.00,0.00,0.00,0.00,0.00,0.00,0.00,2576.00,0.00,0.00,0.00,0.00,1995.37
0.50,0.00,0.00,0.00,0.00,0.00,0.00,0.00,0.00,99.50,0.00,66.00,0.00,0.00,0.00,0.00,11.00,0.00,92.00,0.00,0.00,0.00,0.00,0.00,0.00,0.00,0.00,0.00,694580,1153544,1346140,65.96,47112,530552,3740192,183.28,835996,346516,36,604952,101268,7328,28704,0,0,0,0.00,0,0.00,0,0,0.00,26556,7616,36826,0,0,458,0.00,0.00,0.00,0,0.00,0.00,0.00,0.00,0.00,0.00,0.00,0.00,0.00,0.00,0.00,0.00,0.00,0.00,192.00,0.00,262.91,0.00,0.00,0.00,0.00,0.00,0.00,0.00,0.00,1.00,0.00,0.00,0.00,0.00,0.00,0.00,0.00,0.00,0.00,0.00,0.00,0.00,0.00,0.00,0.00,0.00,0.00,0.00,0.00,0.00,0.00,0.00,721,3,5,0,0,0,180.00,0.00,4.00,0.00,180.00,4.00,0.00,0.00,0.00,0.00,0.00,0.00,0.00,0.00,0.00,0.00,0.00,0.00,0.00,0.00,0.00,0.00,0.00,0.00,0.00,0.00,0.00,0.00,0.00,0.00,0.00,0.00,0.00,0.00,0.00,0.00,0.00,0.00,0.00,0.00,0.00,0.00,0.00,0.00,4.00,0.00,0.00,0.00,0.00,0.00,0.00,0.00,0.00,0.00,0.00,3,2,1,0,0.00,0.00,0.00,0.00,0.00,0.00,0.00,0.00,0.00,0.00,0.00,0.00,0.00,0.00,0.00,0.00,0.00,0.00,0.00,0.00,0.00,0.00,0.00,0.00,0.00,0.00,0.00,0.00,0.00,0.00,0.00,0.00,0.00,0.00,0.00,0.00,0.00,0.00,0.00,0.00,0.00,0.00,0.00,0.00,0.00,0.00,0.00,0.00,0.00,0.00,0.00,0.00,0.00,192.00,0.00,0.00,0.00,0.00,1995.37
1.00,0.00,0.50,0.00,0.00,0.00,0.00,0.00,0.00,98.50,0.00,96.00,0.00,0.00,0.00,0.00,5.00,0.00,41.00,0.00,0.00,0.00,0.00,0.00,0.00,0.00,0.00,0.00,694516,1153584,1346204,65.97,47112,530584,3740192,183.28,836040,346572,68,604948,101268,7328,28704,0,0,0,0.00,0,0.00,0,0,0.00,26556,7616,36826,0,0,458,0.00,0.00,0.00,0,0.00,0.00,0.00,0.00,0.00,0.00,0.00,0.00,0.00,0.00,0.00,0.00,0.00,0.00,52.00,0.00,65.88,0.00,0.00,0.00,0.00,0.00,0.00,0.00,0.00,1.00,0.00,0.00,0.00,0.00,0.00,0.00,0.00,0.00,0.00,0.00,0.00,0.00,0.00,0.00,0.00,0.00,0.00,0.00,0.00,0.00,0.00,0.00,721,3,5,0,0,0,45.00,0.00,1.00,0.00,45.00,1.00,0.00,0.00,0.00,0.00,0.00,0.00,0.00,0.00,0.00,0.00,0.00,0.00,0.00,0.00,0.00,0.00,0.00,0.00,0.00,0.00,0.00,0.00,0.00,0.00,0.00,0.00,0.00,0.00,0.00,0.00,0.00,0.00,0.00,0.00,0.00,0.00,0.00,0.00,1.00,0.00,0.00,0.00,0.00,0.00,0.00,0.00,0.00,0.00,0.00,3,2,1,0,0.00,0.00,0.00,0.00,0.00,0.00,0.00,0.00,0.00,0.00,0.00,0.00,0.00,0.00,0.00,0.00,0.00,0.00,0.00,0.00,0.00,0.00,0.00,0.00,0.00,0.00,0.00,0.00,0.00,0.00,0.00,0.00,0.00,0.00,0.00,0.00,0.00,0.00,0.00,0.00,0.00,0.00,0.00,0.00,0.00,0.00,0.00,0.00,0.00,0.00,0.00,0.00,0.00,52.00,0.00,0.00,0.00,0.00,1995.37
0.00,0.00,0.00,0.00,0.00,0.00,0.00,0.00,0.00,100.00,0.00,41.00,0.00,0.00,0.00,0.00,0.00,0.00,3.00,0.00,0.00,0.00,0.00,0.00,0.00,0.00,0.00,0.00,694392,1153460,1346328,65.97,47112,530600,3740192,183.28,836040,346572,84,604948,101268,7328,28704,0,0,0,0.00,0,0.00,0,0,0.00,26556,7616,36826,0,0,458,0.00,0.00,0.00,0,0.00,0.00,0.00,0.00,0.00,0.00,0.00,0.00,0.00,0.00,0.00,0.00,0.00,0.00,5.00,0.00,0.29,0.00,0.00,0.00,0.00,0.00,0.00,0.00,0.00,0.00,0.00,0.00,0.00,0.00,0.00,0.00,0.00,0.00,0.00,0.00,0.00,0.00,0.00,0.00,0.00,0.00,0.00,0.00,0.00,0.00,0.00,0.00,721,3,5,0,0,0,0.00,0.00,0.00,0.00,0.00,0.00,0.00,0.00,0.00,0.00,0.00,0.00,0.00,0.00,0.00,0.00,0.00,0.00,0.00,0.00,0.00,0.00,0.00,0.00,0.00,0.00,0.00,0.00,0.00,0.00,0.00,0.00,0.00,0.00,0.00,0.00,0.00,0.00,0.00,0.00,0.00,0.00,0.00,0.00,0.00,0.00,0.00,0.00,0.00,0.00,0.00,0.00,0.00,0.00,0.00,3,2,1,0,0.00,0.00,0.00,0.00,0.00,0.00,0.00,0.00,0.00,0.00,0.00,0.00,0.00,0.00,0.00,0.00,0.00,0.00,0.00,0.00,0.00,0.00,0.00,0.00,0.00,0.00,0.00,0.00,0.00,0.00,0.00,0.00,0.00,0.00,0.00,0.00,0.00,0.00,0.00,0.00,0.00,0.00,0.00,0.00,0.00,0.00,0.00,0.00,0.00,0.00,0.00,0.00,0.00,5.00,0.00,0.00,0.00,0.00,1995.37
0.50,0.00,0.00,9.50,0.00,0.00,0.00,0.00,0.00,90.00,0.00,54.00,0.00,0.00,0.00,20.00,0.00,0.00,76.00,0.00,0.00,0.00,0.00,2.00,0.00,2.00,0.00,40.00,694392,1153460,1346328,65.97,47120,530612,3740192,183.28,836040,346572,100,604948,101268,7328,28704,0,0,0,0.00,0,0.00,0,0,0.00,26556,7616,36826,0,0,458,0.00,0.00,0.00,0,0.00,0.00,0.00,0.00,0.00,0.00,2.00,0.00,20.00,10.00,0.00,98.00,0.00,0.00,141.00,0.00,196.77,0.00,0.00,0.00,0.00,0.00,0.00,0.00,0.00,1.00,0.00,0.00,0.00,0.00,0.00,0.00,0.00,0.00,0.00,0.00,0.00,0.00,0.00,0.00,0.00,0.00,0.00,0.00,0.00,0.00,0.00,0.00,721,3,5,0,0,0,135.00,0.00,3.00,0.00,135.00,3.00,0.00,0.00,0.00,0.00,0.00,0.00,0.00,0.00,0.00,0.00,0.00,0.00,0.00,0.00,0.00,0.00,0.00,0.00,0.00,0.00,0.00,0.00,0.00,0.00,0.00,0.00,0.00,0.00,0.00,0.00,0.00,0.00,0.00,0.00,0.00,0.00,0.00,0.00,3.00,0.00,0.00,0.00,0.00,0.00,0.00,0.00,0.00,0.00,0.00,3,2,1,0,0.00,0.00,0.00,0.00,0.00,0.00,0.00,0.00,0.00,0.00,0.00,0.00,0.00,0.00,0.00,0.00,0.00,0.00,0.00,0.00,0.00,0.00,0.00,0.00,0.00,0.00,0.00,0.00,0.00,0.00,0.00,0.00,0.00,0.00,0.00,0.00,0.00,0.00,0.00,0.00,0.00,0.00,0.00,0.00,0.00,0.00,0.00,0.00,0.00,0.00,0.00,0.00,0.00,141.00,0.00,0.00,0.00,0.00,1995.37
0.00,0.00,0.50,0.00,0.00,0.00,0.00,0.00,0.00,99.50,0.00,52.00,0.00,0.00,0.00,32.00,0.00,0.00,27.00,0.00,0.00,0.00,0.00,7.00,0.00,7.00,0.00,64.00,694580,1153656,1346140,65.96,47120,530628,3740192,183.28,836048,346572,80,604948,101268,7328,28704,0,0,0,0.00,0,0.00,0,0,0.00,26556,7616,36826,0,0,458,0.00,0.00,0.00,0,0.00,0.00,0.00,0.00,0.00,0.00,7.00,0.00,32.00,4.57,0.00,1.14,0.00,0.00,53.00,0.00,65.94,0.00,0.00,0.00,0.00,0.00,0.00,0.00,0.00,0.00,0.00,0.00,0.00,0.00,0.00,0.00,0.00,0.00,0.00,0.00,0.00,0.00,0.00,0.00,0.00,0.00,0.00,0.00,0.00,0.00,0.00,0.00,721,3,5,0,0,0,45.00,0.00,1.00,0.00,45.00,1.00,0.00,0.00,0.00,0.00,0.00,0.00,0.00,0.00,0.00,0.00,0.00,0.00,0.00,0.00,0.00,0.00,0.00,0.00,0.00,0.00,0.00,0.00,0.00,0.00,0.00,0.00,0.00,0.00,0.00,0.00,0.00,0.00,0.00,0.00,0.00,0.00,0.00,0.00,1.00,0.00,0.00,0.00,0.00,0.00,0.00,0.00,0.00,0.00,0.00,3,2,1,0,0.00,0.00,0.00,0.00,0.00,0.00,0.00,0.00,0.00,0.00,0.00,0.00,0.00,0.00,0.00,0.00,0.00,0.00,0.00,0.00,0.00,0.00,0.00,0.00,0.00,0.00,0.00,0.00,0.00,0.00,0.00,0.00,0.00,0.00,0.00,0.00,0.00,0.00,0.00,0.00,0.00,0.00,0.00,0.00,0.00,0.00,0.00,0.00,0.00,0.00,0.00,0.00,0.00,53.00,0.00,0.00,0.00,0.00,1995.37
0.00,0.00,0.50,0.00,0.00,0.00,0.00,0.00,0.00,99.50,0.00,60.00,0.00,0.00,0.00,0.00,0.00,0.00,1443.00,0.00,0.00,0.00,0.00,0.00,0.00,0.00,0.00,0.00,694580,1153712,1346140,65.96,47120,530644,3740192,183.28,836048,346628,96,604948,101268,7328,28704,0,0,0,0.00,0,0.00,0,0,0.00,26556,7616,36826,0,0,458,0.00,0.00,0.00,0,0.00,0.00,0.00,0.00,0.00,0.00,0.00,0.00,0.00,0.00,0.00,0.00,0.00,0.00,2842.00,0.00,4125.25,0.00,0.00,0.00,0.00,0.00,0.00,0.00,0.00,1.00,0.00,0.00,0.00,0.00,0.00,0.00,0.00,0.00,0.00,0.00,0.00,0.00,0.00,0.00,0.00,0.00,0.00,0.00,0.00,0.00,0.00,0.00,721,3,5,0,0,0,2835.00,0.00,63.00,0.00,2835.00,63.00,0.00,0.00,0.00,0.00,0.00,0.00,0.00,0.00,0.00,0.00,0.00,0.00,0.00,0.00,0.00,0.00,0.00,0.00,0.00,0.00,0.00,0.00,0.00,0.00,0.00,0.00,0.00,0.00,0.00,0.00,0.00,0.00,0.00,0.00,0.00,0.00,0.00,0.00,63.00,0.00,0.00,0.00,0.00,0.00,0.00,0.00,0.00,0.00,0.00,3,2,1,0,0.00,0.00,0.00,0.00,0.00,0.00,0.00,0.00,0.00,0.00,0.00,0.00,0.00,0.00,0.00,0.00,0.00,0.00,0.00,0.00,0.00,0.00,0.00,0.00,0.00,0.00,0.00,0.00,0.00,0.00,0.00,0.00,0.00,0.00,0.00,0.00,0.00,0.00,0.00,0.00,0.00,0.00,0.00,0.00,0.00,0.00,0.00,0.00,0.00,0.00,0.00,0.00,0.00,2842.00,0.00,0.00,0.00,0.00,1995.37
0.50,0.00,0.50,0.00,0.00,0.00,0.00,0.00,0.00,99.00,0.00,55.00,0.00,0.00,0.00,0.00,0.00,0.00,99.00,0.00,0.00,0.00,0.00,0.00,0.00,0.00,0.00,0.00,694676,1153808,1346044,65.96,47120,530660,3740192,183.28,836048,346628,112,604948,101268,7328,28704,0,0,0,0.00,0,0.00,0,0,0.00,26556,7616,36826,0,0,458,0.00,0.00,0.00,0,0.00,0.00,0.00,0.00,0.00,0.00,0.00,0.00,0.00,0.00,0.00,0.00,0.00,0.00,189.00,0.00,262.42,0.00,0.00,0.00,0.00,0.00,0.00,0.00,0.00,0.00,0.00,0.00,0.00,0.00,0.00,0.00,0.00,0.00,0.00,0.00,0.00,0.00,0.00,0.00,0.00,0.00,0.00,0.00,0.00,0.00,0.00,0.00,721,3,5,0,0,0,180.00,0.00,4.00,0.00,180.00,4.00,0.00,0.00,0.00,0.00,0.00,0.00,0.00,0.00,0.00,0.00,0.00,0.00,0.00,0.00,0.00,0.00,0.00,0.00,0.00,0.00,0.00,0.00,0.00,0.00,0.00,0.00,0.00,0.00,0.00,0.00,0.00,0.00,0.00,0.00,0.00,0.00,0.00,0.00,4.00,0.00,0.00,0.00,0.00,0.00,0.00,0.00,0.00,0.00,0.00,3,2,1,0,0.00,0.00,0.00,0.00,0.00,0.00,0.00,0.00,0.00,0.00,0.00,0.00,0.00,0.00,0.00,0.00,0.00,0.00,0.00,0.00,0.00,0.00,0.00,0.00,0.00,0.00,0.00,0.00,0.00,0.00,0.00,0.00,0.00,0.00,0.00,0.00,0.00,0.00,0.00,0.00,0.00,0.00,0.00,0.00,0.00,0.00,0.00,0.00,0.00,0.00,0.00,0.00,0.00,189.00,0.00,0.00,0.00,0.00,1995.37
0.00,0.00,0.50,0.00,0.00,0.00,0.00,0.00,0.00,99.50,0.00,49.00,0.00,0.00,0.00,0.00,0.00,0.00,19.00,0.00,0.00,0.00,0.00,0.00,0.00,0.00,0.00,0.00,694516,1153652,1346204,65.97,47120,530676,3740192,183.28,836048,346628,128,604948,101272,7328,28704,0,0,0,0.00,0,0.00,0,0,0.00,26556,7616,36826,0,0,458,0.00,0.00,0.00,0,0.00,0.00,0.00,0.00,0.00,0.00,0.00,0.00,0.00,0.00,0.00,0.00,0.00,0.00,54.00,0.00,66.29,0.00,0.00,0.00,0.00,0.00,0.00,0.00,0.00,1.00,0.00,0.00,0.00,0.00,0.00,0.00,0.00,0.00,0.00,0.00,0.00,0.00,0.00,0.00,0.00,0.00,0.00,0.00,0.00,0.00,0.00,0.00,721,3,5,0,0,0,48.00,0.00,2.00,0.00,45.00,1.00,0.00,0.00,0.00,0.00,0.00,0.00,0.00,0.00,0.00,0.00,0.00,0.00,0.00,0.00,0.00,0.00,0.00,0.00,0.00,0.00,0.00,0.00,0.00,0.00,0.00,0.00,0.00,0.00,0.00,0.00,0.00,0.00,0.00,0.00,0.00,0.00,0.00,0.00,1.00,0.00,0.00,0.00,0.00,0.00,0.00,0.00,0.00,0.00,0.00,3,2,1,0,0.00,0.00,0.00,0.00,0.00,0.00,0.00,0.00,0.00,0.00,0.00,0.00,0.00,0.00,0.00,0.00,0.00,0.00,0.00,0.00,0.00,0.00,0.00,0.00,0.00,0.00,0.00,0.00,0.00,0.00,0.00,0.00,0.00,0.00,0.00,0.00,0.00,0.00,0.00,0.00,0.00,0.00,0.00,0.00,0.00,0.00,0.00,0.00,0.00,0.00,0.00,0.00,0.00,54.00,0.00,0.00,0.00,0.00,1995.37
0.00,0.00,0.00,1.50,0.00,0.00,0.00,0.00,0.00,98.50,0.00,70.00,0.00,0.00,0.00,12.00,0.00,0.00,27.00,0.00,0.00,0.00,0.00,2.00,0.00,2.00,0.00,24.00,694612,1153748,1346108,65.96,47128,530688,3740192,183.28,836048,346628,140,604948,101272,7328,28704,0,0,0,0.00,0,0.00,0,0,0.00,26556,7616,36826,0,0,458,0.00,0.00,0.00,0,0.00,0.00,0.00,0.00,0.00,0.00,2.00,0.00,12.00,6.00,0.00,14.00,0.00,0.00,55.00,1.00,66.12,0.04,0.00,0.00,0.00,0.00,0.00,0.00,0.00,0.00,0.00,0.00,0.00,0.00,0.00,0.00,0.00,0.00,0.00,0.00,0.00,0.00,0.00,0.00,0.00,0.00,0.00,0.00,0.00,0.00,0.00,0.00,721,3,5,0,0,0,47.00,0.00,3.00,0.00,45.00,1.00,0.00,0.00,0.00,0.00,0.00,0.00,0.00,0.00,0.00,0.00,0.00,0.00,0.00,0.00,0.00,0.00,0.00,0.00,0.00,0.00,0.00,0.00,0.00,0.00,0.00,0.00,0.00,0.00,0.00,0.00,0.00,0.00,0.00,0.00,0.00,0.00,0.00,0.00,1.00,0.00,0.00,0.00,0.00,0.00,0.00,0.00,0.00,0.00,0.00,3,2,1,0,0.00,0.00,0.00,0.00,0.00,0.00,0.00,0.00,0.00,0.00,0.00,0.00,0.00,0.00,0.00,0.00,0.00,0.00,0.00,0.00,0.00,0.00,0.00,0.00,0.00,0.00,0.00,0.00,0.00,0.00,0.00,0.00,0.00,0.00,0.00,0.00,0.00,0.00,0.00,0.00,0.00,0.00,0.00,0.00,0.00,0.00,0.00,0.00,0.00,0.00,0.00,0.00,0.00,55.00,0.00,0.00,0.00,0.00,1995.37
0.00,0.00,0.50,0.00,0.00,0.00,0.00,0.00,0.00,99.50,0.00,36.00,0.00,0.00,0.00,0.00,0.00,0.00,3.00,0.00,0.00,0.00,0.00,0.00,0.00,0.00,0.00,0.00,694612,1153804,1346108,65.96,47128,530704,3740192,183.28,836048,346684,156,604948,101272,7328,28704,0,0,0,0.00,0,0.00,0,0,0.00,26556,7616,36826,0,0,458,0.00,0.00,0.00,0,0.00,0.00,0.00,0.00,0.00,0.00,0.00,0.00,0.00,0.00,0.00,0.00,0.00,0.00,3.00,0.00,0.21,0.00,0.00,0.00,0.00,0.00,0.00,0.00,0.00,1.00,0.00,0.00,0.00,0.00,0.00,0.00,0.00,0.00,0.00,0.00,0.00,0.00,0.00,0.00,0.00,0.00,0.00,0.00,0.00,0.00,0.00,0.00,721,3,5,0,0,0,1.00,0.00,1.00,0.00,0.00,0.00,0.00,0.00,0.00,0.00,0.00,0.00,0.00,0.00,0.00,0.00,0.00,0.00,0.00,0.00,0.00,0.00,0.00,0.00,0.00,0.00,0.00,0.00,0.00,0.00,0.00,0.00,0.00,0.00,0.00,0.00,0.00,0.00,0.00,0.00,0.00,0.00,0.00,0.00,0.00,0.00,0.00,0.00,0.00,0.00,0.00,0.00,0.00,0.00,0.00,3,2,1,0,0.00,0.00,0.00,0.00,0.00,0.00,0.00,0.00,0.00,0.00,0.00,0.00,0.00,0.00,0.00,0.00,0.00,0.00,0.00,0.00,0.00,0.00,0.00,0.00,0.00,0.00,0.00,0.00,0.00,0.00,0.00,0.00,0.00,0.00,0.00,0.00,0.00,0.00,0.00,0.00,0.00,0.00,0.00,0.00,0.00,0.00,0.00,0.00,0.00,0.00,0.00,0.00,0.00,3.00,0.00,0.00,0.00,0.00,1995.37
0.50,0.00,0.00,0.00,0.50,0.00,0.50,0.00,0.00,98.51,0.00,63.00,0.00,0.00,0.00,0.00,0.00,0.00,732.00,0.00,0.00,0.00,0.00,0.00,0.00,0.00,0.00,0.00,694516,1153708,1346204,65.97,47128,530720,3740192,183.28,836048,346684,172,604948,101272,7328,28704,0,0,0,0.00,0,0.00,0,0,0.00,26556,7616,36826,0,0,458,0.00,0.00,0.00,0,0.00,0.00,0.00,0.00,0.00,0.00,0.00,0.00,0.00,0.00,0.00,0.00,0.00,0.00,1453.00,0.00,2095.92,0.00,0.00,0.00,0.00,0.00,0.00,0.00,0.00,0.00,0.00,0.00,0.00,0.00,0.00,0.00,0.00,0.00,0.00,0.00,0.00,0.00,0.00,0.00,0.00,0.00,0.00,0.00,0.00,0.00,0.00,0.00,721,3,5,0,0,0,1440.00,0.00,32.00,0.00,1440.00,32.00,0.00,0.00,0.00,0.00,0.00,0.00,0.00,0.00,0.00,0.00,0.00,0.00,0.00,0.00,0.00,0.00,0.00,0.00,0.00,0.00,0.00,0.00,0.00,0.00,0.00,0.00,0.00,0.00,0.00,0.00,0.00,0.00,0.00,0.00,0.00,0.00,0.00,0.00,32.00,0.00,0.00,0.00,0.00,0.00,0.00,0.00,0.00,0.00,0.00,3,2,1,0,0.00,0.00,0.00,0.00,0.00,0.00,0.00,0.00,0.00,0.00,0.00,0.00,0.00,0.00,0.00,0.00,0.00,0.00,0.00,0.00,0.00,0.00,0.00,0.00,0.00,0.00,0.00,0.00,0.00,0.00,0.00,0.00,0.00,0.00,0.00,0.00,0.00,0.00,0.00,0.00,0.00,0.00,0.00,0.00,0.00,0.00,0.00,0.00,0.00,0.00,0.00,0.00,0.00,1453.00,0.00,0.00,0.00,0.00,1995.37
0.50,0.00,0.00,0.00,0.00,0.00,0.50,0.00,0.00,99.00,0.00,59.00,0.00,0.00,0.00,0.00,0.00,0.00,1546.00,0.00,0.00,0.00,0.00,0.00,0.00,0.00,0.00,0.00,694364,1153556,1346356,65.97,47128,530736,3740192,183.28,836048,346684,188,604948,101272,7328,28704,0,0,0,0.00,0,0.00,0,0,0.00,26556,7616,36826,0,0,458,0.00,0.00,0.00,0,0.00,0.00,0.00,0.00,0.00,0.00,0.00,0.00,0.00,0.00,0.00,0.00,0.00,0.00,3068.00,0.00,4452.68,0.00,0.00,0.00,0.00,0.00,0.00,0.00,0.00,1.00,0.00,0.00,0.00,0.00,0.00,0.00,0.00,0.00,0.00,0.00,0.00,0.00,0.00,0.00,0.00,0.00,0.00,0.00,0.00,0.00,0.00,0.00,721,3,5,0,0,0,3060.00,0.00,68.00,0.00,3060.00,68.00,0.00,0.00,0.00,0.00,0.00,0.00,0.00,0.00,0.00,0.00,0.00,0.00,0.00,0.00,0.00,0.00,0.00,0.00,0.00,0.00,0.00,0.00,0.00,0.00,0.00,0.00,0.00,0.00,0.00,0.00,0.00,0.00,0.00,0.00,0.00,0.00,0.00,0.00,68.00,0.00,0.00,0.00,0.00,0.00,0.00,0.00,0.00,0.00,0.00,3,2,1,0,0.00,0.00,0.00,0.00,0.00,0.00,0.00,0.00,0.00,0.00,0.00,0.00,0.00,0.00,0.00,0.00,0.00,0.00,0.00,0.00,0.00,0.00,0.00,0.00,0.00,0.00,0.00,0.00,0.00,0.00,0.00,0.00,0.00,0.00,0.00,0.00,0.00,0.00,0.00,0.00,0.00,0.00,0.00,0.00,0.00,0.00,0.00,0.00,0.00,0.00,0.00,0.00,0.00,3068.00,0.00,0.00,0.00,0.00,1995.37
0.00,0.00,0.00,0.00,0.00,0.00,0.00,0.00,0.00,100.00,0.00,36.00,0.00,0.00,0.00,0.00,0.00,0.00,11.00,0.00,0.00,0.00,0.00,0.00,0.00,0.00,0.00,0.00,694364,1153556,1346356,65.97,47128,530736,3740192,183.28,836048,346684,188,604948,101272,7328,28704,0,0,0,0.00,0,0.00,0,0,0.00,26556,7616,36826,0,0,458,0.00,0.00,0.00,0,0.00,0.00,0.00,0.00,0.00,0.00,0.00,0.00,0.00,0.00,0.00,0.00,0.00,0.00,6.00,0.00,0.35,0.00,0.00,0.00,0.00,0.00,0.00,0.00,0.00,0.00,0.00,0.00,0.00,0.00,0.00,0.00,0.00,0.00,0.00,0.00,0.00,0.00,0.00,0.00,0.00,0.00,0.00,0.00,0.00,0.00,0.00,0.00,721,3,5,0,0,0,0.00,0.00,0.00,0.00,0.00,0.00,0.00,0.00,0.00,0.00,0.00,0.00,0.00,0.00,0.00,0.00,0.00,0.00,0.00,0.00,0.00,0.00,0.00,0.00,0.00,0.00,0.00,0.00,0.00,0.00,0.00,0.00,0.00,0.00,0.00,0.00,0.00,0.00,0.00,0.00,0.00,0.00,0.00,0.00,0.00,0.00,0.00,0.00,0.00,0.00,0.00,0.00,0.00,0.00,0.00,3,2,1,0,0.00,0.00,0.00,0.00,0.00,0.00,0.00,0.00,0.00,0.00,0.00,0.00,0.00,0.00,0.00,0.00,0.00,0.00,0.00,0.00,0.00,0.00,0.00,0.00,0.00,0.00,0.00,0.00,0.00,0.00,0.00,0.00,0.00,0.00,0.00,0.00,0.00,0.00,0.00,0.00,0.00,0.00,0.00,0.00,0.00,0.00,0.00,0.00,0.00,0.00,0.00,0.00,0.00,6.00,0.00,0.00,0.00,0.00,1995.37
0.00,0.00,0.00,1.52,0.00,0.00,0.00,0.00,0.00,98.48,0.00,72.00,0.00,0.00,0.00,12.00,0.00,0.00,971.00,0.00,0.00,0.00,0.00,2.00,0.00,2.00,0.00,24.00,694268,1153516,1346452,65.98,47136,530764,3740192,183.28,836048,346740,216,604948,101272,7328,28704,0,0,0,0.00,0,0.00,0,0,0.00,26556,7616,36826,0,0,458,0.00,0.00,0.00,0,0.00,0.00,0.00,0.00,0.00,0.00,2.00,0.00,12.00,6.00,0.00,18.00,0.00,0.00,1941.00,0.00,2815.72,0.00,0.00,0.00,0.00,0.00,0.00,0.00,0.00,1.00,0.00,0.00,0.00,0.00,0.00,0.00,0.00,0.00,0.00,0.00,0.00,0.00,0.00,0.00,0.00,0.00,0.00,0.00,0.00,0.00,0.00,0.00,721,3,5,0,0,0,1935.00,0.00,43.00,0.00,1935.00,43.00,0.00,0.00,0.00,0.00,0.00,0.00,0.00,0.00,0.00,0.00,0.00,0.00,0.00,0.00,0.00,0.00,0.00,0.00,0.00,0.00,0.00,0.00,0.00,0.00,0.00,0.00,0.00,0.00,0.00,0.00,0.00,0.00,0.00,0.00,0.00,0.00,0.00,0.00,43.00,0.00,0.00,0.00,0.00,0.00,0.00,0.00,0.00,0.00,0.00,3,2,1,0,0.00,0.00,0.00,0.00,0.00,0.00,0.00,0.00,0.00,0.00,0.00,0.00,0.00,0.00,0.00,0.00,0.00,0.00,0.00,0.00,0.00,0.00,0.00,0.00,0.00,0.00,0.00,0.00,0.00,0.00,0.00,0.00,0.00,0.00,0.00,0.00,0.00,0.00,0.00,0.00,0.00,0.00,0.00,0.00,0.00,0.00,0.00,0.00,0.00,0.00,0.00,0.00,0.00,1941.00,0.00,0.00,0.00,0.00,1995.37
0.50,0.00,0.00,0.00,0.00,0.00,0.00,0.00,0.00,99.50,0.00,48.00,0.00,0.00,0.00,0.00,0.00,0.00,26.00,0.00,0.00,0.00,0.00,0.00,0.00,0.00,0.00,0.00,694364,1153612,1346356,65.97,47136,530780,3740192,183.28,836048,346740,232,604948,101272,7328,28704,0,0,0,0.00,0,0.00,0,0,0.00,26556,7616,36826,0,0,458,0.00,0.00,0.00,0,0.00,0.00,0.00,0.00,0.00,0.00,0.00,0.00,0.00,0.00,0.00,0.00,0.00,0.00,58.00,0.00,66.24,0.00,0.00,0.00,0.00,0.00,0.00,0.00,0.00,0.00,0.00,0.00,0.00,0.00,0.00,0.00,0.00,0.00,0.00,0.00,0.00,0.00,0.00,0.00,0.00,0.00,0.00,0.00,0.00,0.00,0.00,0.00,721,3,5,0,0,0,45.00,0.00,1.00,0.00,45.00,1.00,0.00,0.00,0.00,0.00,0.00,0.00,0.00,0.00,0.00,0.00,0.00,0.00,0.00,0.00,0.00,0.00,0.00,0.00,0.00,0.00,0.00,0.00,0.00,0.00,0.00,0.00,0.00,0.00,0.00,0.00,0.00,0.00,0.00,0.00,0.00,0.00,0.00,0.00,1.00,0.00,0.00,0.00,0.00,0.00,0.00,0.00,0.00,0.00,0.00,3,2,1,0,0.00,0.00,0.00,0.00,0.00,0.00,0.00,0.00,0.00,0.00,0.00,0.00,0.00,0.00,0.00,0.00,0.00,0.00,0.00,0.00,0.00,0.00,0.00,0.00,0.00,0.00,0.00,0.00,0.00,0.00,0.00,0.00,0.00,0.00,0.00,0.00,0.00,0.00,0.00,0.00,0.00,0.00,0.00,0.00,0.00,0.00,0.00,0.00,0.00,0.00,0.00,0.00,0.00,58.00,0.00,0.00,0.00,0.00,1995.37
0.00,0.00,0.50,0.00,0.00,0.00,0.00,0.00,0.00,99.50,0.00,26.00,0.00,0.00,0.00,0.00,0.00,0.00,3.00,0.00,0.00,0.00,0.00,0.00,0.00,0.00,0.00,0.00,694364,1153612,1346356,65.97,47136,530796,3740192,183.28,836048,346740,248,604948,101272,7328,28704,0,0,0,0.00,0,0.00,0,0,0.00,26556,7616,36826,0,0,458,0.00,0.00,0.00,0,0.00,0.00,0.00,0.00,0.00,0.00,0.00,0.00,0.00,0.00,0.00,0.00,0.00,0.00,9.00,0.00,0.96,0.00,0.00,0.00,0.00,0.00,0.00,0.00,0.00,1.00,0.00,0.00,0.00,0.00,0.00,0.00,0.00,0.00,0.00,0.00,0.00,0.00,0.00,0.00,0.00,0.00,0.00,0.00,0.00,0.00,0.00,0.00,721,3,5,0,0,0,7.00,0.00,4.00,0.00,0.00,0.00,0.00,0.00,0.00,0.00,0.00,0.00,0.00,0.00,0.00,0.00,0.00,0.00,0.00,0.00,0.00,0.00,0.00,0.00,0.00,0.00,0.00,0.00,0.00,0.00,0.00,0.00,0.00,0.00,0.00,0.00,0.00,0.00,0.00,0.00,0.00,0.00,0.00,0.00,0.00,0.00,0.00,0.00,0.00,0.00,0.00,0.00,0.00,0.00,0.00,3,2,1,0,0.00,0.00,0.00,0.00,0.00,0.00,0.00,0.00,0.00,0.00,0.00,0.00,0.00,0.00,0.00,0.00,0.00,0.00,0.00,0.00,0.00,0.00,0.00,0.00,0.00,0.00,0.00,0.00,0.00,0.00,0.00,0.00,0.00,0.00,0.00,0.00,0.00,0.00,0.00,0.00,0.00,0.00,0.00,0.00,0.00,0.00,0.00,0.00,0.00,0.00,0.00,0.00,0.00,9.00,0.00,0.00,0.00,0.00,1995.37
0.00,0.00,0.00,0.00,0.00,0.00,0.00,0.00,0.00,100.00,0.00,36.00,0.00,0.00,0.00,0.00,0.00,0.00,27.00,0.00,0.00,0.00,0.00,0.00,0.00,0.00,0.00,0.00,694460,1153764,1346260,65.97,47136,530812,3740192,183.28,836048,346796,264,604948,101272,7328,28704,0,0,0,0.00,0,0.00,0,0,0.00,26556,7616,36826,0,0,458,0.00,0.00,0.00,0,0.00,0.00,0.00,0.00,0.00,0.00,0.00,0.00,0.00,0.00,0.00,0.00,0.00,0.00,48.00,0.00,65.71,0.00,0.00,0.00,0.00,0.00,0.00,0.00,0.00,0.00,0.00,0.00,0.00,0.00,0.00,0.00,0.00,0.00,0.00,0.00,0.00,0.00,0.00,0.00,0.00,0.00,0.00,0.00,0.00,0.00,0.00,0.00,721,3,5,0,0,0,46.00,0.00,1.00,0.00,45.00,1.00,0.00,0.00,0.00,0.00,0.00,0.00,0.00,0.00,0.00,0.00,0.00,0.00,0.00,0.00,0.00,0.00,0.00,0.00,0.00,0.00,0.00,0.00,0.00,0.00,0.00,0.00,0.00,0.00,0.00,0.00,0.00,0.00,0.00,0.00,0.00,0.00,0.00,0.00,1.00,0.00,0.00,0.00,0.00,0.00,0.00,0.00,0.00,0.00,0.00,3,2,1,0,0.00,0.00,0.00,0.00,0.00,0.00,0.00,0.00,0.00,0.00,0.00,0.00,0.00,0.00,0.00,0.00,0.00,0.00,0.00,0.00,0.00,0.00,0.00,0.00,0.00,0.00,0.00,0.00,0.00,0.00,0.00,0.00,0.00,0.00,0.00,0.00,0.00,0.00,0.00,0.00,0.00,0.00,0.00,0.00,0.00,0.00,0.00,0.00,0.00,0.00,0.00,0.00,0.00,48.00,0.00,0.00,0.00,0.00,1995.37
0.50,0.00,0.50,0.00,0.00,0.00,0.00,0.00,0.00,99.00,0.00,57.00,0.00,0.00,0.00,0.00,0.00,0.00,1251.00,0.00,0.00,0.00,0.00,0.00,0.00,0.00,0.00,0.00,694392,1153696,1346328,65.97,47136,530828,3740192,183.28,836048,346796,280,604948,101272,7328,28704,0,0,0,0.00,0,0.00,0,0,0.00,26556,7616,36826,0,0,458,0.00,0.00,0.00,0,0.00,0.00,0.00,0.00,0.00,0.00,0.00,0.00,0.00,0.00,0.00,0.00,0.00,0.00,2478.00,0.00,3601.23,0.00,0.00,0.00,0.00,0.00,0.00,0.00,0.00,1.00,0.00,0.00,0.00,0.00,0.00,0.00,0.00,0.00,0.00,0.00,0.00,0.00,0.00,0.00,0.00,0.00,0.00,0.00,0.00,0.00,0.00,0.00,721,3,5,0,0,0,2475.00,0.00,55.00,0.00,2475.00,55.00,0.00,0.00,0.00,0.00,0.00,0.00,0.00,0.00,0.00,0.00,0.00,0.00,0.00,0.00,0.00,0.00,0.00,0.00,0.00,0.00,0.00,0.00,0.00,0.00,0.00,0.00,0.00,0.00,0.00,0.00,0.00,0.00,0.00,0.00,0.00,0.00,0.00,0.00,55.00,0.00,0.00,0.00,0.00,0.00,0.00,0.00,0.00,0.00,0.00,3,2,1,0,0.00,0.00,0.00,0.00,0.00,0.00,0.00,0.00,0.00,0.00,0.00,0.00,0.00,0.00,0.00,0.00,0.00,0.00,0.00,0.00,0.00,0.00,0.00,0.00,0.00,0.00,0.00,0.00,0.00,0.00,0.00,0.00,0.00,0.00,0.00,0.00,0.00,0.00,0.00,0.00,0.00,0.00,0.00,0.00,0.00,0.00,0.00,0.00,0.00,0.00,0.00,0.00,0.00,2478.00,0.00,0.00,0.00,0.00,1995.37
0.50,0.00,0.00,4.00,0.00,0.00,0.00,0.00,0.00,95.50,0.00,65.00,0.00,0.00,0.00,12.00,0.00,0.00,28.00,0.00,0.00,0.00,0.00,2.00,0.00,2.00,0.00,24.00,694392,1153696,1346328,65.97,47144,530840,3740192,183.28,836048,346796,292,604948,101276,7328,28704,0,0,0,0.00,0,0.00,0,0,0.00,26556,7616,36826,0,0,458,0.00,0.00,0.00,0,0.00,0.00,0.00,0.00,0.00,0.00,2.00,0.00,12.00,6.00,0.00,42.00,0.00,0.00,55.00,0.00,66.06,0.00,0.00,0.00,0.00,0.00,0.00,0.00,0.00,0.00,0.00,0.00,0.00,0.00,0.00,0.00,0.00,0.00,0.00,0.00,0.00,0.00,0.00,0.00,0.00,0.00,0.00,0.00,0.00,0.00,0.00,0.00,721,3,5,0,0,0,45.00,0.00,1.00,0.00,45.00,1.00,0.00,0.00,0.00,0.00,0.00,0.00,0.00,0.00,0.00,0.00,0.00,0.00,0.00,0.00,0.00,0.00,0.00,0.00,0.00,0.00,0.00,0.00,0.00,0.00,0.00,0.00,0.00,0.00,0.00,0.00,0.00,0.00,0.00,0.00,0.00,0.00,0.00,0.00,1.00,0.00,0.00,0.00,0.00,0.00,0.00,0.00,0.00,0.00,0.00,3,2,1,0,0.00,0.00,0.00,0.00,0.00,0.00,0.00,0.00,0.00,0.00,0.00,0.00,0.00,0.00,0.00,0.00,0.00,0.00,0.00,0.00,0.00,0.00,0.00,0.00,0.00,0.00,0.00,0.00,0.00,0.00,0.00,0.00,0.00,0.00,0.00,0.00,0.00,0.00,0.00,0.00,0.00,0.00,0.00,0.00,0.00,0.00,0.00,0.00,0.00,0.00,0.00,0.00,0.00,55.00,0.00,0.00,0.00,0.00,1995.37
0.50,0.00,0.00,0.00,0.00,0.00,0.00,0.00,0.00,99.50,0.00,35.00,0.00,0.00,0.00,0.00,0.00,0.00,35.00,0.00,0.00,0.00,0.00,0.00,0.00,0.00,0.00,0.00,694428,1153732,1346292,65.97,47144,530856,3740192,183.28,836048,346796,308,604948,101276,7328,28704,0,0,0,0.00,0,0.00,0,0,0.00,26556,7616,36826,0,0,458,0.00,0.00,0.00,0,0.00,0.00,0.00,0.00,0.00,0.00,0.00,0.00,0.00,0.00,0.00,0.00,0.00,0.00,50.00,0.00,65.80,0.00,0.00,0.00,0.00,0.00,0.00,0.00,0.00,3.00,0.00,0.00,0.00,0.00,0.00,0.00,0.00,0.00,0.00,0.00,0.00,0.00,0.00,0.00,0.00,0.00,0.00,0.00,0.00,0.00,0.00,0.00,721,3,5,0,0,0,45.00,0.00,1.00,0.00,45.00,1.00,0.00,0.00,0.00,0.00,0.00,0.00,0.00,0.00,0.00,0.00,0.00,0.00,0.00,0.00,0.00,0.00,0.00,0.00,0.00,0.00,0.00,0.00,0.00,0.00,0.00,0.00,0.00,0.00,0.00,0.00,0.00,0.00,0.00,0.00,0.00,0.00,0.00,0.00,1.00,0.00,0.00,0.00,0.00,0.00,0.00,0.00,0.00,0.00,0.00,3,2,1,0,0.00,0.00,0.00,0.00,0.00,0.00,0.00,0.00,0.00,0.00,0.00,0.00,0.00,0.00,0.00,0.00,0.00,0.00,0.00,0.00,0.00,0.00,0.00,0.00,0.00,0.00,0.00,0.00,0.00,0.00,0.00,0.00,0.00,0.00,0.00,0.00,0.00,0.00,0.00,0.00,0.00,0.00,0.00,0.00,0.00,0.00,0.00,0.00,0.00,0.00,0.00,0.00,0.00,50.00,0.00,0.00,0.00,0.00,1995.37
0.00,0.00,0.50,0.00,0.00,0.00,0.00,0.00,0.00,99.50,0.00,41.00,0.00,0.00,0.00,0.00,1.00,0.00,4.00,0.00,0.00,0.00,0.00,0.00,0.00,0.00,0.00,0.00,694428,1153788,1346292,65.97,47144,530872,3740192,183.28,836048,346852,324,604948,101276,7328,28704,0,0,0,0.00,0,0.00,0,0,0.00,26556,7616,36826,0,0,458,0.00,0.00,0.00,0,0.00,0.00,0.00,0.00,0.00,0.00,0.00,0.00,0.00,0.00,0.00,0.00,0.00,0.00,6.00,0.00,0.64,0.00,0.00,0.00,0.00,0.00,0.00,0.00,0.00,0.00,0.00,0.00,0.00,0.00,0.00,0.00,0.00,0.00,0.00,0.00,0.00,0.00,0.00,0.00,0.00,0.00,0.00,0.00,0.00,0.00,0.00,0.00,721,3,5,0,0,0,1.00,0.00,1.00,0.00,0.00,0.00,0.00,0.00,0.00,0.00,0.00,0.00,0.00,0.00,0.00,0.00,0.00,0.00,0.00,0.00,0.00,0.00,0.00,0.00,0.00,0.00,0.00,0.00,0.00,0.00,0.00,0.00,0.00,0.00,0.00,0.00,0.00,0.00,0.00,0.00,0.00,0.00,0.00,0.00,0.00,0.00,0.00,0.00,0.00,0.00,0.00,0.00,0.00,0.00,0.00,3,2,1,0,0.00,0.00,0.00,0.00,0.00,0.00,0.00,0.00,0.00,0.00,0.00,0.00,0.00,0.00,0.00,0.00,0.00,0.00,0.00,0.00,0.00,0.00,0.00,0.00,0.00,0.00,0.00,0.00,0.00,0.00,0.00,0.00,0.00,0.00,0.00,0.00,0.00,0.00,0.00,0.00,0.00,0.00,0.00,0.00,0.00,0.00,0.00,0.00,0.00,0.00,0.00,0.00,0.00,6.00,0.00,0.00,0.00,0.00,1995.37
0.00,0.00,0.00,0.00,0.00,0.00,0.00,0.00,0.00,100.00,0.00,54.00,0.00,0.00,0.00,0.00,0.00,0.00,4.00,0.00,0.00,0.00,0.00,0.00,0.00,0.00,0.00,0.00,694428,1153812,1346292,65.97,47144,530888,3740192,183.28,836072,346852,340,604952,101276,7328,28704,0,0,0,0.00,0,0.00,0,0,0.00,26556,7616,36826,0,0,458,0.00,0.00,0.00,0,0.00,0.00,0.00,0.00,0.00,0.00,0.00,0.00,0.00,0.00,0.00,0.00,0.00,0.00,8.00,0.00,0.47,0.00,0.00,0.00,0.00,0.00,0.00,0.00,0.00,1.00,0.00,0.00,0.00,0.00,0.00,0.00,0.00,0.00,0.00,0.00,0.00,0.00,0.00,0.00,0.00,0.00,0.00,0.00,0.00,0.00,0.00,0.00,721,3,5,0,0,0,0.00,0.00,0.00,0.00,0.00,0.00,0.00,0.00,0.00,0.00,0.00,0.00,0.00,0.00,0.00,0.00,0.00,0.00,0.00,0.00,0.00,0.00,0.00,0.00,0.00,0.00,0.00,0.00,0.00,0.00,0.00,0.00,0.00,0.00,0.00,0.00,0.00,0.00,0.00,0.00,0.00,0.00,0.00,0.00,0.00,0.00,0.00,0.00,0.00,0.00,0.00,0.00,0.00,0.00,0.00,3,2,1,0,0.00,0.00,0.00,0.00,0.00,0.00,0.00,0.00,0.00,0.00,0.00,0.00,0.00,0.00,0.00,0.00,0.00,0.00,0.00,0.00,0.00,0.00,0.00,0.00,0.00,0.00,0.00,0.00,0.00,0.00,0.00,0.00,0.00,0.00,0.00,0.00,0.00,0.00,0.00,0.00,0.00,0.00,0.00,0.00,0.00,0.00,0.00,0.00,0.00,0.00,0.00,0.00,0.00,8.00,0.00,0.00,0.00,0.00,1995.37
0.50,0.00,0.00,0.00,0.00,0.00,0.00,0.00,0.00,99.50,0.00,47.00,0.00,0.00,0.00,0.00,0.00,0.00,11.00,0.00,0.00,0.00,0.00,0.00,0.00,0.00,0.00,0.00,694144,1153528,1346576,65.99,47144,530904,3740192,183.28,836072,346852,356,604952,101276,7328,28704,0,0,0,0.00,0,0.00,0,0,0.00,26556,7616,36826,0,0,458,0.00,0.00,0.00,0,0.00,0.00,0.00,0.00,0.00,0.00,0.00,0.00,0.00,0.00,0.00,0.00,0.00,0.00,16.00,0.00,0.94,0.00,0.00,0.00,0.00,0.00,0.00,0.00,0.00,0.00,0.00,0.00,0.00,0.00,0.00,0.00,0.00,0.00,0.00,0.00,0.00,0.00,0.00,0.00,0.00,0.00,0.00,0.00,0.00,0.00,0.00,0.00,721,3,5,0,0,0,0.00,0.00,0.00,0.00,0.00,0.00,0.00,0.00,0.00,0.00,0.00,0.00,0.00,0.00,0.00,0.00,0.00,0.00,0.00,0.00,0.00,0.00,0.00,0.00,0.00,0.00,0.00,0.00,0.00,0.00,0.00,0.00,0.00,0.00,0.00,0.00,0.00,0.00,0.00,0.00,0.00,0.00,0.00,0.00,0.00,0.00,0.00,0.00,0.00,0.00,0.00,0.00,0.00,0.00,0.00,3,2,1,0,0.00,0.00,0.00,0.00,0.00,0.00,0.00,0.00,0.00,0.00,0.00,0.00,0.00,0.00,0.00,0.00,0.00,0.00,0.00,0.00,0.00,0.00,0.00,0.00,0.00,0.00,0.00,0.00,0.00,0.00,0.00,0.00,0.00,0.00,0.00,0.00,0.00,0.00,0.00,0.00,0.00,0.00,0.00,0.00,0.00,0.00,0.00,0.00,0.00,0.00,0.00,0.00,0.00,16.00,0.00,0.00,0.00,0.00,1995.37
0.00,0.00,0.50,0.50,0.00,0.00,0.00,0.00,0.00,99.00,0.00,69.00,0.00,0.00,0.00,12.00,0.00,0.00,59.00,0.00,0.00,0.00,0.00,2.00,0.00,2.00,0.00,24.00,694116,1153500,1346604,65.99,47152,530896,3740192,183.28,836072,346852,356,604952,101276,7328,28704,0,0,0,0.00,0,0.00,0,0,0.00,26556,7616,36826,0,0,458,0.00,0.00,0.00,0,0.00,0.00,0.00,0.00,0.00,0.00,2.00,0.00,12.00,6.00,0.00,8.00,0.00,0.00,101.00,0.00,132.18,0.00,0.00,0.00,0.00,0.00,0.00,0.00,0.00,1.00,0.00,0.00,0.00,0.00,0.00,0.00,0.00,0.00,0.00,0.00,0.00,0.00,0.00,0.00,0.00,0.00,0.00,0.00,0.00,0.00,0.00,0.00,721,3,5,0,0,0,92.00,0.00,4.00,0.00,90.00,2.00,0.00,0.00,0.00,0.00,0.00,0.00,0.00,0.00,0.00,0.00,0.00,0.00,0.00,0.00,0.00,0.00,0.00,0.00,0.00,0.00,0.00,0.00,0.00,0.00,0.00,0.00,0.00,0.00,0.00,0.00,0.00,0.00,0.00,0.00,0.00,0.00,0.00,0.00,2.00,0.00,0.00,0.00,0.00,0.00,0.00,0.00,0.00,0.00,0.00,3,2,1,0,0.00,0.00,0.00,0.00,0.00,0.00,0.00,0.00,0.00,0.00,0.00,0.00,0.00,0.00,0.00,0.00,0.00,0.00,0.00,0.00,0.00,0.00,0.00,0.00,0.00,0.00,0.00,0.00,0.00,0.00,0.00,0.00,0.00,0.00,0.00,0.00,0.00,0.00,0.00,0.00,0.00,0.00,0.00,0.00,0.00,0.00,0.00,0.00,0.00,0.00,0.00,0.00,0.00,102.00,0.00,0.00,0.00,0.00,1995.37
0.50,0.00,0.00,0.00,0.00,0.00,0.00,0.00,0.00,99.50,0.00,50.00,0.00,0.00,0.00,0.00,0.00,0.00,322.00,0.00,0.00,0.00,0.00,0.00,0.00,0.00,0.00,0.00,694208,1153648,1346512,65.98,47152,530932,3740192,183.28,836072,346908,384,604952,101276,7328,28704,0,0,0,0.00,0,0.00,0,0,0.00,26556,7616,36826,0,0,458,0.00,0.00,0.00,0,0.00,0.00,0.00,0.00,0.00,0.00,0.00,0.00,0.00,0.00,0.00,0.00,0.00,0.00,644.00,0.00,917.57,0.00,0.00,0.00,0.00,0.00,0.00,0.00,0.00,0.00,0.00,0.00,0.00,0.00,0.00,0.00,0.00,0.00,0.00,0.00,0.00,0.00,0.00,0.00,0.00,0.00,0.00,0.00,0.00,0.00,0.00,0.00,721,3,5,0,0,0,636.00,0.00,16.00,0.00,630.00,14.00,0.00,0.00,0.00,0.00,0.00,0.00,0.00,0.00,0.00,0.00,0.00,0.00,0.00,0.00,0.00,0.00,0.00,0.00,0.00,0.00,0.00,0.00,0.00,0.00,0.00,0.00,0.00,0.00,0.00,0.00,0.00,0.00,0.00,0.00,0.00,0.00,0.00,0.00,14.00,0.00,0.00,0.00,0.00,0.00,0.00,0.00,0.00,0.00,0.00,3,2,1,0,0.00,0.00,0.00,0.00,0.00,0.00,0.00,0.00,0.00,0.00,0.00,0.00,0.00,0.00,0.00,0.00,0.00,0.00,0.00,0.00,0.00,0.00,0.00,0.00,0.00,0.00,0.00,0.00,0.00,0.00,0.00,0.00,0.00,0.00,0.00,0.00,0.00,0.00,0.00,0.00,0.00,0.00,0.00,0.00,0.00,0.00,0.00,0.00,0.00,0.00,0.00,0.00,0.00,643.00,0.00,0.00,0.00,0.00,1995.37
0.00,0.00,0.50,0.00,0.00,0.00,0.00,0.00,0.00,99.50,0.00,45.54,0.00,0.00,0.00,0.00,0.00,0.00,478.22,0.00,0.00,0.00,0.00,0.00,0.00,0.00,0.00,0.00,694144,1153584,1346576,65.99,47152,530948,3740192,183.28,836072,346908,400,604952,101276,7328,28704,0,0,0,0.00,0,0.00,0,0,0.00,26556,7616,36826,0,0,458,0.00,0.00,0.00,0,0.00,0.00,0.00,0.00,0.00,0.00,0.00,0.00,0.00,0.00,0.00,0.00,0.00,0.00,940.59,0.00,1361.65,0.00,0.00,0.00,0.00,0.00,0.00,0.00,0.00,0.99,0.00,0.00,0.00,0.00,0.00,0.00,0.00,0.00,0.00,0.00,0.00,0.00,0.00,0.00,0.00,0.00,0.00,0.00,0.00,0.00,0.00,0.00,721,3,5,0,0,0,936.63,0.00,21.78,0.00,935.64,20.79,0.00,0.00,0.00,0.00,0.00,0.00,0.00,0.00,0.00,0.00,0.00,0.00,0.00,0.00,0.00,0.00,0.00,0.00,0.00,0.00,0.00,0.00,0.00,0.00,0.00,0.00,0.00,0.00,0.00,0.00,0.00,0.00,0.00,0.00,0.00,0.00,0.00,0.00,20.79,0.00,0.00,0.00,0.00,0.00,0.00,0.00,0.00,0.00,0.00,3,2,1,0,0.00,0.00,0.00,0.00,0.00,0.00,0.00,0.00,0.00,0.00,0.00,0.00,0.00,0.00,0.00,0.00,0.00,0.00,0.00,0.00,0.00,0.00,0.00,0.00,0.00,0.00,0.00,0.00,0.00,0.00,0.00,0.00,0.00,0.00,0.00,0.00,0.00,0.00,0.00,0.00,0.00,0.00,0.00,0.00,0.00,0.00,0.00,0.00,0.00,0.00,0.00,0.00,0.00,940.59,0.00,0.00,0.00,0.00,1995.37
0.00,0.00,0.00,0.00,0.00,0.00,0.50,0.00,0.00,99.50,0.00,47.00,0.00,0.00,0.00,0.00,0.00,0.00,1243.00,0.00,0.00,0.00,0.00,0.00,0.00,0.00,0.00,0.00,694240,1153680,1346480,65.98,47152,530948,3740192,183.28,836072,346908,400,604952,101276,7328,28704,0,0,0,0.00,0,0.00,0,0,0.00,26556,7616,36826,0,0,458,0.00,0.00,0.00,0,0.00,0.00,0.00,0.00,0.00,0.00,0.00,0.00,0.00,0.00,0.00,0.00,0.00,0.00,2483.00,0.00,3601.52,0.00,0.00,0.00,0.00,0.00,0.00,0.00,0.00,0.00,0.00,0.00,0.00,0.00,0.00,0.00,0.00,0.00,0.00,0.00,0.00,0.00,0.00,0.00,0.00,0.00,0.00,0.00,0.00,0.00,0.00,0.00,721,3,5,0,0,0,2475.00,0.00,55.00,0.00,2475.00,55.00,0.00,0.00,0.00,0.00,0.00,0.00,0.00,0.00,0.00,0.00,0.00,0.00,0.00,0.00,0.00,0.00,0.00,0.00,0.00,0.00,0.00,0.00,0.00,0.00,0.00,0.00,0.00,0.00,0.00,0.00,0.00,0.00,0.00,0.00,0.00,0.00,0.00,0.00,55.00,0.00,0.00,0.00,0.00,0.00,0.00,0.00,0.00,0.00,0.00,3,2,1,0,0.00,0.00,0.00,0.00,0.00,0.00,0.00,0.00,0.00,0.00,0.00,0.00,0.00,0.00,0.00,0.00,0.00,0.00,0.00,0.00,0.00,0.00,0.00,0.00,0.00,0.00,0.00,0.00,0.00,0.00,0.00,0.00,0.00,0.00,0.00,0.00,0.00,0.00,0.00,0.00,0.00,0.00,0.00,0.00,0.00,0.00,0.00,0.00,0.00,0.00,0.00,0.00,0.00,2483.00,0.00,0.00,0.00,0.00,1995.37
0.00,0.00,0.50,0.00,0.00,0.00,6.44,0.00,0.00,93.07,0.00,331.68,0.00,0.00,0.00,0.00,3.96,0.00,18912.87,0.00,0.00,0.00,0.00,0.00,0.00,0.00,0.00,0.00,693108,1153308,1347612,66.04,47152,531452,3754448,183.98,837732,346796,24,606004,100612,7376,28676,0,0,0,0.00,0,0.00,0,0,0.00,26647,7584,36889,0,0,461,0.00,0.00,0.00,0,0.00,0.00,0.00,0.00,0.00,0.00,0.00,0.00,0.00,0.00,0.00,0.00,0.00,0.00,37343.56,0.00,54325.27,0.00,0.00,0.00,0.00,0.00,0.00,0.00,0.00,0.00,0.00,0.00,0.00,0.00,0.00,0.00,0.00,0.00,0.00,0.00,0.00,0.00,0.00,0.00,0.00,0.00,0.00,0.00,0.00,0.00,0.00,0.00,722,3,5,0,0,0,37337.62,0.00,830.69,0.00,37336.63,829.70,0.00,0.00,0.00,0.00,0.00,0.00,0.00,0.00,0.00,0.00,0.00,0.00,0.00,0.00,0.00,0.00,0.00,0.00,0.00,0.00,0.00,0.00,0.00,0.00,0.00,0.00,0.00,0.00,0.00,0.00,0.00,0.00,0.00,0.00,0.00,0.00,0.00,0.00,829.70,0.00,0.00,0.00,0.00,0.00,0.00,0.00,0.00,0.00,0.00,3,2,1,0,0.00,0.00,0.00,0.00,0.00,0.00,0.00,0.00,0.00,0.00,0.00,0.00,0.00,0.00,0.00,0.00,0.00,0.00,0.00,0.00,0.00,0.00,0.00,0.00,0.00,0.00,0.00,0.00,0.00,0.00,0.00,0.00,0.00,0.00,0.00,0.00,0.00,0.00,0.00,0.00,0.00,0.00,0.00,0.00,0.00,0.00,0.00,0.00,0.00,0.00,0.00,0.00,0.00,37343.56,0.00,0.00,0.00,0.00,1995.37
0.50,0.00,0.00,0.00,0.00,0.00,5.00,0.00,0.00,94.50,0.00,320.00,0.00,0.00,0.00,0.00,3.00,0.00,15234.00,0.00,0.00,0.00,0.00,0.00,0.00,0.00,0.00,0.00,693076,1153276,1347644,66.04,47152,531464,3754448,183.98,837732,346796,36,606008,100612,7376,28676,0,0,0,0.00,0,0.00,0,0,0.00,26647,7584,36889,0,0,461,0.00,0.00,0.00,0,0.00,0.00,0.00,0.00,0.00,0.00,0.00,0.00,0.00,0.00,0.00,0.00,0.00,0.00,30202.00,0.00,43933.71,0.00,0.00,0.00,0.00,0.00,0.00,0.00,0.00,1.00,0.00,0.00,0.00,0.00,0.00,0.00,0.00,0.00,0.00,0.00,0.00,0.00,0.00,0.00,0.00,0.00,0.00,0.00,0.00,0.00,0.00,0.00,722,3,5,0,0,0,30220.00,0.00,671.00,0.00,30218.00,671.00,0.00,0.00,0.00,0.00,0.00,0.00,0.00,0.00,0.00,0.00,0.00,0.00,0.00,0.00,0.00,0.00,0.00,0.00,0.00,0.00,0.00,0.00,0.00,0.00,0.00,0.00,0.00,0.00,0.00,0.00,0.00,0.00,0.00,0.00,0.00,0.00,0.00,0.00,672.00,0.00,0.00,0.00,0.00,0.00,0.00,0.00,0.00,0.00,0.00,3,2,1,0,0.00,0.00,0.00,0.00,0.00,0.00,0.00,0.00,0.00,0.00,0.00,0.00,0.00,0.00,0.00,0.00,0.00,0.00,0.00,0.00,0.00,0.00,0.00,0.00,0.00,0.00,0.00,0.00,0.00,0.00,0.00,0.00,0.00,0.00,0.00,0.00,0.00,0.00,0.00,0.00,0.00,0.00,0.00,0.00,0.00,0.00,0.00,0.00,0.00,0.00,0.00,0.00,0.00,30337.00,0.00,0.00,0.00,0.00,1995.37
0.00,0.00,0.50,0.00,0.50,0.00,3.52,0.00,0.00,95.48,0.00,295.00,0.00,0.00,0.00,0.00,0.00,0.00,15018.00,0.00,0.00,0.00,0.00,0.00,0.00,0.00,0.00,0.00,693044,1153244,1347676,66.04,47152,531480,3754448,183.98,837732,346796,52,606008,100612,7376,28676,0,0,0,0.00,0,0.00,0,0,0.00,26647,7584,36889,0,0,461,0.00,0.00,0.00,0,0.00,0.00,0.00,0.00,0.00,0.00,0.00,0.00,0.00,0.00,0.00,0.00,0.00,0.00,29839.00,0.00,43409.25,0.00,0.00,0.00,0.00,0.00,0.00,0.00,0.00,0.00,0.00,0.00,0.00,0.00,0.00,0.00,0.00,0.00,0.00,0.00,0.00,0.00,0.00,0.00,0.00,0.00,0.00,0.00,0.00,0.00,0.00,0.00,722,3,5,0,0,0,29812.00,0.00,663.00,0.00,29812.00,663.00,0.00,0.00,0.00,0.00,0.00,0.00,0.00,0.00,0.00,0.00,0.00,0.00,0.00,0.00,0.00,0.00,0.00,0.00,0.00,0.00,0.00,0.00,0.00,0.00,0.00,0.00,0.00,0.00,0.00,0.00,0.00,0.00,0.00,0.00,0.00,0.00,0.00,0.00,662.00,0.00,0.00,0.00,0.00,0.00,0.00,0.00,0.00,0.00,0.00,3,2,1,0,0.00,0.00,0.00,0.00,0.00,0.00,0.00,0.00,0.00,0.00,0.00,0.00,0.00,0.00,0.00,0.00,0.00,0.00,0.00,0.00,0.00,0.00,0.00,0.00,0.00,0.00,0.00,0.00,0.00,0.00,0.00,0.00,0.00,0.00,0.00,0.00,0.00,0.00,0.00,0.00,0.00,0.00,0.00,0.00,0.00,0.00,0.00,0.00,0.00,0.00,0.00,0.00,0.00,29749.00,0.00,0.00,0.00,0.00,1995.37
0.50,0.00,0.00,0.00,0.00,0.00,5.00,0.00,0.00,94.50,0.00,316.00,0.00,0.00,0.00,0.00,0.00,0.00,15435.00,0.00,0.00,0.00,0.00,0.00,0.00,0.00,0.00,0.00,692980,1153180,1347740,66.04,47152,531496,3754448,183.98,837732,346796,68,606008,100612,7376,28676,0,0,0,0.00,0,0.00,0,0,0.00,26647,7584,36889,0,0,461,0.00,0.00,0.00,0,0.00,0.00,0.00,0.00,0.00,0.00,0.00,0.00,0.00,0.00,0.00,0.00,0.00,0.00,30696.00,0.00,44653.37,0.00,0.00,0.00,0.00,0.00,0.00,0.00,0.00,1.00,0.00,0.00,0.00,0.00,0.00,0.00,0.00,0.00,0.00,0.00,0.00,0.00,0.00,0.00,0.00,0.00,0.00,0.00,0.00,0.00,0.00,0.00,722,3,5,0,0,0,30735.00,0.00,683.00,0.00,30735.00,683.00,0.00,0.00,0.00,0.00,0.00,0.00,0.00,0.00,0.00,0.00,0.00,0.00,0.00,0.00,0.00,0.00,0.00,0.00,0.00,0.00,0.00,0.00,0.00,0.00,0.00,0.00,0.00,0.00,0.00,0.00,0.00,0.00,0.00,0.00,0.00,0.00,0.00,0.00,683.00,0.00,0.00,0.00,0.00,0.00,0.00,0.00,0.00,0.00,0.00,3,2,1,0,0.00,0.00,0.00,0.00,0.00,0.00,0.00,0.00,0.00,0.00,0.00,0.00,0.00,0.00,0.00,0.00,0.00,0.00,0.00,0.00,0.00,0.00,0.00,0.00,0.00,0.00,0.00,0.00,0.00,0.00,0.00,0.00,0.00,0.00,0.00,0.00,0.00,0.00,0.00,0.00,0.00,0.00,0.00,0.00,0.00,0.00,0.00,0.00,0.00,0.00,0.00,0.00,0.00,30741.00,0.00,0.00,0.00,0.00,1995.37
0.00,0.00,0.00,0.00,0.00,0.00,4.04,0.00,0.00,95.96,0.00,302.00,0.00,0.00,0.00,0.00,0.00,0.00,14811.00,0.00,0.00,0.00,0.00,0.00,0.00,0.00,0.00,0.00,693044,1153300,1347676,66.04,47152,531512,3754448,183.98,837732,346852,84,606008,100612,7376,28676,0,0,0,0.00,0,0.00,0,0,0.00,26647,7584,36889,0,0,461,0.00,0.00,0.00,0,0.00,0.00,0.00,0.00,0.00,0.00,0.00,0.00,0.00,0.00,0.00,0.00,0.00,0.00,29482.00,0.00,42885.64,0.00,0.00,0.00,0.00,0.00,0.00,0.00,0.00,0.00,0.00,0.00,0.00,0.00,0.00,0.00,0.00,0.00,0.00,0.00,0.00,0.00,0.00,0.00,0.00,0.00,0.00,0.00,0.00,0.00,0.00,0.00,722,3,5,0,0,0,29475.00,0.00,655.00,0.00,29475.00,655.00,0.00,0.00,0.00,0.00,0.00,0.00,0.00,0.00,0.00,0.00,0.00,0.00,0.00,0.00,0.00,0.00,0.00,0.00,0.00,0.00,0.00,0.00,0.00,0.00,0.00,0.00,0.00,0.00,0.00,0.00,0.00,0.00,0.00,0.00,0.00,0.00,0.00,0.00,655.00,0.00,0.00,0.00,0.00,0.00,0.00,0.00,0.00,0.00,0.00,3,2,1,0,0.00,0.00,0.00,0.00,0.00,0.00,0.00,0.00,0.00,0.00,0.00,0.00,0.00,0.00,0.00,0.00,0.00,0.00,0.00,0.00,0.00,0.00,0.00,0.00,0.00,0.00,0.00,0.00,0.00,0.00,0.00,0.00,0.00,0.00,0.00,0.00,0.00,0.00,0.00,0.00,0.00,0.00,0.00,0.00,0.00,0.00,0.00,0.00,0.00,0.00,0.00,0.00,0.00,29437.00,0.00,0.00,0.00,0.00,1995.37
0.50,0.00,0.00,1.00,0.50,0.00,4.98,0.00,0.00,93.03,0.00,330.00,0.00,0.00,0.00,156.00,0.00,0.00,16387.00,0.00,0.00,0.00,0.00,9.00,0.00,9.00,0.00,312.00,692888,1153172,1347832,66.05,47160,531528,3754448,183.98,837784,346880,0,606008,100612,7376,28676,0,0,0,0.00,0,0.00,0,0,0.00,26647,7584,36889,0,0,461,0.00,0.00,0.00,0,0.00,0.00,0.00,0.00,0.00,0.00,9.00,0.00,156.00,17.33,0.02,7.56,0.89,0.80,32537.00,0.00,47337.55,0.00,0.00,0.00,0.00,0.00,0.00,0.00,0.00,1.00,0.00,0.00,0.00,0.00,0.00,0.00,0.00,0.00,0.00,0.00,0.00,0.00,0.00,0.00,0.00,0.00,0.00,0.00,0.00,0.00,0.00,0.00,722,3,5,0,0,0,32490.00,0.00,722.00,0.00,32490.00,722.00,0.00,0.00,0.00,0.00,0.00,0.00,0.00,0.00,0.00,0.00,0.00,0.00,0.00,0.00,0.00,0.00,0.00,0.00,0.00,0.00,0.00,0.00,0.00,0.00,0.00,0.00,0.00,0.00,0.00,0.00,0.00,0.00,0.00,0.00,0.00,0.00,0.00,0.00,722.00,0.00,0.00,0.00,0.00,0.00,0.00,0.00,0.00,0.00,0.00,3,2,1,0,0.00,0.00,0.00,0.00,0.00,0.00,0.00,0.00,0.00,0.00,0.00,0.00,0.00,0.00,0.00,0.00,0.00,0.00,0.00,0.00,0.00,0.00,0.00,0.00,0.00,0.00,0.00,0.00,0.00,0.00,0.00,0.00,0.00,0.00,0.00,0.00,0.00,0.00,0.00,0.00,0.00,0.00,0.00,0.00,0.00,0.00,0.00,0.00,0.00,0.00,0.00,0.00,0.00,32537.00,0.00,0.00,0.00,0.00,1995.37
0.00,0.00,0.49,0.00,0.00,0.00,6.37,0.00,0.00,93.14,0.00,315.00,0.00,0.00,0.00,0.00,0.00,0.00,15084.00,0.00,0.00,0.00,0.00,0.00,0.00,0.00,0.00,0.00,692920,1153204,1347800,66.05,47160,531540,3754448,183.98,837784,346880,16,606008,100612,7376,28676,0,0,0,0.00,0,0.00,0,0,0.00,26647,7584,36889,0,0,461,0.00,0.00,0.00,0,0.00,0.00,0.00,0.00,0.00,0.00,0.00,0.00,0.00,0.00,0.00,0.00,0.00,0.00,29926.00,0.00,43540.02,0.00,0.00,0.00,0.00,0.00,0.00,0.00,0.00,0.00,0.00,0.00,0.00,0.00,0.00,0.00,0.00,0.00,0.00,0.00,0.00,0.00,0.00,0.00,0.00,0.00,0.00,0.00,0.00,0.00,0.00,0.00,722,3,5,0,1,0,29970.00,0.00,666.00,0.00,29970.00,666.00,0.00,0.00,0.00,0.00,0.00,0.00,0.00,0.00,0.00,0.00,0.00,0.00,0.00,0.00,0.00,0.00,0.00,0.00,0.00,0.00,0.00,0.00,0.00,0.00,0.00,0.00,0.00,0.00,0.00,0.00,0.00,0.00,0.00,0.00,0.00,0.00,0.00,0.00,666.00,0.00,0.00,0.00,0.00,0.00,0.00,0.00,0.00,0.00,0.00,3,2,1,0,0.00,0.00,0.00,0.00,0.00,0.00,0.00,0.00,0.00,0.00,0.00,0.00,0.00,0.00,0.00,0.00,0.00,0.00,0.00,0.00,0.00,0.00,0.00,0.00,0.00,0.00,0.00,0.00,0.00,0.00,0.00,0.00,0.00,0.00,0.00,0.00,0.00,0.00,0.00,0.00,0.00,0.00,0.00,0.00,0.00,0.00,0.00,0.00,0.00,0.00,0.00,0.00,0.00,29926.00,0.00,0.00,0.00,0.00,1995.37
0.50,0.00,0.00,0.00,0.00,0.00,4.98,0.00,0.00,94.53,0.00,315.00,0.00,0.00,0.00,0.00,0.00,0.00,14171.00,0.00,0.00,0.00,0.00,0.00,0.00,0.00,0.00,0.00,692920,1153204,1347800,66.05,47160,531556,3754448,183.98,837784,346880,32,606008,100612,7376,28676,0,0,0,0.00,0,0.00,0,0,0.00,26647,7584,36889,0,0,461,0.00,0.00,0.00,0,0.00,0.00,0.00,0.00,0.00,0.00,0.00,0.00,0.00,0.00,0.00,0.00,0.00,0.00,28218.00,0.00,41052.32,0.00,0.00,0.00,0.00,0.00,0.00,0.00,0.00,1.00,0.00,0.00,0.00,0.00,0.00,0.00,0.00,0.00,0.00,0.00,0.00,0.00,0.00,0.00,0.00,0.00,0.00,0.00,0.00,0.00,0.00,0.00,722,3,5,0,0,0,28171.00,0.00,627.00,0.00,28170.00,626.00,0.00,0.00,0.00,0.00,0.00,0.00,0.00,0.00,0.00,0.00,0.00,0.00,0.00,0.00,0.00,0.00,0.00,0.00,0.00,0.00,0.00,0.00,0.00,0.00,0.00,0.00,0.00,0.00,0.00,0.00,0.00,0.00,0.00,0.00,0.00,0.00,0.00,0.00,627.00,0.00,0.00,0.00,0.00,0.00,0.00,0.00,0.00,0.00,0.00,3,2,1,0,0.00,0.00,0.00,0.00,0.00,0.00,0.00,0.00,0.00,0.00,0.00,0.00,0.00,0.00,0.00,0.00,0.00,0.00,0.00,0.00,0.00,0.00,0.00,0.00,0.00,0.00,0.00,0.00,0.00,0.00,0.00,0.00,0.00,0.00,0.00,0.00,0.00,0.00,0.00,0.00,0.00,0.00,0.00,0.00,0.00,0.00,0.00,0.00,0.00,0.00,0.00,0.00,0.00,28218.00,0.00,0.00,0.00,0.00,1995.37
0.00,0.00,0.50,0.00,0.00,0.00,4.48,0.00,0.00,95.02,0.00,309.00,0.00,0.00,0.00,0.00,0.00,0.00,11179.00,0.00,0.00,0.00,0.00,0.00,0.00,0.00,0.00,0.00,692952,1153236,1347768,66.04,47160,531572,3754448,183.98,837784,346880,48,606008,100612,7376,28676,0,0,0,0.00,0,0.00,0,0,0.00,26647,7584,36889,0,0,461,0.00,0.00,0.00,0,0.00,0.00,0.00,0.00,0.00,0.00,0.00,0.00,0.00,0.00,0.00,0.00,0.00,0.00,22238.00,0.00,32344.88,0.00,0.00,0.00,0.00,0.00,0.00,0.00,0.00,0.00,0.00,0.00,0.00,0.00,0.00,0.00,0.00,0.00,0.00,0.00,0.00,0.00,0.00,0.00,0.00,0.00,0.00,0.00,0.00,0.00,0.00,0.00,722,3,5,0,0,0,22282.00,0.00,499.00,0.00,22275.00,495.00,0.00,0.00,0.00,0.00,0.00,0.00,0.00,0.00,0.00,0.00,0.00,0.00,0.00,0.00,0.00,0.00,0.00,0.00,0.00,0.00,0.00,0.00,0.00,0.00,0.00,0.00,0.00,0.00,0.00,0.00,0.00,0.00,0.00,0.00,0.00,0.00,0.00,0.00,494.00,0.00,0.00,0.00,0.00,0.00,0.00,0.00,0.00,0.00,0.00,3,2,1,0,0.00,0.00,0.00,0.00,0.00,0.00,0.00,0.00,0.00,0.00,0.00,0.00,0.00,0.00,0.00,0.00,0.00,0.00,0.00,0.00,0.00,0.00,0.00,0.00,0.00,0.00,0.00,0.00,0.00,0.00,0.00,0.00,0.00,0.00,0.00,0.00,0.00,0.00,0.00,0.00,0.00,0.00,0.00,0.00,0.00,0.00,0.00,0.00,0.00,0.00,0.00,0.00,0.00,22283.00,0.00,0.00,0.00,0.00,1995.37
0.00,0.00,0.00,0.00,0.50,0.00,4.98,0.00,0.00,94.53,0.00,310.00,0.00,0.00,0.00,0.00,0.00,0.00,14187.00,0.00,0.00,0.00,0.00,0.00,0.00,0.00,0.00,0.00,692796,1153140,1347924,66.05,47160,531588,3754448,183.98,837784,346936,64,606008,100616,7376,28676,0,0,0,0.00,0,0.00,0,0,0.00,26647,7584,36889,0,0,461,0.00,0.00,0.00,0,0.00,0.00,0.00,0.00,0.00,0.00,0.00,0.00,0.00,0.00,0.00,0.00,0.00,0.00,28174.00,0.00,40986.79,0.00,0.00,0.00,0.00,0.00,0.00,0.00,0.00,1.00,0.00,0.00,0.00,0.00,0.00,0.00,0.00,0.00,0.00,0.00,0.00,0.00,0.00,0.00,0.00,0.00,0.00,0.00,0.00,0.00,0.00,0.00,722,3,5,0,0,0,28126.00,0.00,625.00,0.00,28125.00,625.00,0.00,0.00,0.00,0.00,0.00,0.00,0.00,0.00,0.00,0.00,0.00,0.00,0.00,0.00,0.00,0.00,0.00,0.00,0.00,0.00,0.00,0.00,0.00,0.00,0.00,0.00,0.00,0.00,0.00,0.00,0.00,0.00,0.00,0.00,0.00,0.00,0.00,0.00,625.00,0.00,0.00,0.00,0.00,0.00,0.00,0.00,0.00,0.00,0.00,3,2,1,0,0.00,0.00,0.00,0.00,0.00,0.00,0.00,0.00,0.00,0.00,0.00,0.00,0.00,0.00,0.00,0.00,0.00,0.00,0.00,0.00,0.00,0.00,0.00,0.00,0.00,0.00,0.00,0.00,0.00,0.00,0.00,0.00,0.00,0.00,0.00,0.00,0.00,0.00,0.00,0.00,0.00,0.00,0.00,0.00,0.00,0.00,0.00,0.00,0.00,0.00,0.00,0.00,0.00,28129.00,0.00,0.00,0.00,0.00,1995.37
0.50,0.00,0.00,0.00,0.00,0.00,3.50,0.00,0.00,96.00,0.00,298.00,0.00,0.00,0.00,0.00,0.00,0.00,11387.00,0.00,0.00,0.00,0.00,0.00,0.00,0.00,0.00,0.00,692764,1153108,1347956,66.05,47160,531604,3754448,183.98,837784,346936,80,606008,100616,7376,28676,0,0,0,0.00,0,0.00,0,0,0.00,26647,7584,36889,0,0,461,0.00,0.00,0.00,0,0.00,0.00,0.00,0.00,0.00,0.00,0.00,0.00,0.00,0.00,0.00,0.00,0.00,0.00,22641.00,0.00,32933.59,0.00,0.00,0.00,0.00,0.00,0.00,0.00,0.00,0.00,0.00,0.00,0.00,0.00,0.00,0.00,0.00,0.00,0.00,0.00,0.00,0.00,0.00,0.00,0.00,0.00,0.00,0.00,0.00,0.00,0.00,0.00,722,3,5,0,0,0,22635.00,0.00,503.00,0.00,22635.00,503.00,0.00,0.00,0.00,0.00,0.00,0.00,0.00,0.00,0.00,0.00,0.00,0.00,0.00,0.00,0.00,0.00,0.00,0.00,0.00,0.00,0.00,0.00,0.00,0.00,0.00,0.00,0.00,0.00,0.00,0.00,0.00,0.00,0.00,0.00,0.00,0.00,0.00,0.00,503.00,0.00,0.00,0.00,0.00,0.00,0.00,0.00,0.00,0.00,0.00,3,2,1,0,0.00,0.00,0.00,0.00,0.00,0.00,0.00,0.00,0.00,0.00,0.00,0.00,0.00,0.00,0.00,0.00,0.00,0.00,0.00,0.00,0.00,0.00,0.00,0.00,0.00,0.00,0.00,0.00,0.00,0.00,0.00,0.00,0.00,0.00,0.00,0.00,0.00,0.00,0.00,0.00,0.00,0.00,0.00,0.00,0.00,0.00,0.00,0.00,0.00,0.00,0.00,0.00,0.00,22641.00,0.00,0.00,0.00,0.00,1995.37
0.00,0.00,0.50,1.51,0.00,0.00,3.02,0.00,0.00,94.97,0.00,316.00,0.00,0.00,0.00,20.00,0.00,0.00,9980.00,0.00,0.00,0.00,0.00,2.00,0.00,2.00,0.00,40.00,692796,1153140,1347924,66.05,47168,531616,3754448,183.98,837784,346936,100,606008,100616,7376,28676,0,0,0,0.00,0,0.00,0,0,0.00,26647,7584,36889,0,0,461,0.00,0.00,0.00,0,0.00,0.00,0.00,0.00,0.00,0.00,2.00,0.00,20.00,10.00,0.00,16.00,0.00,0.00,19810.00,0.00,28808.98,0.00,0.00,0.00,0.00,0.00,0.00,0.00,0.00,1.00,0.00,0.00,0.00,0.00,0.00,0.00,0.00,0.00,0.00,0.00,0.00,0.00,0.00,0.00,0.00,0.00,0.00,0.00,0.00,0.00,0.00,0.00,722,3,5,0,0,0,19800.00,0.00,440.00,0.00,19800.00,440.00,0.00,0.00,0.00,0.00,0.00,0.00,0.00,0.00,0.00,0.00,0.00,0.00,0.00,0.00,0.00,0.00,0.00,0.00,0.00,0.00,0.00,0.00,0.00,0.00,0.00,0.00,0.00,0.00,0.00,0.00,0.00,0.00,0.00,0.00,0.00,0.00,0.00,0.00,440.00,0.00,0.00,0.00,0.00,0.00,0.00,0.00,0.00,0.00,0.00,3,2,1,0,0.00,0.00,0.00,0.00,0.00,0.00,0.00,0.00,0.00,0.00,0.00,0.00,0.00,0.00,0.00,0.00,0.00,0.00,0.00,0.00,0.00,0.00,0.00,0.00,0.00,0.00,0.00,0.00,0.00,0.00,0.00,0.00,0.00,0.00,0.00,0.00,0.00,0.00,0.00,0.00,0.00,0.00,0.00,0.00,0.00,0.00,0.00,0.00,0.00,0.00,0.00,0.00,0.00,19771.00,0.00,0.00,0.00,0.00,1995.37
0.50,0.00,0.00,0.00,0.00,0.00,3.00,0.00,0.00,96.50,0.00,289.00,0.00,0.00,0.00,0.00,0.00,0.00,8787.00,0.00,0.00,0.00,0.00,0.00,0.00,0.00,0.00,0.00,692796,1153140,1347924,66.05,47168,531632,3754448,183.98,837784,346936,116,606008,100616,7376,28676,0,0,0,0.00,0,0.00,0,0,0.00,26647,7584,36889,0,0,461,0.00,0.00,0.00,0,0.00,0.00,0.00,0.00,0.00,0.00,0.00,0.00,0.00,0.00,0.00,0.00,0.00,0.00,17512.00,0.00,25469.65,0.00,0.00,0.00,0.00,0.00,0.00,0.00,0.00,0.00,0.00,0.00,0.00,0.00,0.00,0.00,0.00,0.00,0.00,0.00,0.00,0.00,0.00,0.00,0.00,0.00,0.00,0.00,0.00,0.00,0.00,0.00,722,3,5,0,1,0,17550.00,0.00,389.00,0.00,17550.00,390.00,0.00,0.00,0.00,0.00,0.00,0.00,0.00,0.00,0.00,0.00,0.00,0.00,0.00,0.00,0.00,0.00,0.00,0.00,0.00,0.00,0.00,0.00,0.00,0.00,0.00,0.00,0.00,0.00,0.00,0.00,0.00,0.00,0.00,0.00,0.00,0.00,0.00,0.00,390.00,0.00,0.00,0.00,0.00,0.00,0.00,0.00,0.00,0.00,0.00,3,2,1,0,0.00,0.00,0.00,0.00,0.00,0.00,0.00,0.00,0.00,0.00,0.00,0.00,0.00,0.00,0.00,0.00,0.00,0.00,0.00,0.00,0.00,0.00,0.00,0.00,0.00,0.00,0.00,0.00,0.00,0.00,0.00,0.00,0.00,0.00,0.00,0.00,0.00,0.00,0.00,0.00,0.00,0.00,0.00,0.00,0.00,0.00,0.00,0.00,0.00,0.00,0.00,0.00,0.00,17596.00,0.00,0.00,0.00,0.00,1995.37
0.00,0.00,0.50,0.00,0.50,0.00,3.98,0.00,0.00,95.02,0.00,311.00,0.00,0.00,0.00,0.00,0.00,0.00,10883.00,0.00,0.00,0.00,0.00,0.00,0.00,0.00,0.00,0.00,692732,1153132,1347988,66.05,47168,531648,3754448,183.98,837784,346992,132,606008,100616,7376,28676,0,0,0,0.00,0,0.00,0,0,0.00,26647,7584,36889,0,0,461,0.00,0.00,0.00,0,0.00,0.00,0.00,0.00,0.00,0.00,0.00,0.00,0.00,0.00,0.00,0.00,0.00,0.00,21561.00,0.00,31362.22,0.00,0.00,0.00,0.00,0.00,0.00,0.00,0.00,1.00,0.00,0.00,0.00,0.00,0.00,0.00,0.00,0.00,0.00,0.00,0.00,0.00,0.00,0.00,0.00,0.00,0.00,0.00,0.00,0.00,0.00,0.00,722,3,5,0,0,0,21510.00,0.00,479.00,0.00,21510.00,478.00,0.00,0.00,0.00,0.00,0.00,0.00,0.00,0.00,0.00,0.00,0.00,0.00,0.00,0.00,0.00,0.00,0.00,0.00,0.00,0.00,0.00,0.00,0.00,0.00,0.00,0.00,0.00,0.00,0.00,0.00,0.00,0.00,0.00,0.00,0.00,0.00,0.00,0.00,478.00,0.00,0.00,0.00,0.00,0.00,0.00,0.00,0.00,0.00,0.00,3,2,1,0,0.00,0.00,0.00,0.00,0.00,0.00,0.00,0.00,0.00,0.00,0.00,0.00,0.00,0.00,0.00,0.00,0.00,0.00,0.00,0.00,0.00,0.00,0.00,0.00,0.00,0.00,0.00,0.00,0.00,0.00,0.00,0.00,0.00,0.00,0.00,0.00,0.00,0.00,0.00,0.00,0.00,0.00,0.00,0.00,0.00,0.00,0.00,0.00,0.00,0.00,0.00,0.00,0.00,21471.00,0.00,0.00,0.00,0.00,1995.37
0.50,0.00,0.00,0.00,0.00,0.00,3.00,0.00,0.00,96.50,0.00,289.00,0.00,0.00,0.00,0.00,0.00,0.00,8795.00,0.00,0.00,0.00,0.00,0.00,0.00,0.00,0.00,0.00,692672,1153072,1348048,66.06,47168,531664,3754448,183.98,837784,346992,148,606008,100616,7376,28676,0,0,0,0.00,0,0.00,0,0,0.00,26647,7584,36889,0,0,461,0.00,0.00,0.00,0,0.00,0.00,0.00,0.00,0.00,0.00,0.00,0.00,0.00,0.00,0.00,0.00,0.00,0.00,17464.00,0.00,25404.00,0.00,0.00,0.00,0.00,0.00,0.00,0.00,0.00,0.00,0.00,0.00,0.00,0.00,0.00,0.00,0.00,0.00,0.00,0.00,0.00,0.00,0.00,0.00,0.00,0.00,0.00,0.00,0.00,0.00,0.00,0.00,722,3,5,0,0,0,17460.00,0.00,388.00,0.00,17460.00,388.00,0.00,0.00,0.00,0.00,0.00,0.00,0.00,0.00,0.00,0.00,0.00,0.00,0.00,0.00,0.00,0.00,0.00,0.00,0.00,0.00,0.00,0.00,0.00,0.00,0.00,0.00,0.00,0.00,0.00,0.00,0.00,0.00,0.00,0.00,0.00,0.00,0.00,0.00,388.00,0.00,0.00,0.00,0.00,0.00,0.00,0.00,0.00,0.00,0.00,3,2,1,0,0.00,0.00,0.00,0.00,0.00,0.00,0.00,0.00,0.00,0.00,0.00,0.00,0.00,0.00,0.00,0.00,0.00,0.00,0.00,0.00,0.00,0.00,0.00,0.00,0.00,0.00,0.00,0.00,0.00,0.00,0.00,0.00,0.00,0.00,0.00,0.00,0.00,0.00,0.00,0.00,0.00,0.00,0.00,0.00,0.00,0.00,0.00,0.00,0.00,0.00,0.00,0.00,0.00,17464.00,0.00,0.00,0.00,0.00,1995.37
0.50,0.00,0.00,0.00,0.00,0.00,3.00,0.00,0.00,96.50,0.00,305.00,0.00,0.00,0.00,0.00,0.00,0.00,8691.00,0.00,0.00,0.00,0.00,0.00,0.00,0.00,0.00,0.00,692640,1153040,1348080,66.06,47168,531680,3754448,183.98,837784,346992,164,606008,100616,7376,28676,0,0,0,0.00,0,0.00,0,0,0.00,26647,7584,36889,0,0,461,0.00,0.00,0.00,0,0.00,0.00,0.00,0.00,0.00,0.00,0.00,0.00,0.00,0.00,0.00,0.00,0.00,0.00,17237.00,0.00,25076.52,0.00,0.00,0.00,0.00,0.00,0.00,0.00,0.00,1.00,0.00,0.00,0.00,0.00,0.00,0.00,0.00,0.00,0.00,0.00,0.00,0.00,0.00,0.00,0.00,0.00,0.00,0.00,0.00,0.00,0.00,0.00,722,3,5,0,0,0,17235.00,0.00,383.00,0.00,17235.00,383.00,0.00,0.00,0.00,0.00,0.00,0.00,0.00,0.00,0.00,0.00,0.00,0.00,0.00,0.00,0.00,0.00,0.00,0.00,0.00,0.00,0.00,0.00,0.00,0.00,0.00,0.00,0.00,0.00,0.00,0.00,0.00,0.00,0.00,0.00,0.00,0.00,0.00,0.00,383.00,0.00,0.00,0.00,0.00,0.00,0.00,0.00,0.00,0.00,0.00,3,2,1,0,0.00,0.00,0.00,0.00,0.00,0.00,0.00,0.00,0.00,0.00,0.00,0.00,0.00,0.00,0.00,0.00,0.00,0.00,0.00,0.00,0.00,0.00,0.00,0.00,0.00,0.00,0.00,0.00,0.00,0.00,0.00,0.00,0.00,0.00,0.00,0.00,0.00,0.00,0.00,0.00,0.00,0.00,0.00,0.00,0.00,0.00,0.00,0.00,0.00,0.00,0.00,0.00,0.00,17237.00,0.00,0.00,0.00,0.00,1995.37
0.00,0.00,0.00,5.03,0.00,0.00,3.02,0.00,0.00,91.96,0.00,311.00,0.00,0.00,0.00,12.00,0.00,0.00,7045.00,0.00,0.00,0.00,0.00,2.00,0.00,2.00,0.00,24.00,692728,1153132,1347992,66.05,47176,531692,3754448,183.98,837784,346992,176,606008,100624,7376,28676,0,0,0,0.00,0,0.00,0,0,0.00,26647,7584,36889,0,0,461,0.00,0.00,0.00,0,0.00,0.00,0.00,0.00,0.00,0.00,2.00,0.00,12.00,6.00,0.00,56.00,0.00,0.00,14000.00,0.00,20362.59,0.00,0.00,0.00,0.00,0.00,0.00,0.00,0.00,0.00,0.00,0.00,0.00,0.00,0.00,0.00,0.00,0.00,0.00,0.00,0.00,0.00,0.00,0.00,0.00,0.00,0.00,0.00,0.00,0.00,0.00,0.00,722,3,5,0,0,0,13995.00,0.00,311.00,0.00,13995.00,311.00,0.00,0.00,0.00,0.00,0.00,0.00,0.00,0.00,0.00,0.00,0.00,0.00,0.00,0.00,0.00,0.00,0.00,0.00,0.00,0.00,0.00,0.00,0.00,0.00,0.00,0.00,0.00,0.00,0.00,0.00,0.00,0.00,0.00,0.00,0.00,0.00,0.00,0.00,311.00,0.00,0.00,0.00,0.00,0.00,0.00,0.00,0.00,0.00,0.00,3,2,1,0,0.00,0.00,0.00,0.00,0.00,0.00,0.00,0.00,0.00,0.00,0.00,0.00,0.00,0.00,0.00,0.00,0.00,0.00,0.00,0.00,0.00,0.00,0.00,0.00,0.00,0.00,0.00,0.00,0.00,0.00,0.00,0.00,0.00,0.00,0.00,0.00,0.00,0.00,0.00,0.00,0.00,0.00,0.00,0.00,0.00,0.00,0.00,0.00,0.00,0.00,0.00,0.00,0.00,14000.00,0.00,0.00,0.00,0.00,1995.37
0.50,0.00,0.00,0.00,0.50,0.00,3.00,0.00,0.00,96.00,0.00,301.00,0.00,0.00,0.00,0.00,0.00,0.00,9515.00,0.00,0.00,0.00,0.00,0.00,0.00,0.00,0.00,0.00,692696,1153156,1348024,66.06,47176,531708,3754448,183.98,837784,347048,192,606008,100624,7376,28676,0,0,0,0.00,0,0.00,0,0,0.00,26647,7584,36889,0,0,461,0.00,0.00,0.00,0,0.00,0.00,0.00,0.00,0.00,0.00,0.00,0.00,0.00,0.00,0.00,0.00,0.00,0.00,18946.00,0.00,27564.46,0.00,0.00,0.00,0.00,0.00,0.00,0.00,0.00,1.00,0.00,0.00,0.00,0.00,0.00,0.00,0.00,0.00,0.00,0.00,0.00,0.00,0.00,0.00,0.00,0.00,0.00,0.00,0.00,0.00,0.00,0.00,722,3,5,0,0,0,18945.00,0.00,421.00,0.00,18945.00,421.00,0.00,0.00,0.00,0.00,0.00,0.00,0.00,0.00,0.00,0.00,0.00,0.00,0.00,0.00,0.00,0.00,0.00,0.00,0.00,0.00,0.00,0.00,0.00,0.00,0.00,0.00,0.00,0.00,0.00,0.00,0.00,0.00,0.00,0.00,0.00,0.00,0.00,0.00,421.00,0.00,0.00,0.00,0.00,0.00,0.00,0.00,0.00,0.00,0.00,3,2,1,0,0.00,0.00,0.00,0.00,0.00,0.00,0.00,0.00,0.00,0.00,0.00,0.00,0.00,0.00,0.00,0.00,0.00,0.00,0.00,0.00,0.00,0.00,0.00,0.00,0.00,0.00,0.00,0.00,0.00,0.00,0.00,0.00,0.00,0.00,0.00,0.00,0.00,0.00,0.00,0.00,0.00,0.00,0.00,0.00,0.00,0.00,0.00,0.00,0.00,0.00,0.00,0.00,0.00,18946.00,0.00,0.00,0.00,0.00,1995.37
0.50,0.00,0.00,0.00,0.00,0.00,2.50,0.00,0.00,97.00,0.00,282.00,0.00,0.00,0.00,0.00,0.00,0.00,7723.00,0.00,0.00,0.00,0.00,0.00,0.00,0.00,0.00,0.00,692664,1153124,1348056,66.06,47176,531724,3754448,183.98,837784,347048,208,606008,100624,7376,28676,0,0,0,0.00,0,0.00,0,0,0.00,26647,7584,36889,0,0,461,0.00,0.00,0.00,0,0.00,0.00,0.00,0.00,0.00,0.00,0.00,0.00,0.00,0.00,0.00,0.00,0.00,0.00,15300.00,0.00,22261.04,0.00,0.00,0.00,0.00,0.00,0.00,0.00,0.00,0.00,0.00,0.00,0.00,0.00,0.00,0.00,0.00,0.00,0.00,0.00,0.00,0.00,0.00,0.00,0.00,0.00,0.00,0.00,0.00,0.00,0.00,0.00,722,3,5,0,0,0,15300.00,0.00,340.00,0.00,15300.00,340.00,0.00,0.00,0.00,0.00,0.00,0.00,0.00,0.00,0.00,0.00,0.00,0.00,0.00,0.00,0.00,0.00,0.00,0.00,0.00,0.00,0.00,0.00,0.00,0.00,0.00,0.00,0.00,0.00,0.00,0.00,0.00,0.00,0.00,0.00,0.00,0.00,0.00,0.00,340.00,0.00,0.00,0.00,0.00,0.00,0.00,0.00,0.00,0.00,0.00,3,2,1,0,0.00,0.00,0.00,0.00,0.00,0.00,0.00,0.00,0.00,0.00,0.00,0.00,0.00,0.00,0.00,0.00,0.00,0.00,0.00,0.00,0.00,0.00,0.00,0.00,0.00,0.00,0.00,0.00,0.00,0.00,0.00,0.00,0.00,0.00,0.00,0.00,0.00,0.00,0.00,0.00,0.00,0.00,0.00,0.00,0.00,0.00,0.00,0.00,0.00,0.00,0.00,0.00,0.00,15345.00,0.00,0.00,0.00,0.00,1995.37
0.00,0.00,0.51,0.00,0.00,0.00,1.52,0.00,0.00,97.98,0.00,286.00,0.00,0.00,0.00,0.00,0.00,0.00,5595.00,0.00,0.00,0.00,0.00,0.00,0.00,0.00,0.00,0.00,692664,1153124,1348056,66.06,47176,531740,3754448,183.98,837784,347048,224,606008,100624,7376,28676,0,0,0,0.00,0,0.00,0,0,0.00,26647,7584,36889,0,0,461,0.00,0.00,0.00,0,0.00,0.00,0.00,0.00,0.00,0.00,0.00,0.00,0.00,0.00,0.00,0.00,0.00,0.00,11161.00,0.00,16237.52,0.00,0.00,0.00,0.00,0.00,0.00,0.00,0.00,1.00,0.00,0.00,0.00,0.00,0.00,0.00,0.00,0.00,0.00,0.00,0.00,0.00,0.00,0.00,0.00,0.00,0.00,0.00,0.00,0.00,0.00,0.00,722,3,5,0,0,0,11160.00,0.00,248.00,0.00,11160.00,248.00,0.00,0.00,0.00,0.00,0.00,0.00,0.00,0.00,0.00,0.00,0.00,0.00,0.00,0.00,0.00,0.00,0.00,0.00,0.00,0.00,0.00,0.00,0.00,0.00,0.00,0.00,0.00,0.00,0.00,0.00,0.00,0.00,0.00,0.00,0.00,0.00,0.00,0.00,248.00,0.00,0.00,0.00,0.00,0.00,0.00,0.00,0.00,0.00,0.00,3,2,1,0,0.00,0.00,0.00,0.00,0.00,0.00,0.00,0.00,0.00,0.00,0.00,0.00,0.00,0.00,0.00,0.00,0.00,0.00,0.00,0.00,0.00,0.00,0.00,0.00,0.00,0.00,0.00,0.00,0.00,0.00,0.00,0.00,0.00,0.00,0.00,0.00,0.00,0.00,0.00,0.00,0.00,0.00,0.00,0.00,0.00,0.00,0.00,0.00,0.00,0.00,0.00,0.00,0.00,11116.00,0.00,0.00,0.00,0.00,1995.37
0.50,0.00,0.00,0.00,0.00,0.00,2.49,0.00,0.00,97.01,0.00,284.00,0.00,0.00,0.00,0.00,0.00,0.00,5571.00,0.00,0.00,0.00,0.00,0.00,0.00,0.00,0.00,0.00,692664,1153180,1348056,66.06,47176,531756,3754448,183.98,837784,347104,240,606008,100628,7376,28676,0,0,0,0.00,0,0.00,0,0,0.00,26647,7584,36889,0,0,461,0.00,0.00,0.00,0,0.00,0.00,0.00,0.00,0.00,0.00,0.00,0.00,0.00,0.00,0.00,0.00,0.00,0.00,11079.00,0.00,16107.24,0.00,0.00,0.00,0.00,0.00,0.00,0.00,0.00,0.00,0.00,0.00,0.00,0.00,0.00,0.00,0.00,0.00,0.00,0.00,0.00,0.00,0.00,0.00,0.00,0.00,0.00,0.00,0.00,0.00,0.00,0.00,722,3,5,0,0,0,11071.00,0.00,247.00,0.00,11070.00,246.00,0.00,0.00,0.00,0.00,0.00,0.00,0.00,0.00,0.00,0.00,0.00,0.00,0.00,0.00,0.00,0.00,0.00,0.00,0.00,0.00,0.00,0.00,0.00,0.00,0.00,0.00,0.00,0.00,0.00,0.00,0.00,0.00,0.00,0.00,0.00,0.00,0.00,0.00,246.00,0.00,0.00,0.00,0.00,0.00,0.00,0.00,0.00,0.00,0.00,3,2,1,0,0.00,0.00,0.00,0.00,0.00,0.00,0.00,0.00,0.00,0.00,0.00,0.00,0.00,0.00,0.00,0.00,0.00,0.00,0.00,0.00,0.00,0.00,0.00,0.00,0.00,0.00,0.00,0.00,0.00,0.00,0.00,0.00,0.00,0.00,0.00,0.00,0.00,0.00,0.00,0.00,0.00,0.00,0.00,0.00,0.00,0.00,0.00,0.00,0.00,0.00,0.00,0.00,0.00,11079.00,0.00,0.00,0.00,0.00,1995.37
0.00,0.00,0.00,0.00,0.00,0.00,3.00,0.00,0.00,97.00,0.00,304.00,0.00,0.00,0.00,0.00,0.00,0.00,4667.00,0.00,0.00,0.00,0.00,0.00,0.00,0.00,0.00,0.00,692632,1153148,1348088,66.06,47176,531768,3754448,183.98,837784,347104,252,606008,100628,7376,28676,0,0,0,0.00,0,0.00,0,0,0.00,26647,7584,36889,0,0,461,0.00,0.00,0.00,0,0.00,0.00,0.00,0.00,0.00,0.00,0.00,0.00,0.00,0.00,0.00,0.00,0.00,0.00,9236.00,0.00,13422.74,0.00,0.00,0.00,0.00,0.00,0.00,0.00,0.00,1.00,0.00,0.00,0.00,0.00,0.00,0.00,0.00,0.00,0.00,0.00,0.00,0.00,0.00,0.00,0.00,0.00,0.00,0.00,0.00,0.00,0.00,0.00,722,3,5,0,0,0,9225.00,0.00,205.00,0.00,9225.00,205.00,0.00,0.00,0.00,0.00,0.00,0.00,0.00,0.00,0.00,0.00,0.00,0.00,0.00,0.00,0.00,0.00,0.00,0.00,0.00,0.00,0.00,0.00,0.00,0.00,0.00,0.00,0.00,0.00,0.00,0.00,0.00,0.00,0.00,0.00,0.00,0.00,0.00,0.00,205.00,0.00,0.00,0.00,0.00,0.00,0.00,0.00,0.00,0.00,0.00,3,2,1,0,0.00,0.00,0.00,0.00,0.00,0.00,0.00,0.00,0.00,0.00,0.00,0.00,0.00,0.00,0.00,0.00,0.00,0.00,0.00,0.00,0.00,0.00,0.00,0.00,0.00,0.00,0.00,0.00,0.00,0.00,0.00,0.00,0.00,0.00,0.00,0.00,0.00,0.00,0.00,0.00,0.00,0.00,0.00,0.00,0.00,0.00,0.00,0.00,0.00,0.00,0.00,0.00,0.00,9236.00,0.00,0.00,0.00,0.00,1995.37
0.50,0.00,0.00,3.00,0.00,0.00,1.00,0.00,0.00,95.50,0.00,283.00,0.00,0.00,0.00,12.00,2.00,0.00,4572.00,0.00,0.00,0.00,0.00,2.00,0.00,2.00,0.00,24.00,692572,1153116,1348148,66.06,47184,531784,3754448,183.98,837816,347100,268,606008,100628,7376,28676,0,0,0,0.00,0,0.00,0,0,0.00,26647,7584,36889,0,0,461,0.00,0.00,0.00,0,0.00,0.00,0.00,0.00,0.00,0.00,2.00,0.00,12.00,6.00,0.00,28.00,0.00,0.00,9095.00,0.00,13225.97,0.00,0.00,0.00,0.00,0.00,0.00,0.00,0.00,0.00,0.00,0.00,0.00,0.00,0.00,0.00,0.00,0.00,0.00,0.00,0.00,0.00,0.00,0.00,0.00,0.00,0.00,0.00,0.00,0.00,0.00,0.00,722,3,5,0,0,0,9090.00,0.00,202.00,0.00,9090.00,202.00,0.00,0.00,0.00,0.00,0.00,0.00,0.00,0.00,0.00,0.00,0.00,0.00,0.00,0.00,0.00,0.00,0.00,0.00,0.00,0.00,0.00,0.00,0.00,0.00,0.00,0.00,0.00,0.00,0.00,0.00,0.00,0.00,0.00,0.00,0.00,0.00,0.00,0.00,202.00,0.00,0.00,0.00,0.00,0.00,0.00,0.00,0.00,0.00,0.00,3,2,1,0,0.00,0.00,0.00,0.00,0.00,0.00,0.00,0.00,0.00,0.00,0.00,0.00,0.00,0.00,0.00,0.00,0.00,0.00,0.00,0.00,0.00,0.00,0.00,0.00,0.00,0.00,0.00,0.00,0.00,0.00,0.00,0.00,0.00,0.00,0.00,0.00,0.00,0.00,0.00,0.00,0.00,0.00,0.00,0.00,0.00,0.00,0.00,0.00,0.00,0.00,0.00,0.00,0.00,9095.00,0.00,0.00,0.00,0.00,1995.37
0.00,0.00,0.50,0.00,0.50,0.00,1.01,0.00,0.00,97.99,0.00,279.00,0.00,0.00,0.00,0.00,0.00,0.00,4355.00,0.00,0.00,0.00,0.00,0.00,0.00,0.00,0.00,0.00,692476,1153020,1348244,66.07,47184,531800,3754448,183.98,837816,347100,284,606008,100628,7376,28676,0,0,0,0.00,0,0.00,0,0,0.00,26647,7584,36889,0,0,461,0.00,0.00,0.00,0,0.00,0.00,0.00,0.00,0.00,0.00,0.00,0.00,0.00,0.00,0.00,0.00,0.00,0.00,8602.00,1.00,12505.87,0.04,0.00,0.00,0.00,0.00,0.00,0.00,0.00,1.00,0.00,0.00,0.00,0.00,0.00,0.00,0.00,0.00,0.00,0.00,0.00,0.00,0.00,0.00,0.00,0.00,0.00,0.00,0.00,0.00,0.00,0.00,722,3,5,0,0,0,8595.00,0.00,191.00,0.00,8595.00,191.00,0.00,0.00,0.00,0.00,0.00,0.00,0.00,0.00,0.00,0.00,0.00,0.00,0.00,0.00,0.00,0.00,0.00,0.00,0.00,0.00,0.00,0.00,0.00,0.00,0.00,0.00,0.00,0.00,0.00,0.00,0.00,0.00,0.00,0.00,0.00,0.00,0.00,0.00,191.00,0.00,0.00,0.00,0.00,0.00,0.00,0.00,0.00,0.00,0.00,3,2,1,0,0.00,0.00,0.00,0.00,0.00,0.00,0.00,0.00,0.00,0.00,0.00,0.00,0.00,0.00,0.00,0.00,0.00,0.00,0.00,0.00,0.00,0.00,0.00,0.00,0.00,0.00,0.00,0.00,0.00,0.00,0.00,0.00,0.00,0.00,0.00,0.00,0.00,0.00,0.00,0.00,0.00,0.00,0.00,0.00,0.00,0.00,0.00,0.00,0.00,0.00,0.00,0.00,0.00,8602.00,0.00,0.00,0.00,0.00,1995.37
0.00,0.00,0.50,0.00,0.00,0.00,1.50,0.00,0.00,98.00,0.00,279.00,0.00,0.00,0.00,0.00,0.00,0.00,2979.00,0.00,0.00,0.00,0.00,0.00,0.00,0.00,0.00,0.00,692664,1153264,1348056,66.06,47184,531816,3754448,183.98,837816,347156,300,606008,100628,7376,28676,0,0,0,0.00,0,0.00,0,0,0.00,26647,7584,36889,0,0,461,0.00,0.00,0.00,0,0.00,0.00,0.00,0.00,0.00,0.00,0.00,0.00,0.00,0.00,0.00,0.00,0.00,0.00,5900.00,0.00,8577.34,0.00,0.00,0.00,0.00,0.00,0.00,0.00,0.00,0.00,0.00,0.00,0.00,0.00,0.00,0.00,0.00,0.00,0.00,0.00,0.00,0.00,0.00,0.00,0.00,0.00,0.00,0.00,0.00,0.00,0.00,0.00,722,3,5,0,0,0,5895.00,0.00,131.00,0.00,5895.00,131.00,0.00,0.00,0.00,0.00,0.00,0.00,0.00,0.00,0.00,0.00,0.00,0.00,0.00,0.00,0.00,0.00,0.00,0.00,0.00,0.00,0.00,0.00,0.00,0.00,0.00,0.00,0.00,0.00,0.00,0.00,0.00,0.00,0.00,0.00,0.00,0.00,0.00,0.00,131.00,0.00,0.00,0.00,0.00,0.00,0.00,0.00,0.00,0.00,0.00,3,2,1,0,0.00,0.00,0.00,0.00,0.00,0.00,0.00,0.00,0.00,0.00,0.00,0.00,0.00,0.00,0.00,0.00,0.00,0.00,0.00,0.00,0.00,0.00,0.00,0.00,0.00,0.00,0.00,0.00,0.00,0.00,0.00,0.00,0.00,0.00,0.00,0.00,0.00,0.00,0.00,0.00,0.00,0.00,0.00,0.00,0.00,0.00,0.00,0.00,0.00,0.00,0.00,0.00,0.00,5900.00,0.00,0.00,0.00,0.00,1995.37
0.50,0.00,0.00,0.00,0.00,0.00,1.50,0.00,0.00,98.00,0.00,284.00,0.00,0.00,0.00,0.00,0.00,0.00,2867.00,0.00,0.00,0.00,0.00,0.00,0.00,0.00,0.00,0.00,692632,1153232,1348088,66.06,47184,531832,3754448,183.98,837816,347156,316,606008,100628,7376,28676,0,0,0,0.00,0,0.00,0,0,0.00,26647,7584,36889,0,0,461,0.00,0.00,0.00,0,0.00,0.00,0.00,0.00,0.00,0.00,0.00,0.00,0.00,0.00,0.00,0.00,0.00,0.00,5720.00,0.00,8315.44,0.00,0.00,0.00,0.00,0.00,0.00,0.00,0.00,1.00,0.00,0.00,0.00,0.00,0.00,0.00,0.00,0.00,0.00,0.00,0.00,0.00,0.00,0.00,0.00,0.00,0.00,0.00,0.00,0.00,0.00,0.00,722,3,5,0,0,0,5715.00,0.00,127.00,0.00,5715.00,127.00,0.00,0.00,0.00,0.00,0.00,0.00,0.00,0.00,0.00,0.00,0.00,0.00,0.00,0.00,0.00,0.00,0.00,0.00,0.00,0.00,0.00,0.00,0.00,0.00,0.00,0.00,0.00,0.00,0.00,0.00,0.00,0.00,0.00,0.00,0.00,0.00,0.00,0.00,127.00,0.00,0.00,0.00,0.00,0.00,0.00,0.00,0.00,0.00,0.00,3,2,1,0,0.00,0.00,0.00,0.00,0.00,0.00,0.00,0.00,0.00,0.00,0.00,0.00,0.00,0.00,0.00,0.00,0.00,0.00,0.00,0.00,0.00,0.00,0.00,0.00,0.00,0.00,0.00,0.00,0.00,0.00,0.00,0.00,0.00,0.00,0.00,0.00,0.00,0.00,0.00,0.00,0.00,0.00,0.00,0.00,0.00,0.00,0.00,0.00,0.00,0.00,0.00,0.00,0.00,5720.00,0.00,0.00,0.00,0.00,1995.37
0.00,0.00,0.50,0.00,0.00,0.00,1.51,0.00,0.00,97.99,0.00,269.00,0.00,0.00,0.00,0.00,0.00,0.00,6076.00,0.00,0.00,0.00,0.00,0.00,0.00,0.00,0.00,0.00,692664,1153264,1348056,66.06,47184,531844,3754448,183.98,837816,347156,328,606008,100628,7376,28676,0,0,0,0.00,0,0.00,0,0,0.00,26647,7584,36889,0,0,461,0.00,0.00,0.00,0,0.00,0.00,0.00,0.00,0.00,0.00,0.00,0.00,0.00,0.00,0.00,0.00,0.00,0.00,12061.00,0.00,17546.99,0.00,0.00,0.00,0.00,0.00,0.00,0.00,0.00,0.00,0.00,0.00,0.00,0.00,0.00,0.00,0.00,0.00,0.00,0.00,0.00,0.00,0.00,0.00,0.00,0.00,0.00,0.00,0.00,0.00,0.00,0.00,722,3,5,0,0,0,12105.00,0.00,269.00,0.00,12105.00,269.00,0.00,0.00,0.00,0.00,0.00,0.00,0.00,0.00,0.00,0.00,0.00,0.00,0.00,0.00,0.00,0.00,0.00,0.00,0.00,0.00,0.00,0.00,0.00,0.00,0.00,0.00,0.00,0.00,0.00,0.00,0.00,0.00,0.00,0.00,0.00,0.00,0.00,0.00,269.00,0.00,0.00,0.00,0.00,0.00,0.00,0.00,0.00,0.00,0.00,3,2,1,0,0.00,0.00,0.00,0.00,0.00,0.00,0.00,0.00,0.00,0.00,0.00,0.00,0.00,0.00,0.00,0.00,0.00,0.00,0.00,0.00,0.00,0.00,0.00,0.00,0.00,0.00,0.00,0.00,0.00,0.00,0.00,0.00,0.00,0.00,0.00,0.00,0.00,0.00,0.00,0.00,0.00,0.00,0.00,0.00,0.00,0.00,0.00,0.00,0.00,0.00,0.00,0.00,0.00,12106.00,0.00,0.00,0.00,0.00,1995.37
0.50,0.00,0.00,5.03,0.50,0.00,0.50,0.00,0.00,93.47,0.00,317.00,0.00,0.00,0.00,12.00,0.00,0.00,4492.00,0.00,0.00,0.00,0.00,2.00,0.00,2.00,0.00,24.00,692600,1153200,1348120,66.06,47192,531860,3754448,183.98,837816,347156,344,606008,100628,7376,28676,0,0,0,0.00,0,0.00,0,0,0.00,26647,7584,36889,0,0,461,0.00,0.00,0.00,0,0.00,0.00,0.00,0.00,0.00,0.00,2.00,0.00,12.00,6.00,0.00,54.00,0.00,0.00,8913.00,0.00,12963.96,0.00,0.00,0.00,0.00,0.00,0.00,0.00,0.00,1.00,0.00,0.00,0.00,0.00,0.00,0.00,0.00,0.00,0.00,0.00,0.00,0.00,0.00,0.00,0.00,0.00,0.00,0.00,0.00,0.00,0.00,0.00,722,3,5,0,0,0,8865.00,0.00,197.00,0.00,8865.00,197.00,0.00,0.00,0.00,0.00,0.00,0.00,0.00,0.00,0.00,0.00,0.00,0.00,0.00,0.00,0.00,0.00,0.00,0.00,0.00,0.00,0.00,0.00,0.00,0.00,0.00,0.00,0.00,0.00,0.00,0.00,0.00,0.00,0.00,0.00,0.00,0.00,0.00,0.00,197.00,0.00,0.00,0.00,0.00,0.00,0.00,0.00,0.00,0.00,0.00,3,2,1,0,0.00,0.00,0.00,0.00,0.00,0.00,0.00,0.00,0.00,0.00,0.00,0.00,0.00,0.00,0.00,0.00,0.00,0.00,0.00,0.00,0.00,0.00,0.00,0.00,0.00,0.00,0.00,0.00,0.00,0.00,0.00,0.00,0.00,0.00,0.00,0.00,0.00,0.00,0.00,0.00,0.00,0.00,0.00,0.00,0.00,0.00,0.00,0.00,0.00,0.00,0.00,0.00,0.00,8868.00,0.00,0.00,0.00,0.00,1995.37
0.51,0.00,0.00,0.00,0.00,0.00,0.00,0.00,0.00,99.49,0.00,230.00,0.00,0.00,0.00,0.00,0.00,0.00,1211.00,0.00,0.00,0.00,0.00,0.00,0.00,0.00,0.00,0.00,692600,1153256,1348120,66.06,47192,531876,3754448,183.98,837816,347212,360,606008,100628,7376,28676,0,0,0,0.00,0,0.00,0,0,0.00,26647,7584,36889,0,0,461,0.00,0.00,0.00,0,0.00,0.00,0.00,0.00,0.00,0.00,0.00,0.00,0.00,0.00,0.00,0.00,0.00,0.00,2392.00,0.00,3470.51,0.00,0.00,0.00,0.00,0.00,0.00,0.00,0.00,0.00,0.00,0.00,0.00,0.00,0.00,0.00,0.00,0.00,0.00,0.00,0.00,0.00,0.00,0.00,0.00,0.00,0.00,0.00,0.00,0.00,0.00,0.00,722,3,5,0,0,0,2385.00,0.00,53.00,0.00,2385.00,53.00,0.00,0.00,0.00,0.00,0.00,0.00,0.00,0.00,0.00,0.00,0.00,0.00,0.00,0.00,0.00,0.00,0.00,0.00,0.00,0.00,0.00,0.00,0.00,0.00,0.00,0.00,0.00,0.00,0.00,0.00,0.00,0.00,0.00,0.00,0.00,0.00,0.00,0.00,53.00,0.00,0.00,0.00,0.00,0.00,0.00,0.00,0.00,0.00,0.00,3,2,1,0,0.00,0.00,0.00,0.00,0.00,0.00,0.00,0.00,0.00,0.00,0.00,0.00,0.00,0.00,0.00,0.00,0.00,0.00,0.00,0.00,0.00,0.00,0.00,0.00,0.00,0.00,0.00,0.00,0.00,0.00,0.00,0.00,0.00,0.00,0.00,0.00,0.00,0.00,0.00,0.00,0.00,0.00,0.00,0.00,0.00,0.00,0.00,0.00,0.00,0.00,0.00,0.00,0.00,2392.00,0.00,0.00,0.00,0.00,1995.37
0.50,0.00,0.50,0.00,0.00,0.00,0.00,0.00,0.00,99.00,0.00,140.00,0.00,0.00,0.00,0.00,2.00,0.00,499.00,0.00,0.00,0.00,0.00,0.00,0.00,0.00,0.00,0.00,692664,1153320,1348056,66.06,47192,531892,3754448,183.98,837816,347212,376,606008,100628,7376,28676,0,0,0,0.00,0,0.00,0,0,0.00,26647,7584,36889,0,0,461,0.00,0.00,0.00,0,0.00,0.00,0.00,0.00,0.00,0.00,0.00,0.00,0.00,0.00,0.00,0.00,0.00,0.00,995.00,0.00,1440.74,0.00,0.00,0.00,0.00,0.00,0.00,0.00,0.00,3.00,0.00,0.00,0.00,0.00,0.00,0.00,0.00,0.00,0.00,0.00,0.00,0.00,0.00,0.00,0.00,0.00,0.00,0.00,0.00,0.00,0.00,0.00,722,3,5,0,0,0,990.00,0.00,22.00,0.00,990.00,22.00,0.00,0.00,0.00,0.00,0.00,0.00,0.00,0.00,0.00,0.00,0.00,0.00,0.00,0.00,0.00,0.00,0.00,0.00,0.00,0.00,0.00,0.00,0.00,0.00,0.00,0.00,0.00,0.00,0.00,0.00,0.00,0.00,0.00,0.00,0.00,0.00,0.00,0.00,22.00,0.00,0.00,0.00,0.00,0.00,0.00,0.00,0.00,0.00,0.00,3,2,1,0,0.00,0.00,0.00,0.00,0.00,0.00,0.00,0.00,0.00,0.00,0.00,0.00,0.00,0.00,0.00,0.00,0.00,0.00,0.00,0.00,0.00,0.00,0.00,0.00,0.00,0.00,0.00,0.00,0.00,0.00,0.00,0.00,0.00,0.00,0.00,0.00,0.00,0.00,0.00,0.00,0.00,0.00,0.00,0.00,0.00,0.00,0.00,0.00,0.00,0.00,0.00,0.00,0.00,995.00,0.00,0.00,0.00,0.00,1995.37
0.00,0.00,0.50,0.00,0.00,0.00,0.00,0.00,0.00,99.50,0.00,74.00,0.00,0.00,0.00,0.00,0.00,0.00,122.00,0.00,0.00,0.00,0.00,0.00,0.00,0.00,0.00,0.00,692476,1153136,1348244,66.07,47192,531908,3754448,183.98,837816,347212,392,606008,100632,7376,28676,0,0,0,0.00,0,0.00,0,0,0.00,26647,7584,36889,0,0,461,0.00,0.00,0.00,0,0.00,0.00,0.00,0.00,0.00,0.00,0.00,0.00,0.00,0.00,0.00,0.00,0.00,0.00,228.00,0.00,327.54,0.00,0.00,0.00,0.00,0.00,0.00,0.00,0.00,0.00,0.00,0.00,0.00,0.00,0.00,0.00,0.00,0.00,0.00,0.00,0.00,0.00,0.00,0.00,0.00,0.00,0.00,0.00,0.00,0.00,0.00,0.00,722,3,5,0,0,0,225.00,0.00,5.00,0.00,225.00,5.00,0.00,0.00,0.00,0.00,0.00,0.00,0.00,0.00,0.00,0.00,0.00,0.00,0.00,0.00,0.00,0.00,0.00,0.00,0.00,0.00,0.00,0.00,0.00,0.00,0.00,0.00,0.00,0.00,0.00,0.00,0.00,0.00,0.00,0.00,0.00,0.00,0.00,0.00,5.00,0.00,0.00,0.00,0.00,0.00,0.00,0.00,0.00,0.00,0.00,3,2,1,0,0.00,0.00,0.00,0.00,0.00,0.00,0.00,0.00,0.00,0.00,0.00,0.00,0.00,0.00,0.00,0.00,0.00,0.00,0.00,0.00,0.00,0.00,0.00,0.00,0.00,0.00,0.00,0.00,0.00,0.00,0.00,0.00,0.00,0.00,0.00,0.00,0.00,0.00,0.00,0.00,0.00,0.00,0.00,0.00,0.00,0.00,0.00,0.00,0.00,0.00,0.00,0.00,0.00,228.00,0.00,0.00,0.00,0.00,1995.37
0.50,0.00,0.00,0.00,0.00,0.00,0.00,0.00,0.00,99.50,0.00,46.00,0.00,0.00,0.00,0.00,0.00,0.00,2.00,0.00,0.00,0.00,0.00,0.00,0.00,0.00,0.00,0.00,692476,1153136,1348244,66.07,47192,531908,3754448,183.98,837816,347212,392,606008,100632,7376,28676,0,0,0,0.00,0,0.00,0,0,0.00,26647,7584,36889,0,0,461,0.00,0.00,0.00,0,0.00,0.00,0.00,0.00,0.00,0.00,0.00,0.00,0.00,0.00,0.00,0.00,0.00,0.00,3.00,0.00,0.18,0.00,0.00,0.00,0.00,0.00,0.00,0.00,0.00,1.00,0.00,0.00,0.00,0.00,0.00,0.00,0.00,0.00,0.00,0.00,0.00,0.00,0.00,0.00,0.00,0.00,0.00,0.00,0.00,0.00,0.00,0.00,722,3,5,0,0,0,0.00,0.00,0.00,0.00,0.00,0.00,0.00,0.00,0.00,0.00,0.00,0.00,0.00,0.00,0.00,0.00,0.00,0.00,0.00,0.00,0.00,0.00,0.00,0.00,0.00,0.00,0.00,0.00,0.00,0.00,0.00,0.00,0.00,0.00,0.00,0.00,0.00,0.00,0.00,0.00,0.00,0.00,0.00,0.00,0.00,0.00,0.00,0.00,0.00,0.00,0.00,0.00,0.00,0.00,0.00,3,2,1,0,0.00,0.00,0.00,0.00,0.00,0.00,0.00,0.00,0.00,0.00,0.00,0.00,0.00,0.00,0.00,0.00,0.00,0.00,0.00,0.00,0.00,0.00,0.00,0.00,0.00,0.00,0.00,0.00,0.00,0.00,0.00,0.00,0.00,0.00,0.00,0.00,0.00,0.00,0.00,0.00,0.00,0.00,0.00,0.00,0.00,0.00,0.00,0.00,0.00,0.00,0.00,0.00,0.00,3.00,0.00,0.00,0.00,0.00,1995.37
0.00,0.00,0.50,0.50,0.00,0.00,0.50,0.00,0.00,98.50,0.00,119.00,0.00,0.00,0.00,12.00,0.00,0.00,2843.00,0.00,0.00,0.00,0.00,2.00,0.00,2.00,0.00,24.00,692604,1153320,1348116,66.06,47200,531936,3754448,183.98,837816,347268,420,606008,100632,7376,28676,0,0,0,0.00,0,0.00,0,0,0.00,26647,7584,36889,0,0,461,0.00,0.00,0.00,0,0.00,0.00,0.00,0.00,0.00,0.00,2.00,0.00,12.00,6.00,0.00,8.00,0.00,0.00,5635.00,0.00,8184.79,0.00,0.00,0.00,0.00,0.00,0.00,0.00,0.00,0.00,0.00,0.00,0.00,0.00,0.00,0.00,0.00,0.00,0.00,0.00,0.00,0.00,0.00,0.00,0.00,0.00,0.00,0.00,0.00,0.00,0.00,0.00,722,3,5,0,0,0,5625.00,0.00,125.00,0.00,5625.00,125.00,0.00,0.00,0.00,0.00,0.00,0.00,0.00,0.00,0.00,0.00,0.00,0.00,0.00,0.00,0.00,0.00,0.00,0.00,0.00,0.00,0.00,0.00,0.00,0.00,0.00,0.00,0.00,0.00,0.00,0.00,0.00,0.00,0.00,0.00,0.00,0.00,0.00,0.00,125.00,0.00,0.00,0.00,0.00,0.00,0.00,0.00,0.00,0.00,0.00,3,2,1,0,0.00,0.00,0.00,0.00,0.00,0.00,0.00,0.00,0.00,0.00,0.00,0.00,0.00,0.00,0.00,0.00,0.00,0.00,0.00,0.00,0.00,0.00,0.00,0.00,0.00,0.00,0.00,0.00,0.00,0.00,0.00,0.00,0.00,0.00,0.00,0.00,0.00,0.00,0.00,0.00,0.00,0.00,0.00,0.00,0.00,0.00,0.00,0.00,0.00,0.00,0.00,0.00,0.00,5635.00,0.00,0.00,0.00,0.00,1995.37
0.00,0.00,0.50,0.00,0.00,0.00,0.00,0.00,0.00,99.50,0.00,42.00,0.00,0.00,0.00,0.00,0.00,0.00,10.00,0.00,0.00,0.00,0.00,0.00,0.00,0.00,0.00,0.00,692636,1153352,1348084,66.06,47200,531936,3754448,183.98,837816,347268,420,606008,100632,7376,28676,0,0,0,0.00,0,0.00,0,0,0.00,26647,7584,36889,0,0,461,0.00,0.00,0.00,0,0.00,0.00,0.00,0.00,0.00,0.00,0.00,0.00,0.00,0.00,0.00,0.00,0.00,0.00,9.00,0.00,0.53,0.00,0.00,0.00,0.00,0.00,0.00,0.00,0.00,1.00,0.00,0.00,0.00,0.00,0.00,0.00,0.00,0.00,0.00,0.00,0.00,0.00,0.00,0.00,0.00,0.00,0.00,0.00,0.00,0.00,0.00,0.00,722,3,5,0,0,0,0.00,0.00,0.00,0.00,0.00,0.00,0.00,0.00,0.00,0.00,0.00,0.00,0.00,0.00,0.00,0.00,0.00,0.00,0.00,0.00,0.00,0.00,0.00,0.00,0.00,0.00,0.00,0.00,0.00,0.00,0.00,0.00,0.00,0.00,0.00,0.00,0.00,0.00,0.00,0.00,0.00,0.00,0.00,0.00,0.00,0.00,0.00,0.00,0.00,0.00,0.00,0.00,0.00,0.00,0.00,3,2,1,0,0.00,0.00,0.00,0.00,0.00,0.00,0.00,0.00,0.00,0.00,0.00,0.00,0.00,0.00,0.00,0.00,0.00,0.00,0.00,0.00,0.00,0.00,0.00,0.00,0.00,0.00,0.00,0.00,0.00,0.00,0.00,0.00,0.00,0.00,0.00,0.00,0.00,0.00,0.00,0.00,0.00,0.00,0.00,0.00,0.00,0.00,0.00,0.00,0.00,0.00,0.00,0.00,0.00,9.00,0.00,0.00,0.00,0.00,1995.37
0.00,0.00,0.50,0.00,0.00,0.00,0.00,0.00,0.00,99.50,0.00,59.00,0.00,0.00,0.00,0.00,0.00,0.00,115.00,0.00,0.00,0.00,0.00,0.00,0.00,0.00,0.00,0.00,692540,1153256,1348180,66.06,47200,531968,3754448,183.98,837816,347268,452,606008,100632,7376,28676,0,0,0,0.00,0,0.00,0,0,0.00,26647,7584,36889,0,0,461,0.00,0.00,0.00,0,0.00,0.00,0.00,0.00,0.00,0.00,0.00,0.00,0.00,0.00,0.00,0.00,0.00,0.00,232.00,0.00,327.78,0.00,0.00,0.00,0.00,0.00,0.00,0.00,0.00,0.00,0.00,0.00,0.00,0.00,0.00,0.00,0.00,0.00,0.00,0.00,0.00,0.00,0.00,0.00,0.00,0.00,0.00,0.00,0.00,0.00,0.00,0.00,722,3,5,0,0,0,225.00,0.00,5.00,0.00,225.00,5.00,0.00,0.00,0.00,0.00,0.00,0.00,0.00,0.00,0.00,0.00,0.00,0.00,0.00,0.00,0.00,0.00,0.00,0.00,0.00,0.00,0.00,0.00,0.00,0.00,0.00,0.00,0.00,0.00,0.00,0.00,0.00,0.00,0.00,0.00,0.00,0.00,0.00,0.00,5.00,0.00,0.00,0.00,0.00,0.00,0.00,0.00,0.00,0.00,0.00,3,2,1,0,0.00,0.00,0.00,0.00,0.00,0.00,0.00,0.00,0.00,0.00,0.00,0.00,0.00,0.00,0.00,0.00,0.00,0.00,0.00,0.00,0.00,0.00,0.00,0.00,0.00,0.00,0.00,0.00,0.00,0.00,0.00,0.00,0.00,0.00,0.00,0.00,0.00,0.00,0.00,0.00,0.00,0.00,0.00,0.00,0.00,0.00,0.00,0.00,0.00,0.00,0.00,0.00,0.00,232.00,0.00,0.00,0.00,0.00,1995.37
0.50,0.00,0.50,0.00,0.00,0.00,0.00,0.00,0.00,99.00,0.00,49.00,0.00,0.00,0.00,0.00,0.00,0.00,2.00,0.00,0.00,0.00,0.00,0.00,0.00,0.00,0.00,0.00,692540,1153312,1348180,66.06,47200,531984,3754448,183.98,837816,347324,468,606008,100632,7376,28676,0,0,0,0.00,0,0.00,0,0,0.00,26647,7584,36889,0,0,461,0.00,0.00,0.00,0,0.00,0.00,0.00,0.00,0.00,0.00,0.00,0.00,0.00,0.00,0.00,0.00,0.00,0.00,8.00,0.00,0.78,0.00,0.00,0.00,0.00,0.00,0.00,0.00,0.00,2.00,0.00,0.00,0.00,0.00,0.00,0.00,0.00,0.00,0.00,0.00,0.00,0.00,0.00,0.00,0.00,0.00,0.00,0.00,0.00,0.00,0.00,0.00,722,3,5,0,0,0,0.00,0.00,0.00,0.00,0.00,0.00,0.00,0.00,0.00,0.00,0.00,0.00,0.00,0.00,0.00,0.00,0.00,0.00,0.00,0.00,0.00,0.00,0.00,0.00,0.00,0.00,0.00,0.00,0.00,0.00,0.00,0.00,0.00,0.00,0.00,0.00,0.00,0.00,0.00,0.00,0.00,0.00,0.00,0.00,0.00,0.00,0.00,0.00,0.00,0.00,0.00,0.00,0.00,0.00,0.00,3,2,1,0,0.00,0.00,0.00,0.00,0.00,0.00,0.00,0.00,0.00,0.00,0.00,0.00,0.00,0.00,0.00,0.00,0.00,0.00,0.00,0.00,0.00,0.00,0.00,0.00,0.00,0.00,0.00,0.00,0.00,0.00,0.00,0.00,0.00,0.00,0.00,0.00,0.00,0.00,0.00,0.00,0.00,0.00,0.00,0.00,0.00,0.00,0.00,0.00,0.00,0.00,0.00,0.00,0.00,8.00,0.00,0.00,0.00,0.00,1995.37
1.50,0.00,0.00,0.00,0.00,0.00,0.00,0.00,0.00,98.50,0.00,88.00,0.00,0.00,0.00,472.00,16.00,0.00,17.00,0.00,0.00,0.00,0.00,1.00,0.00,1.00,0.00,944.00,692572,1153380,1348148,66.06,47200,531996,3754448,183.98,837828,347344,8,606004,100632,7376,28676,0,0,0,0.00,0,0.00,0,0,0.00,26647,7584,36889,0,0,461,0.00,0.00,0.00,0,0.00,0.00,0.00,0.00,0.00,0.00,1.00,0.00,472.00,472.00,0.00,0.00,0.00,0.00,5.00,0.00,0.29,0.00,0.00,0.00,0.00,0.00,0.00,0.00,0.00,0.00,0.00,0.00,0.00,0.00,0.00,0.00,0.00,0.00,0.00,0.00,0.00,0.00,0.00,0.00,0.00,0.00,0.00,0.00,0.00,0.00,0.00,0.00,722,3,5,0,0,0,0.00,0.00,0.00,0.00,0.00,0.00,0.00,0.00,0.00,0.00,0.00,0.00,0.00,0.00,0.00,0.00,0.00,0.00,0.00,0.00,0.00,0.00,0.00,0.00,0.00,0.00,0.00,0.00,0.00,0.00,0.00,0.00,0.00,0.00,0.00,0.00,0.00,0.00,0.00,0.00,0.00,0.00,0.00,0.00,0.00,0.00,0.00,0.00,0.00,0.00,0.00,0.00,0.00,0.00,0.00,3,2,1,0,0.00,0.00,0.00,0.00,0.00,0.00,0.00,0.00,0.00,0.00,0.00,0.00,0.00,0.00,0.00,0.00,0.00,0.00,0.00,0.00,0.00,0.00,0.00,0.00,0.00,0.00,0.00,0.00,0.00,0.00,0.00,0.00,0.00,0.00,0.00,0.00,0.00,0.00,0.00,0.00,0.00,0.00,0.00,0.00,0.00,0.00,0.00,0.00,0.00,0.00,0.00,0.00,0.00,5.00,0.00,0.00,0.00,0.00,1995.37
0.00,0.00,0.00,2.51,0.00,0.00,0.00,0.00,0.00,97.49,0.00,45.00,0.00,0.00,0.00,20.00,0.00,0.00,43.00,0.00,0.00,0.00,0.00,2.00,0.00,2.00,0.00,40.00,692476,1153284,1348244,66.07,47208,532012,3754448,183.98,837828,347344,32,606004,100632,7376,28676,0,0,0,0.00,0,0.00,0,0,0.00,26647,7584,36889,0,0,461,0.00,0.00,0.00,0,0.00,0.00,0.00,0.00,0.00,0.00,2.00,0.00,20.00,10.00,0.00,26.00,0.00,0.00,96.00,0.00,131.30,0.00,0.00,0.00,0.00,0.00,0.00,0.00,0.00,1.00,0.00,0.00,0.00,0.00,0.00,0.00,0.00,0.00,0.00,0.00,0.00,0.00,0.00,0.00,0.00,0.00,0.00,0.00,0.00,0.00,0.00,0.00,722,3,5,0,0,0,90.00,0.00,2.00,0.00,90.00,2.00,0.00,0.00,0.00,0.00,0.00,0.00,0.00,0.00,0.00,0.00,0.00,0.00,0.00,0.00,0.00,0.00,0.00,0.00,0.00,0.00,0.00,0.00,0.00,0.00,0.00,0.00,0.00,0.00,0.00,0.00,0.00,0.00,0.00,0.00,0.00,0.00,0.00,0.00,2.00,0.00,0.00,0.00,0.00,0.00,0.00,0.00,0.00,0.00,0.00,3,2,1,0,0.00,0.00,0.00,0.00,0.00,0.00,0.00,0.00,0.00,0.00,0.00,0.00,0.00,0.00,0.00,0.00,0.00,0.00,0.00,0.00,0.00,0.00,0.00,0.00,0.00,0.00,0.00,0.00,0.00,0.00,0.00,0.00,0.00,0.00,0.00,0.00,0.00,0.00,0.00,0.00,0.00,0.00,0.00,0.00,0.00,0.00,0.00,0.00,0.00,0.00,0.00,0.00,0.00,96.00,0.00,0.00,0.00,0.00,1995.37
0.50,0.00,0.00,0.00,0.00,0.00,0.00,0.00,0.00,99.50,0.00,25.00,0.00,0.00,0.00,0.00,0.00,0.00,2.00,0.00,0.00,0.00,0.00,0.00,0.00,0.00,0.00,0.00,692352,1153160,1348368,66.07,47208,532028,3754448,183.98,837828,347344,48,606004,100632,7376,28676,0,0,0,0.00,0,0.00,0,0,0.00,26647,7584,36889,0,0,461,0.00,0.00,0.00,0,0.00,0.00,0.00,0.00,0.00,0.00,0.00,0.00,0.00,0.00,0.00,0.00,0.00,0.00,1.00,0.00,0.06,0.00,0.00,0.00,0.00,0.00,0.00,0.00,0.00,0.00,0.00,0.00,0.00,0.00,0.00,0.00,0.00,0.00,0.00,0.00,0.00,0.00,0.00,0.00,0.00,0.00,0.00,0.00,0.00,0.00,0.00,0.00,722,3,5,0,0,0,0.00,0.00,0.00,0.00,0.00,0.00,0.00,0.00,0.00,0.00,0.00,0.00,0.00,0.00,0.00,0.00,0.00,0.00,0.00,0.00,0.00,0.00,0.00,0.00,0.00,0.00,0.00,0.00,0.00,0.00,0.00,0.00,0.00,0.00,0.00,0.00,0.00,0.00,0.00,0.00,0.00,0.00,0.00,0.00,0.00,0.00,0.00,0.00,0.00,0.00,0.00,0.00,0.00,0.00,0.00,3,2,1,0,0.00,0.00,0.00,0.00,0.00,0.00,0.00,0.00,0.00,0.00,0.00,0.00,0.00,0.00,0.00,0.00,0.00,0.00,0.00,0.00,0.00,0.00,0.00,0.00,0.00,0.00,0.00,0.00,0.00,0.00,0.00,0.00,0.00,0.00,0.00,0.00,0.00,0.00,0.00,0.00,0.00,0.00,0.00,0.00,0.00,0.00,0.00,0.00,0.00,0.00,0.00,0.00,0.00,1.00,0.00,0.00,0.00,0.00,1995.37
0.00,0.00,0.50,0.00,0.00,0.00,0.00,0.00,0.00,99.50,0.00,46.00,0.00,0.00,0.00,0.00,0.00,0.00,2.00,0.00,0.00,0.00,0.00,0.00,0.00,0.00,0.00,0.00,692352,1153160,1348368,66.07,47208,532044,3754448,183.98,837828,347344,64,606004,100632,7376,28676,0,0,0,0.00,0,0.00,0,0,0.00,26647,7584,36889,0,0,461,0.00,0.00,0.00,0,0.00,0.00,0.00,0.00,0.00,0.00,0.00,0.00,0.00,0.00,0.00,0.00,0.00,0.00,3.00,0.00,0.21,0.00,0.00,0.00,0.00,0.00,0.00,0.00,0.00,1.00,0.00,0.00,0.00,0.00,0.00,0.00,0.00,0.00,0.00,0.00,0.00,0.00,0.00,0.00,0.00,0.00,0.00,0.00,0.00,0.00,0.00,0.00,722,3,5,0,0,0,1.00,0.00,1.00,0.00,0.00,0.00,0.00,0.00,0.00,0.00,0.00,0.00,0.00,0.00,0.00,0.00,0.00,0.00,0.00,0.00,0.00,0.00,0.00,0.00,0.00,0.00,0.00,0.00,0.00,0.00,0.00,0.00,0.00,0.00,0.00,0.00,0.00,0.00,0.00,0.00,0.00,0.00,0.00,0.00,0.00,0.00,0.00,0.00,0.00,0.00,0.00,0.00,0.00,0.00,0.00,3,2,1,0,0.00,0.00,0.00,0.00,0.00,0.00,0.00,0.00,0.00,0.00,0.00,0.00,0.00,0.00,0.00,0.00,0.00,0.00,0.00,0.00,0.00,0.00,0.00,0.00,0.00,0.00,0.00,0.00,0.00,0.00,0.00,0.00,0.00,0.00,0.00,0.00,0.00,0.00,0.00,0.00,0.00,0.00,0.00,0.00,0.00,0.00,0.00,0.00,0.00,0.00,0.00,0.00,0.00,3.00,0.00,0.00,0.00,0.00,1995.37
0.00,0.00,0.50,0.00,0.00,0.00,0.00,0.00,0.00,99.50,0.00,50.00,0.00,0.00,0.00,0.00,0.00,0.00,35.00,0.00,0.00,0.00,0.00,0.00,0.00,0.00,0.00,0.00,692448,1153312,1348272,66.07,47208,532060,3754448,183.98,837828,347400,80,606004,100636,7376,28676,0,0,0,0.00,0,0.00,0,0,0.00,26647,7584,36889,0,0,461,0.00,0.00,0.00,0,0.00,0.00,0.00,0.00,0.00,0.00,0.00,0.00,0.00,0.00,0.00,0.00,0.00,0.00,49.00,0.00,65.74,0.00,0.00,0.00,0.00,0.00,0.00,0.00,0.00,0.00,0.00,0.00,0.00,0.00,0.00,0.00,0.00,0.00,0.00,0.00,0.00,0.00,0.00,0.00,0.00,0.00,0.00,0.00,0.00,0.00,0.00,0.00,722,3,5,0,0,0,46.00,0.00,2.00,0.00,45.00,1.00,0.00,0.00,0.00,0.00,0.00,0.00,0.00,0.00,0.00,0.00,0.00,0.00,0.00,0.00,0.00,0.00,0.00,0.00,0.00,0.00,0.00,0.00,0.00,0.00,0.00,0.00,0.00,0.00,0.00,0.00,0.00,0.00,0.00,0.00,0.00,0.00,0.00,0.00,1.00,0.00,0.00,0.00,0.00,0.00,0.00,0.00,0.00,0.00,0.00,3,2,1,0,0.00,0.00,0.00,0.00,0.00,0.00,0.00,0.00,0.00,0.00,0.00,0.00,0.00,0.00,0.00,0.00,0.00,0.00,0.00,0.00,0.00,0.00,0.00,0.00,0.00,0.00,0.00,0.00,0.00,0.00,0.00,0.00,0.00,0.00,0.00,0.00,0.00,0.00,0.00,0.00,0.00,0.00,0.00,0.00,0.00,0.00,0.00,0.00,0.00,0.00,0.00,0.00,0.00,49.00,0.00,0.00,0.00,0.00,1995.37
0.50,0.00,0.00,0.00,0.00,0.00,0.00,0.00,0.00,99.50,0.00,52.00,0.00,0.00,0.00,8.00,0.00,0.00,962.00,0.00,0.00,0.00,0.00,2.00,0.00,2.00,0.00,16.00,692540,1153424,1348180,66.06,47208,532072,3754448,183.98,837828,347420,80,606004,100636,7376,28676,0,0,0,0.00,0,0.00,0,0,0.00,26647,7584,36889,0,0,461,0.00,0.00,0.00,0,0.00,0.00,0.00,0.00,0.00,0.00,2.00,0.00,8.00,4.00,0.00,0.00,0.00,0.00,1894.00,0.00,2750.16,0.00,0.00,0.00,0.00,0.00,0.00,0.00,0.00,1.00,0.00,0.00,0.00,0.00,0.00,0.00,0.00,0.00,0.00,0.00,0.00,0.00,0.00,0.00,0.00,0.00,0.00,0.00,0.00,0.00,0.00,0.00,722,3,5,0,0,0,1891.00,0.00,43.00,0.00,1890.00,42.00,0.00,0.00,0.00,0.00,0.00,0.00,0.00,0.00,0.00,0.00,0.00,0.00,0.00,0.00,0.00,0.00,0.00,0.00,0.00,0.00,0.00,0.00,0.00,0.00,0.00,0.00,0.00,0.00,0.00,0.00,0.00,0.00,0.00,0.00,0.00,0.00,0.00,0.00,42.00,0.00,0.00,0.00,0.00,0.00,0.00,0.00,0.00,0.00,0.00,3,2,1,0,0.00,0.00,0.00,0.00,0.00,0.00,0.00,0.00,0.00,0.00,0.00,0.00,0.00,0.00,0.00,0.00,0.00,0.00,0.00,0.00,0.00,0.00,0.00,0.00,0.00,0.00,0.00,0.00,0.00,0.00,0.00,0.00,0.00,0.00,0.00,0.00,0.00,0.00,0.00,0.00,0.00,0.00,0.00,0.00,0.00,0.00,0.00,0.00,0.00,0.00,0.00,0.00,0.00,1894.00,0.00,0.00,0.00,0.00,1995.37
0.50,0.00,0.00,0.00,0.00,0.00,0.00,0.00,0.00,99.50,0.00,37.00,0.00,0.00,0.00,0.00,0.00,0.00,2.00,0.00,0.00,0.00,0.00,0.00,0.00,0.00,0.00,0.00,692540,1153424,1348180,66.06,47208,532088,3754448,183.98,837828,347420,96,606004,100636,7376,28676,0,0,0,0.00,0,0.00,0,0,0.00,26647,7584,36889,0,0,461,0.00,0.00,0.00,0,0.00,0.00,0.00,0.00,0.00,0.00,0.00,0.00,0.00,0.00,0.00,0.00,0.00,0.00,6.00,0.00,0.35,0.00,0.00,0.00,0.00,0.00,0.00,0.00,0.00,0.00,0.00,0.00,0.00,0.00,0.00,0.00,0.00,0.00,0.00,0.00,0.00,0.00,0.00,0.00,0.00,0.00,0.00,0.00,0.00,0.00,0.00,0.00,722,3,5,0,0,0,0.00,0.00,0.00,0.00,0.00,0.00,0.00,0.00,0.00,0.00,0.00,0.00,0.00,0.00,0.00,0.00,0.00,0.00,0.00,0.00,0.00,0.00,0.00,0.00,0.00,0.00,0.00,0.00,0.00,0.00,0.00,0.00,0.00,0.00,0.00,0.00,0.00,0.00,0.00,0.00,0.00,0.00,0.00,0.00,0.00,0.00,0.00,0.00,0.00,0.00,0.00,0.00,0.00,0.00,0.00,3,2,1,0,0.00,0.00,0.00,0.00,0.00,0.00,0.00,0.00,0.00,0.00,0.00,0.00,0.00,0.00,0.00,0.00,0.00,0.00,0.00,0.00,0.00,0.00,0.00,0.00,0.00,0.00,0.00,0.00,0.00,0.00,0.00,0.00,0.00,0.00,0.00,0.00,0.00,0.00,0.00,0.00,0.00,0.00,0.00,0.00,0.00,0.00,0.00,0.00,0.00,0.00,0.00,0.00,0.00,6.00,0.00,0.00,0.00,0.00,1995.37
0.00,0.00,0.00,0.00,0.00,0.00,0.00,0.00,0.00,100.00,0.00,65.00,0.00,0.00,0.00,0.00,0.00,0.00,51.00,0.00,0.00,0.00,0.00,0.00,0.00,0.00,0.00,0.00,692476,1153360,1348244,66.07,47208,532104,3754448,183.98,837828,347420,112,606004,100636,7376,28676,0,0,0,0.00,0,0.00,0,0,0.00,26647,7584,36889,0,0,461,0.00,0.00,0.00,0,0.00,0.00,0.00,0.00,0.00,0.00,0.00,0.00,0.00,0.00,0.00,0.00,0.00,0.00,97.00,0.00,131.36,0.00,0.00,0.00,0.00,0.00,0.00,0.00,0.00,1.00,0.00,0.00,0.00,0.00,0.00,0.00,0.00,0.00,0.00,0.00,0.00,0.00,0.00,0.00,0.00,0.00,0.00,0.00,0.00,0.00,0.00,0.00,722,3,5,0,0,0,90.00,0.00,2.00,0.00,90.00,2.00,0.00,0.00,0.00,0.00,0.00,0.00,0.00,0.00,0.00,0.00,0.00,0.00,0.00,0.00,0.00,0.00,0.00,0.00,0.00,0.00,0.00,0.00,0.00,0.00,0.00,0.00,0.00,0.00,0.00,0.00,0.00,0.00,0.00,0.00,0.00,0.00,0.00,0.00,2.00,0.00,0.00,0.00,0.00,0.00,0.00,0.00,0.00,0.00,0.00,3,2,1,0,0.00,0.00,0.00,0.00,0.00,0.00,0.00,0.00,0.00,0.00,0.00,0.00,0.00,0.00,0.00,0.00,0.00,0.00,0.00,0.00,0.00,0.00,0.00,0.00,0.00,0.00,0.00,0.00,0.00,0.00,0.00,0.00,0.00,0.00,0.00,0.00,0.00,0.00,0.00,0.00,0.00,0.00,0.00,0.00,0.00,0.00,0.00,0.00,0.00,0.00,0.00,0.00,0.00,97.00,0.00,0.00,0.00,0.00,1995.37
0.00,0.00,0.50,2.01,0.00,0.00,0.00,0.00,0.00,97.49,0.00,53.00,0.00,0.00,0.00,12.00,0.00,0.00,4.00,0.00,0.00,0.00,0.00,2.00,0.00,2.00,0.00,24.00,692476,1153360,1348244,66.07,47216,532120,3754448,183.98,837828,347420,128,606004,100636,7376,28676,0,0,0,0.00,0,0.00,0,0,0.00,26647,7584,36889,0,0,461,0.00,0.00,0.00,0,0.00,0.00,0.00,0.00,0.00,0.00,2.00,0.00,12.00,6.00,0.00,26.00,0.00,0.00,8.00,0.00,0.47,0.00,0.00,0.00,0.00,0.00,0.00,0.00,0.00,0.00,0.00,0.00,0.00,0.00,0.00,0.00,0.00,0.00,0.00,0.00,0.00,0.00,0.00,0.00,0.00,0.00,0.00,0.00,0.00,0.00,0.00,0.00,722,3,5,0,0,0,0.00,0.00,0.00,0.00,0.00,0.00,0.00,0.00,0.00,0.00,0.00,0.00,0.00,0.00,0.00,0.00,0.00,0.00,0.00,0.00,0.00,0.00,0.00,0.00,0.00,0.00,0.00,0.00,0.00,0.00,0.00,0.00,0.00,0.00,0.00,0.00,0.00,0.00,0.00,0.00,0.00,0.00,0.00,0.00,0.00,0.00,0.00,0.00,0.00,0.00,0.00,0.00,0.00,0.00,0.00,3,2,1,0,0.00,0.00,0.00,0.00,0.00,0.00,0.00,0.00,0.00,0.00,0.00,0.00,0.00,0.00,0.00,0.00,0.00,0.00,0.00,0.00,0.00,0.00,0.00,0.00,0.00,0.00,0.00,0.00,0.00,0.00,0.00,0.00,0.00,0.00,0.00,0.00,0.00,0.00,0.00,0.00,0.00,0.00,0.00,0.00,0.00,0.00,0.00,0.00,0.00,0.00,0.00,0.00,0.00,8.00,0.00,0.00,0.00,0.00,1995.37
0.50,0.00,0.00,0.00,0.00,0.00,0.50,0.00,0.00,99.00,0.00,56.00,0.00,0.00,0.00,0.00,0.00,0.00,930.00,0.00,0.00,0.00,0.00,0.00,0.00,0.00,0.00,0.00,692572,1153512,1348148,66.06,47216,532136,3754448,183.98,837828,347476,144,606004,100636,7376,28676,0,0,0,0.00,0,0.00,0,0,0.00,26647,7584,36889,0,0,461,0.00,0.00,0.00,0,0.00,0.00,0.00,0.00,0.00,0.00,0.00,0.00,0.00,0.00,0.00,0.00,0.00,0.00,1851.00,0.00,2684.77,0.00,0.00,0.00,0.00,0.00,0.00,0.00,0.00,1.00,0.00,0.00,0.00,0.00,0.00,0.00,0.00,0.00,0.00,0.00,0.00,0.00,0.00,0.00,0.00,0.00,0.00,0.00,0.00,0.00,0.00,0.00,722,3,5,0,0,0,1845.00,0.00,41.00,0.00,1845.00,41.00,0.00,0.00,0.00,0.00,0.00,0.00,0.00,0.00,0.00,0.00,0.00,0.00,0.00,0.00,0.00,0.00,0.00,0.00,0.00,0.00,0.00,0.00,0.00,0.00,0.00,0.00,0.00,0.00,0.00,0.00,0.00,0.00,0.00,0.00,0.00,0.00,0.00,0.00,41.00,0.00,0.00,0.00,0.00,0.00,0.00,0.00,0.00,0.00,0.00,3,2,1,0,0.00,0.00,0.00,0.00,0.00,0.00,0.00,0.00,0.00,0.00,0.00,0.00,0.00,0.00,0.00,0.00,0.00,0.00,0.00,0.00,0.00,0.00,0.00,0.00,0.00,0.00,0.00,0.00,0.00,0.00,0.00,0.00,0.00,0.00,0.00,0.00,0.00,0.00,0.00,0.00,0.00,0.00,0.00,0.00,0.00,0.00,0.00,0.00,0.00,0.00,0.00,0.00,0.00,1851.00,0.00,0.00,0.00,0.00,1995.37
0.50,0.00,0.00,0.00,0.00,0.00,0.00,0.00,0.00,99.50,0.00,62.00,0.00,0.00,0.00,0.00,0.00,0.00,35.00,0.00,0.00,0.00,0.00,0.00,0.00,0.00,0.00,0.00,692352,1153292,1348368,66.07,47216,532148,3754448,183.98,837828,347476,156,606004,100636,7376,28676,0,0,0,0.00,0,0.00,0,0,0.00,26647,7584,36889,0,0,461,0.00,0.00,0.00,0,0.00,0.00,0.00,0.00,0.00,0.00,0.00,0.00,0.00,0.00,0.00,0.00,0.00,0.00,52.00,0.00,65.88,0.00,0.00,0.00,0.00,0.00,0.00,0.00,0.00,0.00,0.00,0.00,0.00,0.00,0.00,0.00,0.00,0.00,0.00,0.00,0.00,0.00,0.00,0.00,0.00,0.00,0.00,0.00,0.00,0.00,0.00,0.00,722,3,5,0,0,0,45.00,0.00,1.00,0.00,45.00,1.00,0.00,0.00,0.00,0.00,0.00,0.00,0.00,0.00,0.00,0.00,0.00,0.00,0.00,0.00,0.00,0.00,0.00,0.00,0.00,0.00,0.00,0.00,0.00,0.00,0.00,0.00,0.00,0.00,0.00,0.00,0.00,0.00,0.00,0.00,0.00,0.00,0.00,0.00,1.00,0.00,0.00,0.00,0.00,0.00,0.00,0.00,0.00,0.00,0.00,3,2,1,0,0.00,0.00,0.00,0.00,0.00,0.00,0.00,0.00,0.00,0.00,0.00,0.00,0.00,0.00,0.00,0.00,0.00,0.00,0.00,0.00,0.00,0.00,0.00,0.00,0.00,0.00,0.00,0.00,0.00,0.00,0.00,0.00,0.00,0.00,0.00,0.00,0.00,0.00,0.00,0.00,0.00,0.00,0.00,0.00,0.00,0.00,0.00,0.00,0.00,0.00,0.00,0.00,0.00,52.00,0.00,0.00,0.00,0.00,1995.37
0.00,0.00,0.50,0.00,0.00,0.00,0.00,0.00,0.00,99.50,0.00,48.00,0.00,0.00,0.00,0.00,0.00,0.00,26.00,0.00,0.00,0.00,0.00,0.00,0.00,0.00,0.00,0.00,692416,1153356,1348304,66.07,47216,532164,3754448,183.98,837828,347476,172,606004,100636,7376,28676,0,0,0,0.00,0,0.00,0,0,0.00,26647,7584,36889,0,0,461,0.00,0.00,0.00,0,0.00,0.00,0.00,0.00,0.00,0.00,0.00,0.00,0.00,0.00,0.00,0.00,0.00,0.00,49.00,1.00,65.71,0.04,0.00,0.00,0.00,0.00,0.00,0.00,0.00,1.00,0.00,0.00,0.00,0.00,0.00,0.00,0.00,0.00,0.00,0.00,0.00,0.00,0.00,0.00,0.00,0.00,0.00,0.00,0.00,0.00,0.00,0.00,722,3,5,0,0,0,45.00,0.00,1.00,0.00,45.00,1.00,0.00,0.00,0.00,0.00,0.00,0.00,0.00,0.00,0.00,0.00,0.00,0.00,0.00,0.00,0.00,0.00,0.00,0.00,0.00,0.00,0.00,0.00,0.00,0.00,0.00,0.00,0.00,0.00,0.00,0.00,0.00,0.00,0.00,0.00,0.00,0.00,0.00,0.00,1.00,0.00,0.00,0.00,0.00,0.00,0.00,0.00,0.00,0.00,0.00,3,2,1,0,0.00,0.00,0.00,0.00,0.00,0.00,0.00,0.00,0.00,0.00,0.00,0.00,0.00,0.00,0.00,0.00,0.00,0.00,0.00,0.00,0.00,0.00,0.00,0.00,0.00,0.00,0.00,0.00,0.00,0.00,0.00,0.00,0.00,0.00,0.00,0.00,0.00,0.00,0.00,0.00,0.00,0.00,0.00,0.00,0.00,0.00,0.00,0.00,0.00,0.00,0.00,0.00,0.00,49.00,0.00,0.00,0.00,0.00,1995.37
0.50,0.00,0.00,0.00,0.00,0.00,0.00,0.00,0.00,99.50,0.00,40.00,0.00,0.00,0.00,0.00,0.00,0.00,26.00,0.00,0.00,0.00,0.00,0.00,0.00,0.00,0.00,0.00,692512,1153452,1348208,66.07,47216,532180,3754448,183.98,837828,347476,188,606004,100636,7376,28676,0,0,0,0.00,0,0.00,0,0,0.00,26647,7584,36889,0,0,461,0.00,0.00,0.00,0,0.00,0.00,0.00,0.00,0.00,0.00,0.00,0.00,0.00,0.00,0.00,0.00,0.00,0.00,55.00,0.00,66.56,0.00,0.00,0.00,0.00,0.00,0.00,0.00,0.00,0.00,0.00,0.00,0.00,0.00,0.00,0.00,0.00,0.00,0.00,0.00,0.00,0.00,0.00,0.00,0.00,0.00,0.00,0.00,0.00,0.00,0.00,0.00,722,3,5,0,0,0,53.00,0.00,5.00,0.00,45.00,1.00,0.00,0.00,0.00,0.00,0.00,0.00,0.00,0.00,0.00,0.00,0.00,0.00,0.00,0.00,0.00,0.00,0.00,0.00,0.00,0.00,0.00,0.00,0.00,0.00,0.00,0.00,0.00,0.00,0.00,0.00,0.00,0.00,0.00,0.00,0.00,0.00,0.00,0.00,1.00,0.00,0.00,0.00,0.00,0.00,0.00,0.00,0.00,0.00,0.00,3,2,1,0,0.00,0.00,0.00,0.00,0.00,0.00,0.00,0.00,0.00,0.00,0.00,0.00,0.00,0.00,0.00,0.00,0.00,0.00,0.00,0.00,0.00,0.00,0.00,0.00,0.00,0.00,0.00,0.00,0.00,0.00,0.00,0.00,0.00,0.00,0.00,0.00,0.00,0.00,0.00,0.00,0.00,0.00,0.00,0.00,0.00,0.00,0.00,0.00,0.00,0.00,0.00,0.00,0.00,55.00,0.00,0.00,0.00,0.00,1995.37
0.50,0.00,0.00,2.49,0.00,0.00,0.00,0.00,0.00,97.01,0.00,59.00,0.00,0.00,0.00,12.00,0.00,0.00,4.00,0.00,0.00,0.00,0.00,2.00,0.00,2.00,0.00,24.00,692512,1153508,1348208,66.07,47224,532196,3754448,183.98,837828,347532,204,606004,100636,7376,28676,0,0,0,0.00,0,0.00,0,0,0.00,26647,7584,36889,0,0,461,0.00,0.00,0.00,0,0.00,0.00,0.00,0.00,0.00,0.00,2.00,0.00,12.00,6.00,0.00,26.00,0.00,0.00,7.00,0.00,0.41,0.00,0.00,0.00,0.00,0.00,0.00,0.00,0.00,1.00,0.00,0.00,0.00,0.00,0.00,0.00,0.00,0.00,0.00,0.00,0.00,0.00,0.00,0.00,0.00,0.00,0.00,0.00,0.00,0.00,0.00,0.00,722,3,5,0,0,0,0.00,0.00,0.00,0.00,0.00,0.00,0.00,0.00,0.00,0.00,0.00,0.00,0.00,0.00,0.00,0.00,0.00,0.00,0.00,0.00,0.00,0.00,0.00,0.00,0.00,0.00,0.00,0.00,0.00,0.00,0.00,0.00,0.00,0.00,0.00,0.00,0.00,0.00,0.00,0.00,0.00,0.00,0.00,0.00,0.00,0.00,0.00,0.00,0.00,0.00,0.00,0.00,0.00,0.00,0.00,3,2,1,0,0.00,0.00,0.00,0.00,0.00,0.00,0.00,0.00,0.00,0.00,0.00,0.00,0.00,0.00,0.00,0.00,0.00,0.00,0.00,0.00,0.00,0.00,0.00,0.00,0.00,0.00,0.00,0.00,0.00,0.00,0.00,0.00,0.00,0.00,0.00,0.00,0.00,0.00,0.00,0.00,0.00,0.00,0.00,0.00,0.00,0.00,0.00,0.00,0.00,0.00,0.00,0.00,0.00,7.00,0.00,0.00,0.00,0.00,1995.37
0.00,0.00,0.00,0.00,0.00,0.00,0.00,0.00,0.00,100.00,0.00,27.00,0.00,0.00,0.00,0.00,0.00,0.00,3.00,0.00,0.00,0.00,0.00,0.00,0.00,0.00,0.00,0.00,692512,1153508,1348208,66.07,47224,532196,3754448,183.98,837828,347532,204,606004,100636,7376,28676,0,0,0,0.00,0,0.00,0,0,0.00,26647,7584,36889,0,0,461,0.00,0.00,0.00,0,0.00,0.00,0.00,0.00,0.00,0.00,0.00,0.00,0.00,0.00,0.00,0.00,0.00,0.00,2.00,0.00,0.12,0.00,0.00,0.00,0.00,0.00,0.00,0.00,0.00,0.00,0.00,0.00,0.00,0.00,0.00,0.00,0.00,0.00,0.00,0.00,0.00,0.00,0.00,0.00,0.00,0.00,0.00,0.00,0.00,0.00,0.00,0.00,722,3,5,0,0,0,0.00,0.00,0.00,0.00,0.00,0.00,0.00,0.00,0.00,0.00,0.00,0.00,0.00,0.00,0.00,0.00,0.00,0.00,0.00,0.00,0.00,0.00,0.00,0.00,0.00,0.00,0.00,0.00,0.00,0.00,0.00,0.00,0.00,0.00,0.00,0.00,0.00,0.00,0.00,0.00,0.00,0.00,0.00,0.00,0.00,0.00,0.00,0.00,0.00,0.00,0.00,0.00,0.00,0.00,0.00,3,2,1,0,0.00,0.00,0.00,0.00,0.00,0.00,0.00,0.00,0.00,0.00,0.00,0.00,0.00,0.00,0.00,0.00,0.00,0.00,0.00,0.00,0.00,0.00,0.00,0.00,0.00,0.00,0.00,0.00,0.00,0.00,0.00,0.00,0.00,0.00,0.00,0.00,0.00,0.00,0.00,0.00,0.00,0.00,0.00,0.00,0.00,0.00,0.00,0.00,0.00,0.00,0.00,0.00,0.00,2.00,0.00,0.00,0.00,0.00,1995.37
0.50,0.00,0.50,0.00,0.00,0.00,0.00,0.00,0.00,99.00,0.00,48.00,0.00,0.00,0.00,232.00,0.00,0.00,19.00,0.00,0.00,0.00,0.00,1.00,0.00,1.00,0.00,464.00,692416,1153416,1348304,66.07,47224,532224,3754448,183.98,837828,347532,64,606004,100640,7376,28676,0,0,0,0.00,0,0.00,0,0,0.00,26647,7584,36889,0,0,461,0.00,0.00,0.00,0,0.00,0.00,0.00,0.00,0.00,0.00,1.00,0.00,232.00,232.00,0.00,0.00,0.00,0.00,47.00,0.00,65.59,0.00,0.00,0.00,0.00,0.00,0.00,0.00,0.00,1.00,0.00,0.00,0.00,0.00,0.00,0.00,0.00,0.00,0.00,0.00,0.00,0.00,0.00,0.00,0.00,0.00,0.00,0.00,0.00,0.00,0.00,0.00,722,3,5,0,0,0,45.00,0.00,1.00,0.00,45.00,1.00,0.00,0.00,0.00,0.00,0.00,0.00,0.00,0.00,0.00,0.00,0.00,0.00,0.00,0.00,0.00,0.00,0.00,0.00,0.00,0.00,0.00,0.00,0.00,0.00,0.00,0.00,0.00,0.00,0.00,0.00,0.00,0.00,0.00,0.00,0.00,0.00,0.00,0.00,1.00,0.00,0.00,0.00,0.00,0.00,0.00,0.00,0.00,0.00,0.00,3,2,1,0,0.00,0.00,0.00,0.00,0.00,0.00,0.00,0.00,0.00,0.00,0.00,0.00,0.00,0.00,0.00,0.00,0.00,0.00,0.00,0.00,0.00,0.00,0.00,0.00,0.00,0.00,0.00,0.00,0.00,0.00,0.00,0.00,0.00,0.00,0.00,0.00,0.00,0.00,0.00,0.00,0.00,0.00,0.00,0.00,0.00,0.00,0.00,0.00,0.00,0.00,0.00,0.00,0.00,47.00,0.00,0.00,0.00,0.00,1995.37
0.00,0.00,0.50,0.00,0.00,0.00,0.00,0.00,0.00,99.50,0.00,79.00,0.00,0.00,0.00,0.00,0.00,0.00,1179.00,0.00,0.00,0.00,0.00,0.00,0.00,0.00,0.00,0.00,692416,1153456,1348304,66.07,47224,532240,3754448,183.98,837828,347572,20,606004,100640,7376,28676,0,0,0,0.00,0,0.00,0,0,0.00,26647,7584,36889,0,0,461,0.00,0.00,0.00,0,0.00,0.00,0.00,0.00,0.00,0.00,0.00,0.00,0.00,0.00,0.00,0.00,0.00,0.00,2348.00,0.00,3405.10,0.00,0.00,0.00,0.00,0.00,0.00,0.00,0.00,0.00,0.00,0.00,0.00,0.00,0.00,0.00,0.00,0.00,0.00,0.00,0.00,0.00,0.00,0.00,0.00,0.00,0.00,0.00,0.00,0.00,0.00,0.00,722,3,5,0,0,0,2340.00,0.00,52.00,0.00,2340.00,52.00,0.00,0.00,0.00,0.00,0.00,0.00,0.00,0.00,0.00,0.00,0.00,0.00,0.00,0.00,0.00,0.00,0.00,0.00,0.00,0.00,0.00,0.00,0.00,0.00,0.00,0.00,0.00,0.00,0.00,0.00,0.00,0.00,0.00,0.00,0.00,0.00,0.00,0.00,52.00,0.00,0.00,0.00,0.00,0.00,0.00,0.00,0.00,0.00,0.00,3,2,1,0,0.00,0.00,0.00,0.00,0.00,0.00,0.00,0.00,0.00,0.00,0.00,0.00,0.00,0.00,0.00,0.00,0.00,0.00,0.00,0.00,0.00,0.00,0.00,0.00,0.00,0.00,0.00,0.00,0.00,0.00,0.00,0.00,0.00,0.00,0.00,0.00,0.00,0.00,0.00,0.00,0.00,0.00,0.00,0.00,0.00,0.00,0.00,0.00,0.00,0.00,0.00,0.00,0.00,2348.00,0.00,0.00,0.00,0.00,1995.37
0.00,0.00,0.00,0.00,0.00,0.00,0.00,0.00,0.00,100.00,0.00,56.00,0.00,0.00,0.00,0.00,0.00,0.00,59.00,0.00,0.00,0.00,0.00,0.00,0.00,0.00,0.00,0.00,692352,1153392,1348368,66.07,47224,532256,3754448,183.98,837828,347572,36,606004,100640,7376,28676,0,0,0,0.00,0,0.00,0,0,0.00,26647,7584,36889,0,0,461,0.00,0.00,0.00,0,0.00,0.00,0.00,0.00,0.00,0.00,0.00,0.00,0.00,0.00,0.00,0.00,0.00,0.00,98.00,0.00,131.42,0.00,0.00,0.00,0.00,0.00,0.00,0.00,0.00,1.00,0.00,0.00,0.00,0.00,0.00,0.00,0.00,0.00,0.00,0.00,0.00,0.00,0.00,0.00,0.00,0.00,0.00,0.00,0.00,0.00,0.00,0.00,722,3,5,0,0,0,90.00,0.00,2.00,0.00,90.00,2.00,0.00,0.00,0.00,0.00,0.00,0.00,0.00,0.00,0.00,0.00,0.00,0.00,0.00,0.00,0.00,0.00,0.00,0.00,0.00,0.00,0.00,0.00,0.00,0.00,0.00,0.00,0.00,0.00,0.00,0.00,0.00,0.00,0.00,0.00,0.00,0.00,0.00,0.00,2.00,0.00,0.00,0.00,0.00,0.00,0.00,0.00,0.00,0.00,0.00,3,2,1,0,0.00,0.00,0.00,0.00,0.00,0.00,0.00,0.00,0.00,0.00,0.00,0.00,0.00,0.00,0.00,0.00,0.00,0.00,0.00,0.00,0.00,0.00,0.00,0.00,0.00,0.00,0.00,0.00,0.00,0.00,0.00,0.00,0.00,0.00,0.00,0.00,0.00,0.00,0.00,0.00,0.00,0.00,0.00,0.00,0.00,0.00,0.00,0.00,0.00,0.00,0.00,0.00,0.00,98.00,0.00,0.00,0.00,0.00,1995.37
0.00,0.00,0.50,8.00,0.00,0.00,0.00,0.00,0.00,91.50,0.00,68.00,0.00,0.00,0.00,20.00,0.00,0.00,51.00,0.00,0.00,0.00,0.00,2.00,0.00,2.00,0.00,40.00,692388,1153428,1348332,66.07,47232,532272,3754448,183.98,837828,347572,60,606004,100640,7376,28676,0,0,0,0.00,0,0.00,0,0,0.00,26647,7584,36889,0,1,461,0.00,0.00,0.00,0,0.00,0.00,0.00,0.00,0.00,0.00,2.00,0.00,20.00,10.00,0.00,72.00,0.00,0.00,99.00,0.00,131.96,0.00,0.00,0.00,0.00,0.00,0.00,0.00,0.00,0.00,0.00,0.00,0.00,0.00,0.00,0.00,0.00,0.00,0.00,0.00,0.00,0.00,0.00,0.00,0.00,0.00,0.00,0.00,0.00,0.00,0.00,0.00,722,3,5,0,0,0,92.00,0.00,2.00,0.00,90.00,2.00,0.00,0.00,0.00,0.00,0.00,0.00,0.00,0.00,0.00,0.00,0.00,0.00,0.00,0.00,0.00,0.00,0.00,0.00,0.00,0.00,0.00,0.00,0.00,0.00,0.00,0.00,0.00,0.00,0.00,0.00,0.00,0.00,0.00,0.00,0.00,0.00,0.00,0.00,2.00,0.00,0.00,0.00,0.00,0.00,0.00,0.00,0.00,0.00,0.00,3,2,1,0,0.00,0.00,0.00,0.00,0.00,0.00,0.00,0.00,0.00,0.00,0.00,0.00,0.00,0.00,0.00,0.00,0.00,0.00,0.00,0.00,0.00,0.00,0.00,0.00,0.00,0.00,0.00,0.00,0.00,0.00,0.00,0.00,0.00,0.00,0.00,0.00,0.00,0.00,0.00,0.00,0.00,0.00,0.00,0.00,0.00,0.00,0.00,0.00,0.00,0.00,0.00,0.00,0.00,99.00,0.00,0.00,0.00,0.00,1995.37
0.00,0.00,0.50,0.00,0.00,0.00,0.00,0.00,0.00,99.50,0.00,45.00,0.00,0.00,0.00,0.00,0.00,0.00,2.00,0.00,0.00,0.00,0.00,0.00,0.00,0.00,0.00,0.00,692388,1153428,1348332,66.07,47232,532272,3754448,183.98,837828,347572,60,606004,100640,7376,28676,0,0,0,0.00,0,0.00,0,0,0.00,26647,7584,36889,0,0,461,0.00,0.00,0.00,0,0.00,0.00,0.00,0.00,0.00,0.00,0.00,0.00,0.00,0.00,0.00,0.00,0.00,0.00,7.00,0.00,0.41,0.00,0.00,0.00,0.00,0.00,0.00,0.00,0.00,1.00,0.00,0.00,0.00,0.00,0.00,0.00,0.00,0.00,0.00,0.00,0.00,0.00,0.00,0.00,0.00,0.00,0.00,0.00,0.00,0.00,0.00,0.00,722,3,5,0,0,0,0.00,0.00,0.00,0.00,0.00,0.00,0.00,0.00,0.00,0.00,0.00,0.00,0.00,0.00,0.00,0.00,0.00,0.00,0.00,0.00,0.00,0.00,0.00,0.00,0.00,0.00,0.00,0.00,0.00,0.00,0.00,0.00,0.00,0.00,0.00,0.00,0.00,0.00,0.00,0.00,0.00,0.00,0.00,0.00,0.00,0.00,0.00,0.00,0.00,0.00,0.00,0.00,0.00,0.00,0.00,3,2,1,0,0.00,0.00,0.00,0.00,0.00,0.00,0.00,0.00,0.00,0.00,0.00,0.00,0.00,0.00,0.00,0.00,0.00,0.00,0.00,0.00,0.00,0.00,0.00,0.00,0.00,0.00,0.00,0.00,0.00,0.00,0.00,0.00,0.00,0.00,0.00,0.00,0.00,0.00,0.00,0.00,0.00,0.00,0.00,0.00,0.00,0.00,0.00,0.00,0.00,0.00,0.00,0.00,0.00,7.00,0.00,0.00,0.00,0.00,1995.37
0.50,0.00,0.00,0.00,0.00,0.00,0.00,0.00,0.00,99.50,0.00,62.00,0.00,0.00,0.00,0.00,1.00,0.00,28.00,0.00,0.00,0.00,0.00,0.00,0.00,0.00,0.00,0.00,692228,1153356,1348492,66.08,47232,532300,3754448,183.98,837860,347628,88,606008,100640,7376,28676,0,0,0,0.00,0,0.00,0,0,0.00,26647,7584,36889,0,0,461,0.00,0.00,0.00,0,0.00,0.00,0.00,0.00,0.00,0.00,0.00,0.00,0.00,0.00,0.00,0.00,0.00,0.00,52.00,0.00,65.88,0.00,0.00,0.00,0.00,0.00,0.00,0.00,0.00,0.00,0.00,0.00,0.00,0.00,0.00,0.00,0.00,0.00,0.00,0.00,0.00,0.00,0.00,0.00,0.00,0.00,0.00,0.00,0.00,0.00,0.00,0.00,722,3,5,0,0,0,45.00,0.00,1.00,0.00,45.00,1.00,0.00,0.00,0.00,0.00,0.00,0.00,0.00,0.00,0.00,0.00,0.00,0.00,0.00,0.00,0.00,0.00,0.00,0.00,0.00,0.00,0.00,0.00,0.00,0.00,0.00,0.00,0.00,0.00,0.00,0.00,0.00,0.00,0.00,0.00,0.00,0.00,0.00,0.00,1.00,0.00,0.00,0.00,0.00,0.00,0.00,0.00,0.00,0.00,0.00,3,2,1,0,0.00,0.00,0.00,0.00,0.00,0.00,0.00,0.00,0.00,0.00,0.00,0.00,0.00,0.00,0.00,0.00,0.00,0.00,0.00,0.00,0.00,0.00,0.00,0.00,0.00,0.00,0.00,0.00,0.00,0.00,0.00,0.00,0.00,0.00,0.00,0.00,0.00,0.00,0.00,0.00,0.00,0.00,0.00,0.00,0.00,0.00,0.00,0.00,0.00,0.00,0.00,0.00,0.00,52.00,0.00,0.00,0.00,0.00,1995.37
0.00,0.00,0.00,0.00,0.00,0.00,0.50,0.00,0.00,99.50,0.00,79.00,0.00,0.00,0.00,0.00,0.00,0.00,3131.00,0.00,0.00,0.00,0.00,0.00,0.00,0.00,0.00,0.00,692104,1153232,1348616,66.09,47232,532316,3754448,183.98,837860,347628,104,606008,100640,7376,28676,0,0,0,0.00,0,0.00,0,0,0.00,26647,7584,36889,0,0,461,0.00,0.00,0.00,0,0.00,0.00,0.00,0.00,0.00,0.00,0.00,0.00,0.00,0.00,0.00,0.00,0.00,0.00,6217.00,0.00,9035.77,0.00,0.00,0.00,0.00,0.00,0.00,0.00,0.00,1.00,0.00,0.00,0.00,0.00,0.00,0.00,0.00,0.00,0.00,0.00,0.00,0.00,0.00,0.00,0.00,0.00,0.00,0.00,0.00,0.00,0.00,0.00,722,3,5,0,0,0,6210.00,0.00,138.00,0.00,6210.00,138.00,0.00,0.00,0.00,0.00,0.00,0.00,0.00,0.00,0.00,0.00,0.00,0.00,0.00,0.00,0.00,0.00,0.00,0.00,0.00,0.00,0.00,0.00,0.00,0.00,0.00,0.00,0.00,0.00,0.00,0.00,0.00,0.00,0.00,0.00,0.00,0.00,0.00,0.00,138.00,0.00,0.00,0.00,0.00,0.00,0.00,0.00,0.00,0.00,0.00,3,2,1,0,0.00,0.00,0.00,0.00,0.00,0.00,0.00,0.00,0.00,0.00,0.00,0.00,0.00,0.00,0.00,0.00,0.00,0.00,0.00,0.00,0.00,0.00,0.00,0.00,0.00,0.00,0.00,0.00,0.00,0.00,0.00,0.00,0.00,0.00,0.00,0.00,0.00,0.00,0.00,0.00,0.00,0.00,0.00,0.00,0.00,0.00,0.00,0.00,0.00,0.00,0.00,0.00,0.00,6217.00,0.00,0.00,0.00,0.00,1995.37
1.00,0.00,0.00,0.00,0.50,0.00,1.99,0.00,0.00,96.52,0.00,185.00,0.00,0.00,0.00,0.00,0.00,0.00,7889.00,0.00,0.00,0.00,0.00,0.00,0.00,0.00,0.00,0.00,692104,1153232,1348616,66.09,47232,532332,3754448,183.98,837860,347628,120,606008,100640,7376,28676,0,0,0,0.00,0,0.00,0,0,0.00,26647,7584,36889,0,0,461,0.00,0.00,0.00,0,0.00,0.00,0.00,0.00,0.00,0.00,0.00,0.00,0.00,0.00,0.00,0.00,0.00,0.00,15662.00,0.00,22784.94,0.00,0.00,0.00,0.00,0.00,0.00,0.00,0.00,0.00,0.00,0.00,0.00,0.00,0.00,0.00,0.00,0.00,0.00,0.00,0.00,0.00,0.00,0.00,0.00,0.00,0.00,0.00,0.00,0.00,0.00,0.00,722,3,5,0,0,0,15660.00,0.00,348.00,0.00,15660.00,348.00,0.00,0.00,0.00,0.00,0.00,0.00,0.00,0.00,0.00,0.00,0.00,0.00,0.00,0.00,0.00,0.00,0.00,0.00,0.00,0.00,0.00,0.00,0.00,0.00,0.00,0.00,0.00,0.00,0.00,0.00,0.00,0.00,0.00,0.00,0.00,0.00,0.00,0.00,348.00,0.00,0.00,0.00,0.00,0.00,0.00,0.00,0.00,0.00,0.00,3,2,1,0,0.00,0.00,0.00,0.00,0.00,0.00,0.00,0.00,0.00,0.00,0.00,0.00,0.00,0.00,0.00,0.00,0.00,0.00,0.00,0.00,0.00,0.00,0.00,0.00,0.00,0.00,0.00,0.00,0.00,0.00,0.00,0.00,0.00,0.00,0.00,0.00,0.00,0.00,0.00,0.00,0.00,0.00,0.00,0.00,0.00,0.00,0.00,0.00,0.00,0.00,0.00,0.00,0.00,15662.00,0.00,0.00,0.00,0.00,1995.37
0.00,0.00,0.50,2.50,0.00,0.00,0.00,0.00,0.00,97.00,0.00,52.00,0.00,0.00,0.00,12.00,0.00,0.00,3.00,0.00,0.00,0.00,0.00,2.00,0.00,2.00,0.00,24.00,692104,1153232,1348616,66.09,47240,532348,3754448,183.98,837860,347628,140,606008,100640,7376,28676,0,0,0,0.00,0,0.00,0,0,0.00,26647,7584,36889,0,0,461,0.00,0.00,0.00,0,0.00,0.00,0.00,0.00,0.00,0.00,2.00,0.00,12.00,6.00,0.00,26.00,0.00,0.00,4.00,0.00,0.26,0.00,0.00,0.00,0.00,0.00,0.00,0.00,0.00,3.00,0.00,0.00,0.00,0.00,0.00,0.00,0.00,0.00,0.00,0.00,0.00,0.00,0.00,0.00,0.00,0.00,0.00,0.00,0.00,0.00,0.00,0.00,722,3,5,0,0,0,0.00,0.00,0.00,0.00,0.00,0.00,0.00,0.00,0.00,0.00,0.00,0.00,0.00,0.00,0.00,0.00,0.00,0.00,0.00,0.00,0.00,0.00,0.00,0.00,0.00,0.00,0.00,0.00,0.00,0.00,0.00,0.00,0.00,0.00,0.00,0.00,0.00,0.00,0.00,0.00,0.00,0.00,0.00,0.00,0.00,0.00,0.00,0.00,0.00,0.00,0.00,0.00,0.00,0.00,0.00,3,2,1,0,0.00,0.00,0.00,0.00,0.00,0.00,0.00,0.00,0.00,0.00,0.00,0.00,0.00,0.00,0.00,0.00,0.00,0.00,0.00,0.00,0.00,0.00,0.00,0.00,0.00,0.00,0.00,0.00,0.00,0.00,0.00,0.00,0.00,0.00,0.00,0.00,0.00,0.00,0.00,0.00,0.00,0.00,0.00,0.00,0.00,0.00,0.00,0.00,0.00,0.00,0.00,0.00,0.00,4.00,0.00,0.00,0.00,0.00,1995.37
0.00,0.00,0.48,0.00,0.48,0.00,7.73,0.00,0.00,91.30,0.00,376.00,0.00,0.00,0.00,0.00,4.00,0.00,21840.00,0.00,0.00,0.00,0.00,0.00,0.00,0.00,0.00,0.00,697436,1159332,1343284,65.82,47144,536432,3746544,183.59,830228,350588,24,597312,99968,7344,28668,0,0,0,0.00,0,0.00,0,0,0.00,26652,7584,36877,0,0,459,0.00,0.00,0.00,0,0.00,0.00,0.00,0.00,0.00,0.00,0.00,0.00,0.00,0.00,0.00,0.00,0.00,0.00,43026.00,0.00,62593.15,0.00,0.00,0.00,0.00,0.00,0.00,0.00,0.00,0.00,0.00,0.00,0.00,0.00,0.00,0.00,0.00,0.00,0.00,0.00,0.00,0.00,0.00,0.00,0.00,0.00,0.00,0.00,0.00,0.00,0.00,0.00,721,3,5,0,0,0,43065.00,0.00,957.00,0.00,43065.00,957.00,0.00,0.00,0.00,0.00,0.00,0.00,0.00,0.00,0.00,0.00,0.00,0.00,0.00,0.00,0.00,0.00,0.00,0.00,0.00,0.00,0.00,0.00,0.00,0.00,0.00,0.00,0.00,0.00,0.00,0.00,0.00,0.00,0.00,0.00,0.00,0.00,0.00,0.00,956.00,0.00,0.00,0.00,0.00,0.00,0.00,0.00,0.00,0.00,0.00,3,2,1,0,1.00,0.00,0.00,0.00,0.00,0.00,1.00,0.00,0.00,0.00,0.00,0.00,0.00,0.00,0.00,0.00,0.00,0.00,0.00,0.00,0.00,0.00,0.00,0.00,0.00,0.00,0.00,0.00,0.00,0.00,0.00,0.00,0.00,0.00,0.00,0.00,0.00,0.00,0.00,0.00,0.00,0.00,0.00,0.00,0.00,0.00,0.00,0.00,0.00,0.00,0.00,0.00,0.00,43071.00,0.00,0.00,0.00,0.00,1995.37
0.00,0.00,0.00,0.00,0.00,0.00,6.03,0.00,0.00,93.97,0.00,408.00,0.00,0.00,0.00,0.00,4.00,0.00,20985.00,0.00,0.00,0.00,0.00,0.00,0.00,0.00,0.00,0.00,697436,1159332,1343284,65.82,47144,536444,3746544,183.59,830228,350588,36,597320,99968,7344,28668,0,0,0,0.00,0,0.00,0,0,0.00,26652,7584,36877,0,0,459,0.00,0.00,0.00,0,0.00,0.00,0.00,0.00,0.00,0.00,0.00,0.00,0.00,0.00,0.00,0.00,0.00,0.00,41721.00,0.00,60694.41,0.00,0.00,0.00,0.00,0.00,0.00,0.00,0.00,1.00,0.00,0.00,0.00,0.00,0.00,0.00,0.00,0.00,0.00,0.00,0.00,0.00,0.00,0.00,0.00,0.00,0.00,0.00,0.00,0.00,0.00,0.00,721,3,5,0,0,0,41670.00,0.00,926.00,0.00,41670.00,926.00,0.00,0.00,0.00,0.00,0.00,0.00,0.00,0.00,0.00,0.00,0.00,0.00,0.00,0.00,0.00,0.00,0.00,0.00,0.00,0.00,0.00,0.00,0.00,0.00,0.00,0.00,0.00,0.00,0.00,0.00,0.00,0.00,0.00,0.00,0.00,0.00,0.00,0.00,926.00,0.00,0.00,0.00,0.00,0.00,0.00,0.00,0.00,0.00,0.00,3,2,1,0,0.00,0.00,0.00,0.00,0.00,0.00,0.00,0.00,0.00,0.00,0.00,0.00,0.00,0.00,0.00,0.00,0.00,0.00,0.00,0.00,0.00,0.00,0.00,0.00,0.00,0.00,0.00,0.00,0.00,0.00,0.00,0.00,0.00,0.00,0.00,0.00,0.00,0.00,0.00,0.00,0.00,0.00,0.00,0.00,0.00,0.00,0.00,0.00,0.00,0.00,0.00,0.00,0.00,41631.00,0.00,0.00,0.00,0.00,1995.37
0.00,0.00,0.00,0.00,0.00,0.00,6.97,0.00,0.00,93.03,0.00,394.00,0.00,0.00,0.00,0.00,0.00,0.00,19913.00,0.00,0.00,0.00,0.00,0.00,0.00,0.00,0.00,0.00,697436,1159332,1343284,65.82,47144,536460,3746544,183.59,830228,350588,52,597320,99968,7344,28668,0,0,0,0.00,0,0.00,0,0,0.00,26652,7584,36877,0,0,459,0.00,0.00,0.00,0,0.00,0.00,0.00,0.00,0.00,0.00,0.00,0.00,0.00,0.00,0.00,0.00,0.00,0.00,39561.00,0.00,57551.67,0.00,0.00,0.00,0.00,0.00,0.00,0.00,0.00,0.00,0.00,0.00,0.00,0.00,0.00,0.00,0.00,0.00,0.00,0.00,0.00,0.00,0.00,0.00,0.00,0.00,0.00,0.00,0.00,0.00,0.00,0.00,721,3,5,0,0,0,39555.00,0.00,879.00,0.00,39555.00,879.00,0.00,0.00,0.00,0.00,0.00,0.00,0.00,0.00,0.00,0.00,0.00,0.00,0.00,0.00,0.00,0.00,0.00,0.00,0.00,0.00,0.00,0.00,0.00,0.00,0.00,0.00,0.00,0.00,0.00,0.00,0.00,0.00,0.00,0.00,0.00,0.00,0.00,0.00,879.00,0.00,0.00,0.00,0.00,0.00,0.00,0.00,0.00,0.00,0.00,3,2,1,0,0.00,0.00,0.00,0.00,0.00,0.00,0.00,0.00,0.00,0.00,0.00,0.00,0.00,0.00,0.00,0.00,0.00,0.00,0.00,0.00,0.00,0.00,0.00,0.00,0.00,0.00,0.00,0.00,0.00,0.00,0.00,0.00,0.00,0.00,0.00,0.00,0.00,0.00,0.00,0.00,0.00,0.00,0.00,0.00,0.00,0.00,0.00,0.00,0.00,0.00,0.00,0.00,0.00,39606.00,0.00,0.00,0.00,0.00,1995.37
0.49,0.00,0.00,0.00,0.49,0.00,7.35,0.00,0.00,91.67,0.00,411.00,0.00,0.00,0.00,0.00,0.00,0.00,18769.00,0.00,0.00,0.00,0.00,0.00,0.00,0.00,0.00,0.00,697500,1159444,1343220,65.82,47144,536476,3746544,183.59,830236,350636,68,597320,99968,7344,28668,0,0,0,0.00,0,0.00,0,0,0.00,26652,7584,36877,0,0,459,0.00,0.00,0.00,0,0.00,0.00,0.00,0.00,0.00,0.00,0.00,0.00,0.00,0.00,0.00,0.00,0.00,0.00,37308.00,0.00,54277.82,0.00,0.00,0.00,0.00,0.00,0.00,0.00,0.00,1.00,0.00,0.00,0.00,0.00,0.00,0.00,0.00,0.00,0.00,0.00,0.00,0.00,0.00,0.00,0.00,0.00,0.00,0.00,0.00,0.00,0.00,0.00,721,3,5,0,0,0,37305.00,0.00,829.00,0.00,37305.00,829.00,0.00,0.00,0.00,0.00,0.00,0.00,0.00,0.00,0.00,0.00,0.00,0.00,0.00,0.00,0.00,0.00,0.00,0.00,0.00,0.00,0.00,0.00,0.00,0.00,0.00,0.00,0.00,0.00,0.00,0.00,0.00,0.00,0.00,0.00,0.00,0.00,0.00,0.00,829.00,0.00,0.00,0.00,0.00,0.00,0.00,0.00,0.00,0.00,0.00,3,2,1,0,0.00,0.00,0.00,0.00,0.00,0.00,0.00,0.00,0.00,0.00,0.00,0.00,0.00,0.00,0.00,0.00,0.00,0.00,0.00,0.00,0.00,0.00,0.00,0.00,0.00,0.00,0.00,0.00,0.00,0.00,0.00,0.00,0.00,0.00,0.00,0.00,0.00,0.00,0.00,0.00,0.00,0.00,0.00,0.00,0.00,0.00,0.00,0.00,0.00,0.00,0.00,0.00,0.00,37308.00,0.00,0.00,0.00,0.00,1995.37
0.50,0.00,0.00,0.00,0.00,0.00,6.47,0.00,0.00,93.03,0.00,395.00,0.00,0.00,0.00,120.00,0.00,0.00,18772.00,0.00,0.00,0.00,0.00,3.00,0.00,3.00,0.00,232.00,697280,1159224,1343440,65.83,47152,536484,3746544,183.59,830236,350636,0,597320,99968,7344,28668,0,0,0,0.00,0,0.00,0,0,0.00,26652,7584,36877,0,0,459,0.00,0.00,0.00,1,0.00,0.00,0.00,0.00,0.00,0.00,3.00,0.00,116.00,38.67,0.00,0.00,0.00,0.00,37265.00,0.00,54212.67,0.00,0.00,0.00,0.00,0.00,0.00,0.00,0.00,2.00,0.00,0.00,0.00,0.00,0.00,0.00,0.00,0.00,0.00,0.00,0.00,0.00,0.00,0.00,0.00,0.00,0.00,0.00,0.00,0.00,0.00,0.00,721,3,5,0,0,0,37261.00,0.00,829.00,0.00,37260.00,828.00,0.00,0.00,0.00,0.00,0.00,0.00,0.00,0.00,0.00,0.00,0.00,0.00,0.00,0.00,0.00,0.00,0.00,0.00,0.00,0.00,0.00,0.00,0.00,0.00,0.00,0.00,0.00,0.00,0.00,0.00,0.00,0.00,0.00,0.00,0.00,0.00,0.00,0.00,828.00,0.00,0.00,0.00,0.00,0.00,0.00,0.00,0.00,0.00,0.00,3,2,1,0,0.00,0.00,0.00,0.00,0.00,0.00,0.00,0.00,0.00,0.00,0.00,0.00,0.00,0.00,0.00,0.00,0.00,0.00,0.00,0.00,0.00,0.00,0.00,0.00,0.00,0.00,0.00,0.00,0.00,0.00,0.00,0.00,0.00,0.00,0.00,0.00,0.00,0.00,0.00,0.00,0.00,0.00,0.00,0.00,0.00,0.00,0.00,0.00,0.00,0.00,0.00,0.00,0.00,37220.00,0.00,0.00,0.00,0.00,1995.37
0.00,0.00,0.49,5.37,0.49,0.00,6.83,0.00,0.00,86.83,0.00,340.00,0.00,0.00,0.00,0.00,0.00,0.00,18021.00,0.00,0.00,0.00,0.00,1.00,0.00,1.00,0.00,8.00,697124,1159072,1343596,65.84,47152,536508,3746544,183.59,830276,350636,40,597320,99972,7344,28668,0,0,0,0.00,0,0.00,0,0,0.00,26652,7584,36877,0,0,459,0.00,0.00,0.00,0,0.00,0.00,0.00,0.00,0.00,0.00,1.00,0.00,4.00,4.00,0.00,128.00,0.00,0.00,35823.00,0.00,52117.19,0.00,0.00,0.00,0.00,0.00,0.00,0.00,0.00,1.00,0.00,0.00,0.00,0.00,0.00,0.00,0.00,0.00,0.00,0.00,0.00,0.00,0.00,0.00,0.00,0.00,0.00,0.00,0.00,0.00,0.00,0.00,721,3,5,0,0,0,35820.00,0.00,796.00,0.00,35820.00,796.00,0.00,0.00,0.00,0.00,0.00,0.00,0.00,0.00,0.00,0.00,0.00,0.00,0.00,0.00,0.00,0.00,0.00,0.00,0.00,0.00,0.00,0.00,0.00,0.00,0.00,0.00,0.00,0.00,0.00,0.00,0.00,0.00,0.00,0.00,0.00,0.00,0.00,0.00,796.00,0.00,0.00,0.00,0.00,0.00,0.00,0.00,0.00,0.00,0.00,3,2,1,0,0.00,0.00,0.00,0.00,0.00,0.00,0.00,0.00,0.00,0.00,0.00,0.00,0.00,0.00,0.00,0.00,0.00,0.00,0.00,0.00,0.00,0.00,0.00,0.00,0.00,0.00,0.00,0.00,0.00,0.00,0.00,0.00,0.00,0.00,0.00,0.00,0.00,0.00,0.00,0.00,0.00,0.00,0.00,0.00,0.00,0.00,0.00,0.00,0.00,0.00,0.00,0.00,0.00,35868.00,0.00,0.00,0.00,0.00,1995.37
0.00,0.00,0.00,0.00,0.00,0.00,6.44,0.00,0.00,93.56,0.00,325.00,0.00,0.00,0.00,0.00,0.00,0.00,16051.00,0.00,0.00,0.00,0.00,0.00,0.00,0.00,0.00,0.00,697156,1159104,1343564,65.84,47152,536520,3746544,183.59,830276,350636,52,597320,99972,7344,28668,0,0,0,0.00,0,0.00,0,0,0.00,26652,7584,36877,0,0,459,0.00,0.00,0.00,0,0.00,0.00,0.00,0.00,0.00,0.00,0.00,0.00,0.00,0.00,0.00,0.00,0.00,0.00,31864.00,0.00,46355.57,0.00,0.00,0.00,0.00,0.00,0.00,0.00,0.00,0.00,0.00,0.00,0.00,0.00,0.00,0.00,0.00,0.00,0.00,0.00,0.00,0.00,0.00,0.00,0.00,0.00,0.00,0.00,0.00,0.00,0.00,0.00,721,3,5,0,0,0,31860.00,0.00,708.00,0.00,31860.00,708.00,0.00,0.00,0.00,0.00,0.00,0.00,0.00,0.00,0.00,0.00,0.00,0.00,0.00,0.00,0.00,0.00,0.00,0.00,0.00,0.00,0.00,0.00,0.00,0.00,0.00,0.00,0.00,0.00,0.00,0.00,0.00,0.00,0.00,0.00,0.00,0.00,0.00,0.00,708.00,0.00,0.00,0.00,0.00,0.00,0.00,0.00,0.00,0.00,0.00,3,2,1,0,0.00,0.00,0.00,0.00,0.00,0.00,0.00,0.00,0.00,0.00,0.00,0.00,0.00,0.00,0.00,0.00,0.00,0.00,0.00,0.00,0.00,0.00,0.00,0.00,0.00,0.00,0.00,0.00,0.00,0.00,0.00,0.00,0.00,0.00,0.00,0.00,0.00,0.00,0.00,0.00,0.00,0.00,0.00,0.00,0.00,0.00,0.00,0.00,0.00,0.00,0.00,0.00,0.00,31864.00,0.00,0.00,0.00,0.00,1995.37
0.49,0.00,0.00,0.00,0.00,0.00,6.37,0.00,0.00,93.14,0.00,326.00,0.00,0.00,0.00,0.00,0.00,0.00,15067.00,0.00,0.00,0.00,0.00,0.00,0.00,0.00,0.00,0.00,697156,1159160,1343564,65.84,47152,536536,3746544,183.59,830284,350684,68,597320,99972,7344,28668,0,0,0,0.00,0,0.00,0,0,0.00,26652,7584,36877,0,0,459,0.00,0.00,0.00,0,0.00,0.00,0.00,0.00,0.00,0.00,0.00,0.00,0.00,0.00,0.00,0.00,0.00,0.00,29975.00,0.00,43605.73,0.00,0.00,0.00,0.00,0.00,0.00,0.00,0.00,1.00,0.00,0.00,0.00,0.00,0.00,0.00,0.00,0.00,0.00,0.00,0.00,0.00,0.00,0.00,0.00,0.00,0.00,0.00,0.00,0.00,0.00,0.00,721,3,5,0,0,0,29970.00,0.00,666.00,0.00,29970.00,666.00,0.00,0.00,0.00,0.00,0.00,0.00,0.00,0.00,0.00,0.00,0.00,0.00,0.00,0.00,0.00,0.00,0.00,0.00,0.00,0.00,0.00,0.00,0.00,0.00,0.00,0.00,0.00,0.00,0.00,0.00,0.00,0.00,0.00,0.00,0.00,0.00,0.00,0.00,666.00,0.00,0.00,0.00,0.00,0.00,0.00,0.00,0.00,0.00,0.00,3,2,1,0,0.00,0.00,0.00,0.00,0.00,0.00,0.00,0.00,0.00,0.00,0.00,0.00,0.00,0.00,0.00,0.00,0.00,0.00,0.00,0.00,0.00,0.00,0.00,0.00,0.00,0.00,0.00,0.00,0.00,0.00,0.00,0.00,0.00,0.00,0.00,0.00,0.00,0.00,0.00,0.00,0.00,0.00,0.00,0.00,0.00,0.00,0.00,0.00,0.00,0.00,0.00,0.00,0.00,29930.00,0.00,0.00,0.00,0.00,1995.37
0.00,0.00,0.49,0.00,0.49,0.00,6.31,0.00,0.00,92.72,0.00,317.00,0.00,0.00,0.00,0.00,0.00,0.00,12907.00,0.00,0.00,0.00,0.00,0.00,0.00,0.00,0.00,0.00,697124,1159128,1343596,65.84,47152,536552,3746544,183.59,830284,350684,84,597320,99972,7344,28668,0,0,0,0.00,0,0.00,0,0,0.00,26652,7584,36877,0,0,459,0.00,0.00,0.00,0,0.00,0.00,0.00,0.00,0.00,0.00,0.00,0.00,0.00,0.00,0.00,0.00,0.00,0.00,25650.00,0.00,37319.97,0.00,0.00,0.00,0.00,0.00,0.00,0.00,0.00,0.00,0.00,0.00,0.00,0.00,0.00,0.00,0.00,0.00,0.00,0.00,0.00,0.00,0.00,0.00,0.00,0.00,0.00,0.00,0.00,0.00,0.00,0.00,721,3,5,0,0,0,25695.00,0.00,571.00,0.00,25695.00,571.00,0.00,0.00,0.00,0.00,0.00,0.00,0.00,0.00,0.00,0.00,0.00,0.00,0.00,0.00,0.00,0.00,0.00,0.00,0.00,0.00,0.00,0.00,0.00,0.00,0.00,0.00,0.00,0.00,0.00,0.00,0.00,0.00,0.00,0.00,0.00,0.00,0.00,0.00,571.00,0.00,0.00,0.00,0.00,0.00,0.00,0.00,0.00,0.00,0.00,3,2,1,0,0.00,0.00,0.00,0.00,0.00,0.00,0.00,0.00,0.00,0.00,0.00,0.00,0.00,0.00,0.00,0.00,0.00,0.00,0.00,0.00,0.00,0.00,0.00,0.00,0.00,0.00,0.00,0.00,0.00,0.00,0.00,0.00,0.00,0.00,0.00,0.00,0.00,0.00,0.00,0.00,0.00,0.00,0.00,0.00,0.00,0.00,0.00,0.00,0.00,0.00,0.00,0.00,0.00,25740.00,0.00,0.00,0.00,0.00,1995.37
0.50,0.00,0.00,0.00,0.00,0.00,4.00,0.00,0.00,95.50,0.00,305.00,0.00,0.00,0.00,0.00,0.00,0.00,11947.00,0.00,0.00,0.00,0.00,0.00,0.00,0.00,0.00,0.00,697220,1159224,1343500,65.83,47152,536568,3746544,183.59,830284,350684,100,597320,99972,7344,28668,0,0,0,0.00,0,0.00,0,0,0.00,26652,7584,36877,0,0,459,0.00,0.00,0.00,0,0.00,0.00,0.00,0.00,0.00,0.00,0.00,0.00,0.00,0.00,0.00,0.00,0.00,0.00,23675.00,0.00,34439.42,0.00,0.00,0.00,0.00,0.00,0.00,0.00,0.00,1.00,0.00,0.00,0.00,0.00,0.00,0.00,0.00,0.00,0.00,0.00,0.00,0.00,0.00,0.00,0.00,0.00,0.00,0.00,0.00,0.00,0.00,0.00,721,3,5,0,0,0,23625.00,0.00,525.00,0.00,23625.00,525.00,0.00,0.00,0.00,0.00,0.00,0.00,0.00,0.00,0.00,0.00,0.00,0.00,0.00,0.00,0.00,0.00,0.00,0.00,0.00,0.00,0.00,0.00,0.00,0.00,0.00,0.00,0.00,0.00,0.00,0.00,0.00,0.00,0.00,0.00,0.00,0.00,0.00,0.00,525.00,0.00,0.00,0.00,0.00,0.00,0.00,0.00,0.00,0.00,0.00,3,2,1,0,0.00,0.00,0.00,0.00,0.00,0.00,0.00,0.00,0.00,0.00,0.00,0.00,0.00,0.00,0.00,0.00,0.00,0.00,0.00,0.00,0.00,0.00,0.00,0.00,0.00,0.00,0.00,0.00,0.00,0.00,0.00,0.00,0.00,0.00,0.00,0.00,0.00,0.00,0.00,0.00,0.00,0.00,0.00,0.00,0.00,0.00,0.00,0.00,0.00,0.00,0.00,0.00,0.00,23630.00,0.00,0.00,0.00,0.00,1995.37
0.00,0.00,0.00,2.56,0.00,0.00,2.05,0.00,0.00,95.38,0.00,311.00,0.00,0.00,0.00,136.00,0.00,0.00,12819.00,0.00,0.00,0.00,0.00,8.00,0.00,8.00,0.00,272.00,697156,1159216,1343564,65.84,47160,536584,3746544,183.59,830292,350732,40,597320,99972,7344,28668,0,0,0,0.00,0,0.00,0,0,0.00,26652,7584,36877,0,0,459,0.00,0.00,0.00,0,0.00,0.00,0.00,0.00,0.00,0.00,8.00,0.00,136.00,17.00,0.00,7.50,0.00,0.00,25433.00,0.00,36993.07,0.00,0.00,0.00,0.00,0.00,0.00,0.00,0.00,0.00,0.00,0.00,0.00,0.00,0.00,0.00,0.00,0.00,0.00,0.00,0.00,0.00,0.00,0.00,0.00,0.00,0.00,0.00,0.00,0.00,0.00,0.00,721,3,5,0,0,0,25425.00,0.00,565.00,0.00,25425.00,565.00,0.00,0.00,0.00,0.00,0.00,0.00,0.00,0.00,0.00,0.00,0.00,0.00,0.00,0.00,0.00,0.00,0.00,0.00,0.00,0.00,0.00,0.00,0.00,0.00,0.00,0.00,0.00,0.00,0.00,0.00,0.00,0.00,0.00,0.00,0.00,0.00,0.00,0.00,565.00,0.00,0.00,0.00,0.00,0.00,0.00,0.00,0.00,0.00,0.00,3,2,1,0,0.00,0.00,0.00,0.00,0.00,0.00,0.00,0.00,0.00,0.00,0.00,0.00,0.00,0.00,0.00,0.00,0.00,0.00,0.00,0.00,0.00,0.00,0.00,0.00,0.00,0.00,0.00,0.00,0.00,0.00,0.00,0.00,0.00,0.00,0.00,0.00,0.00,0.00,0.00,0.00,0.00,0.00,0.00,0.00,0.00,0.00,0.00,0.00,0.00,0.00,0.00,0.00,0.00,25433.00,0.00,0.00,0.00,0.00,1995.37
0.50,0.00,0.00,0.00,0.50,0.00,3.50,0.00,0.00,95.50,0.00,292.00,0.00,0.00,0.00,0.00,0.00,0.00,10803.00,0.00,0.00,0.00,0.00,0.00,0.00,0.00,0.00,0.00,697124,1159184,1343596,65.84,47160,536596,3746544,183.59,830292,350732,56,597320,99972,7344,28668,0,0,0,0.00,0,0.00,0,0,0.00,26652,7584,36877,0,0,459,0.00,0.00,0.00,0,0.00,0.00,0.00,0.00,0.00,0.00,0.00,0.00,0.00,0.00,0.00,0.00,0.00,0.00,21471.00,0.00,31231.27,0.00,0.00,0.00,0.00,0.00,0.00,0.00,0.00,1.00,0.00,0.00,0.00,0.00,0.00,0.00,0.00,0.00,0.00,0.00,0.00,0.00,0.00,0.00,0.00,0.00,0.00,0.00,0.00,0.00,0.00,0.00,721,3,5,0,0,0,21465.00,0.00,477.00,0.00,21465.00,477.00,0.00,0.00,0.00,0.00,0.00,0.00,0.00,0.00,0.00,0.00,0.00,0.00,0.00,0.00,0.00,0.00,0.00,0.00,0.00,0.00,0.00,0.00,0.00,0.00,0.00,0.00,0.00,0.00,0.00,0.00,0.00,0.00,0.00,0.00,0.00,0.00,0.00,0.00,477.00,0.00,0.00,0.00,0.00,0.00,0.00,0.00,0.00,0.00,0.00,3,2,1,0,0.00,0.00,0.00,0.00,0.00,0.00,0.00,0.00,0.00,0.00,0.00,0.00,0.00,0.00,0.00,0.00,0.00,0.00,0.00,0.00,0.00,0.00,0.00,0.00,0.00,0.00,0.00,0.00,0.00,0.00,0.00,0.00,0.00,0.00,0.00,0.00,0.00,0.00,0.00,0.00,0.00,0.00,0.00,0.00,0.00,0.00,0.00,0.00,0.00,0.00,0.00,0.00,0.00,21426.00,0.00,0.00,0.00,0.00,1995.37
0.00,0.00,0.00,0.00,0.00,0.00,3.52,0.00,0.00,96.48,0.00,287.00,0.00,0.00,0.00,0.00,0.00,0.00,11739.00,0.00,0.00,0.00,0.00,0.00,0.00,0.00,0.00,0.00,697188,1159248,1343532,65.84,47160,536612,3746544,183.59,830292,350732,72,597320,99972,7344,28668,0,0,0,0.00,0,0.00,0,0,0.00,26652,7584,36877,0,0,459,0.00,0.00,0.00,0,0.00,0.00,0.00,0.00,0.00,0.00,0.00,0.00,0.00,0.00,0.00,0.00,0.00,0.00,23315.00,0.00,33915.63,0.00,0.00,0.00,0.00,0.00,0.00,0.00,0.00,0.00,0.00,0.00,0.00,0.00,0.00,0.00,0.00,0.00,0.00,0.00,0.00,0.00,0.00,0.00,0.00,0.00,0.00,0.00,0.00,0.00,0.00,0.00,721,3,5,0,0,0,23310.00,0.00,518.00,0.00,23310.00,518.00,0.00,0.00,0.00,0.00,0.00,0.00,0.00,0.00,0.00,0.00,0.00,0.00,0.00,0.00,0.00,0.00,0.00,0.00,0.00,0.00,0.00,0.00,0.00,0.00,0.00,0.00,0.00,0.00,0.00,0.00,0.00,0.00,0.00,0.00,0.00,0.00,0.00,0.00,518.00,0.00,0.00,0.00,0.00,0.00,0.00,0.00,0.00,0.00,0.00,3,2,1,0,0.00,0.00,0.00,0.00,0.00,0.00,0.00,0.00,0.00,0.00,0.00,0.00,0.00,0.00,0.00,0.00,0.00,0.00,0.00,0.00,0.00,0.00,0.00,0.00,0.00,0.00,0.00,0.00,0.00,0.00,0.00,0.00,0.00,0.00,0.00,0.00,0.00,0.00,0.00,0.00,0.00,0.00,0.00,0.00,0.00,0.00,0.00,0.00,0.00,0.00,0.00,0.00,0.00,23315.00,0.00,0.00,0.00,0.00,1995.37
0.00,0.00,0.50,0.00,0.00,0.00,3.00,0.00,0.00,96.50,0.00,301.00,0.00,0.00,0.00,0.00,0.00,0.00,9523.00,0.00,0.00,0.00,0.00,0.00,0.00,0.00,0.00,0.00,697096,1159212,1343624,65.84,47160,536628,3746544,183.59,830292,350788,88,597320,99972,7344,28668,0,0,0,0.00,0,0.00,0,0,0.00,26652,7584,36877,0,0,459,0.00,0.00,0.00,0,0.00,0.00,0.00,0.00,0.00,0.00,0.00,0.00,0.00,0.00,0.00,0.00,0.00,0.00,18904.00,0.00,27499.16,0.00,0.00,0.00,0.00,0.00,0.00,0.00,0.00,1.00,0.00,0.00,0.00,0.00,0.00,0.00,0.00,0.00,0.00,0.00,0.00,0.00,0.00,0.00,0.00,0.00,0.00,0.00,0.00,0.00,0.00,0.00,721,3,5,0,0,0,18900.00,0.00,420.00,0.00,18900.00,420.00,0.00,0.00,0.00,0.00,0.00,0.00,0.00,0.00,0.00,0.00,0.00,0.00,0.00,0.00,0.00,0.00,0.00,0.00,0.00,0.00,0.00,0.00,0.00,0.00,0.00,0.00,0.00,0.00,0.00,0.00,0.00,0.00,0.00,0.00,0.00,0.00,0.00,0.00,420.00,0.00,0.00,0.00,0.00,0.00,0.00,0.00,0.00,0.00,0.00,3,2,1,0,0.00,0.00,0.00,0.00,0.00,0.00,0.00,0.00,0.00,0.00,0.00,0.00,0.00,0.00,0.00,0.00,0.00,0.00,0.00,0.00,0.00,0.00,0.00,0.00,0.00,0.00,0.00,0.00,0.00,0.00,0.00,0.00,0.00,0.00,0.00,0.00,0.00,0.00,0.00,0.00,0.00,0.00,0.00,0.00,0.00,0.00,0.00,0.00,0.00,0.00,0.00,0.00,0.00,18949.00,0.00,0.00,0.00,0.00,1995.37
0.51,0.00,0.00,0.00,0.51,0.00,2.02,0.00,0.00,96.97,0.00,279.00,0.00,0.00,0.00,0.00,0.00,0.00,10253.00,0.00,0.00,0.00,0.00,0.00,0.00,0.00,0.00,0.00,697000,1159116,1343720,65.85,47160,536644,3746544,183.59,830292,350788,104,597320,99976,7344,28668,0,0,0,0.00,0,0.00,0,0,0.00,26652,7584,36877,0,0,459,0.00,0.00,0.00,0,0.00,0.00,0.00,0.00,0.00,0.00,0.00,0.00,0.00,0.00,0.00,0.00,0.00,0.00,20478.00,0.00,29790.68,0.00,0.00,0.00,0.00,0.00,0.00,0.00,0.00,0.00,0.00,0.00,0.00,0.00,0.00,0.00,0.00,0.00,0.00,0.00,0.00,0.00,0.00,0.00,0.00,0.00,0.00,0.00,0.00,0.00,0.00,0.00,721,3,5,0,0,0,20475.00,0.00,455.00,0.00,20475.00,455.00,0.00,0.00,0.00,0.00,0.00,0.00,0.00,0.00,0.00,0.00,0.00,0.00,0.00,0.00,0.00,0.00,0.00,0.00,0.00,0.00,0.00,0.00,0.00,0.00,0.00,0.00,0.00,0.00,0.00,0.00,0.00,0.00,0.00,0.00,0.00,0.00,0.00,0.00,455.00,0.00,0.00,0.00,0.00,0.00,0.00,0.00,0.00,0.00,0.00,3,2,1,0,0.00,0.00,0.00,0.00,0.00,0.00,0.00,0.00,0.00,0.00,0.00,0.00,0.00,0.00,0.00,0.00,0.00,0.00,0.00,0.00,0.00,0.00,0.00,0.00,0.00,0.00,0.00,0.00,0.00,0.00,0.00,0.00,0.00,0.00,0.00,0.00,0.00,0.00,0.00,0.00,0.00,0.00,0.00,0.00,0.00,0.00,0.00,0.00,0.00,0.00,0.00,0.00,0.00,20433.00,0.00,0.00,0.00,0.00,1995.37
0.00,0.00,0.50,5.00,0.00,0.00,3.00,0.00,0.00,91.50,0.00,304.00,0.00,0.00,0.00,20.00,0.00,0.00,8451.00,0.00,0.00,0.00,0.00,2.00,0.00,2.00,0.00,40.00,697032,1159148,1343688,65.84,47168,536660,3746544,183.59,830292,350788,128,597320,99976,7344,28668,0,0,0,0.00,0,0.00,0,0,0.00,26652,7584,36877,0,0,459,0.00,0.00,0.00,0,0.00,0.00,0.00,0.00,0.00,0.00,2.00,0.00,20.00,10.00,0.00,56.00,0.00,0.00,16743.00,0.00,24356.37,0.00,0.00,0.00,0.00,0.00,0.00,0.00,0.00,1.00,0.00,0.00,0.00,0.00,0.00,0.00,0.00,0.00,0.00,0.00,0.00,0.00,0.00,0.00,0.00,0.00,0.00,0.00,0.00,0.00,0.00,0.00,721,3,5,0,0,0,16740.00,0.00,372.00,0.00,16740.00,372.00,0.00,0.00,0.00,0.00,0.00,0.00,0.00,0.00,0.00,0.00,0.00,0.00,0.00,0.00,0.00,0.00,0.00,0.00,0.00,0.00,0.00,0.00,0.00,0.00,0.00,0.00,0.00,0.00,0.00,0.00,0.00,0.00,0.00,0.00,0.00,0.00,0.00,0.00,372.00,0.00,0.00,0.00,0.00,0.00,0.00,0.00,0.00,0.00,0.00,3,2,1,0,0.00,0.00,0.00,0.00,0.00,0.00,0.00,0.00,0.00,0.00,0.00,0.00,0.00,0.00,0.00,0.00,0.00,0.00,0.00,0.00,0.00,0.00,0.00,0.00,0.00,0.00,0.00,0.00,0.00,0.00,0.00,0.00,0.00,0.00,0.00,0.00,0.00,0.00,0.00,0.00,0.00,0.00,0.00,0.00,0.00,0.00,0.00,0.00,0.00,0.00,0.00,0.00,0.00,16788.00,0.00,0.00,0.00,0.00,1995.37
0.49,0.00,0.00,0.00,0.49,0.00,3.45,0.00,0.00,95.57,0.00,294.00,0.00,0.00,0.00,0.00,0.00,0.00,7427.00,0.00,0.00,0.00,0.00,0.00,0.00,0.00,0.00,0.00,697032,1159148,1343688,65.84,47168,536672,3746544,183.59,830292,350788,140,597320,99976,7344,28668,0,0,0,0.00,0,0.00,0,0,0.00,26652,7584,36877,0,0,459,0.00,0.00,0.00,0,0.00,0.00,0.00,0.00,0.00,0.00,0.00,0.00,0.00,0.00,0.00,0.00,0.00,0.00,14716.00,0.00,21409.94,0.00,0.00,0.00,0.00,0.00,0.00,0.00,0.00,0.00,0.00,0.00,0.00,0.00,0.00,0.00,0.00,0.00,0.00,0.00,0.00,0.00,0.00,0.00,0.00,0.00,0.00,0.00,0.00,0.00,0.00,0.00,721,3,5,0,0,0,14715.00,0.00,327.00,0.00,14715.00,327.00,0.00,0.00,0.00,0.00,0.00,0.00,0.00,0.00,0.00,0.00,0.00,0.00,0.00,0.00,0.00,0.00,0.00,0.00,0.00,0.00,0.00,0.00,0.00,0.00,0.00,0.00,0.00,0.00,0.00,0.00,0.00,0.00,0.00,0.00,0.00,0.00,0.00,0.00,327.00,0.00,0.00,0.00,0.00,0.00,0.00,0.00,0.00,0.00,0.00,3,2,1,0,0.00,0.00,0.00,0.00,0.00,0.00,0.00,0.00,0.00,0.00,0.00,0.00,0.00,0.00,0.00,0.00,0.00,0.00,0.00,0.00,0.00,0.00,0.00,0.00,0.00,0.00,0.00,0.00,0.00,0.00,0.00,0.00,0.00,0.00,0.00,0.00,0.00,0.00,0.00,0.00,0.00,0.00,0.00,0.00,0.00,0.00,0.00,0.00,0.00,0.00,0.00,0.00,0.00,14671.00,0.00,0.00,0.00,0.00,1995.37
0.50,0.00,0.00,0.00,0.00,0.00,3.50,0.00,0.00,96.00,0.00,299.00,0.00,0.00,0.00,0.00,0.00,0.00,9755.00,0.00,0.00,0.00,0.00,0.00,0.00,0.00,0.00,0.00,697096,1159268,1343624,65.84,47168,536688,3746544,183.59,830300,350836,156,597320,99976,7344,28668,0,0,0,0.00,0,0.00,0,0,0.00,26652,7584,36877,0,0,459,0.00,0.00,0.00,0,0.00,0.00,0.00,0.00,0.00,0.00,0.00,0.00,0.00,0.00,0.00,0.00,0.00,0.00,19357.00,0.00,28154.07,0.00,0.00,0.00,0.00,0.00,0.00,0.00,0.00,1.00,0.00,0.00,0.00,0.00,0.00,0.00,0.00,0.00,0.00,0.00,0.00,0.00,0.00,0.00,0.00,0.00,0.00,0.00,0.00,0.00,0.00,0.00,721,3,5,0,0,0,19350.00,0.00,430.00,0.00,19350.00,430.00,0.00,0.00,0.00,0.00,0.00,0.00,0.00,0.00,0.00,0.00,0.00,0.00,0.00,0.00,0.00,0.00,0.00,0.00,0.00,0.00,0.00,0.00,0.00,0.00,0.00,0.00,0.00,0.00,0.00,0.00,0.00,0.00,0.00,0.00,0.00,0.00,0.00,0.00,430.00,0.00,0.00,0.00,0.00,0.00,0.00,0.00,0.00,0.00,0.00,3,2,1,0,0.00,0.00,0.00,0.00,0.00,0.00,0.00,0.00,0.00,0.00,0.00,0.00,0.00,0.00,0.00,0.00,0.00,0.00,0.00,0.00,0.00,0.00,0.00,0.00,0.00,0.00,0.00,0.00,0.00,0.00,0.00,0.00,0.00,0.00,0.00,0.00,0.00,0.00,0.00,0.00,0.00,0.00,0.00,0.00,0.00,0.00,0.00,0.00,0.00,0.00,0.00,0.00,0.00,19357.00,0.00,0.00,0.00,0.00,1995.37
0.00,0.00,0.00,0.00,0.00,0.00,3.50,0.00,0.00,96.50,0.00,285.00,0.00,0.00,0.00,0.00,0.00,0.00,8387.00,0.00,0.00,0.00,0.00,0.00,0.00,0.00,0.00,0.00,697064,1159236,1343656,65.84,47168,536704,3746544,183.59,830300,350836,172,597320,99976,7344,28668,0,0,0,0.00,0,0.00,0,0,0.00,26652,7584,36877,0,0,459,0.00,0.00,0.00,0,0.00,0.00,0.00,0.00,0.00,0.00,0.00,0.00,0.00,0.00,0.00,0.00,0.00,0.00,16700.00,0.00,24291.01,0.00,0.00,0.00,0.00,0.00,0.00,0.00,0.00,0.00,0.00,0.00,0.00,0.00,0.00,0.00,0.00,0.00,0.00,0.00,0.00,0.00,0.00,0.00,0.00,0.00,0.00,0.00,0.00,0.00,0.00,0.00,721,3,5,0,0,0,16695.00,0.00,371.00,0.00,16695.00,371.00,0.00,0.00,0.00,0.00,0.00,0.00,0.00,0.00,0.00,0.00,0.00,0.00,0.00,0.00,0.00,0.00,0.00,0.00,0.00,0.00,0.00,0.00,0.00,0.00,0.00,0.00,0.00,0.00,0.00,0.00,0.00,0.00,0.00,0.00,0.00,0.00,0.00,0.00,371.00,0.00,0.00,0.00,0.00,0.00,0.00,0.00,0.00,0.00,0.00,3,2,1,0,0.00,0.00,0.00,0.00,0.00,0.00,0.00,0.00,0.00,0.00,0.00,0.00,0.00,0.00,0.00,0.00,0.00,0.00,0.00,0.00,0.00,0.00,0.00,0.00,0.00,0.00,0.00,0.00,0.00,0.00,0.00,0.00,0.00,0.00,0.00,0.00,0.00,0.00,0.00,0.00,0.00,0.00,0.00,0.00,0.00,0.00,0.00,0.00,0.00,0.00,0.00,0.00,0.00,16700.00,0.00,0.00,0.00,0.00,1995.37
0.00,0.00,0.50,0.00,0.50,0.00,2.00,0.00,0.00,97.00,0.00,290.00,0.00,0.00,0.00,0.00,0.00,0.00,6867.00,0.00,0.00,0.00,0.00,0.00,0.00,0.00,0.00,0.00,697064,1159236,1343656,65.84,47168,536720,3746544,183.59,830300,350836,188,597320,99976,7344,28668,0,0,0,0.00,0,0.00,0,0,0.00,26652,7584,36877,0,0,459,0.00,0.00,0.00,0,0.00,0.00,0.00,0.00,0.00,0.00,0.00,0.00,0.00,0.00,0.00,0.00,0.00,0.00,13595.00,0.00,19773.33,0.00,0.00,0.00,0.00,0.00,0.00,0.00,0.00,1.00,0.00,0.00,0.00,0.00,0.00,0.00,0.00,0.00,0.00,0.00,0.00,0.00,0.00,0.00,0.00,0.00,0.00,0.00,0.00,0.00,0.00,0.00,721,3,5,0,0,0,13635.00,0.00,303.00,0.00,13635.00,303.00,0.00,0.00,0.00,0.00,0.00,0.00,0.00,0.00,0.00,0.00,0.00,0.00,0.00,0.00,0.00,0.00,0.00,0.00,0.00,0.00,0.00,0.00,0.00,0.00,0.00,0.00,0.00,0.00,0.00,0.00,0.00,0.00,0.00,0.00,0.00,0.00,0.00,0.00,303.00,0.00,0.00,0.00,0.00,0.00,0.00,0.00,0.00,0.00,0.00,3,2,1,0,0.00,0.00,0.00,0.00,0.00,0.00,0.00,0.00,0.00,0.00,0.00,0.00,0.00,0.00,0.00,0.00,0.00,0.00,0.00,0.00,0.00,0.00,0.00,0.00,0.00,0.00,0.00,0.00,0.00,0.00,0.00,0.00,0.00,0.00,0.00,0.00,0.00,0.00,0.00,0.00,0.00,0.00,0.00,0.00,0.00,0.00,0.00,0.00,0.00,0.00,0.00,0.00,0.00,13640.00,0.00,0.00,0.00,0.00,1995.37
0.50,0.00,0.00,2.50,0.00,0.00,1.50,0.00,0.00,95.50,0.00,299.00,0.00,0.00,0.00,12.00,0.00,0.00,5467.00,0.00,0.00,0.00,0.00,2.00,0.00,2.00,0.00,24.00,696908,1159136,1343812,65.85,47176,536736,3746544,183.59,830308,350884,204,597320,99976,7344,28668,0,0,0,0.00,0,0.00,0,0,0.00,26652,7584,36877,0,0,459,0.00,0.00,0.00,0,0.00,0.00,0.00,0.00,0.00,0.00,2.00,0.00,12.00,6.00,0.00,26.00,0.00,0.00,10849.00,0.00,15779.38,0.00,0.00,0.00,0.00,0.00,0.00,0.00,0.00,0.00,0.00,0.00,0.00,0.00,0.00,0.00,0.00,0.00,0.00,0.00,0.00,0.00,0.00,0.00,0.00,0.00,0.00,0.00,0.00,0.00,0.00,0.00,721,3,5,0,0,0,10800.00,0.00,240.00,0.00,10800.00,240.00,0.00,0.00,0.00,0.00,0.00,0.00,0.00,0.00,0.00,0.00,0.00,0.00,0.00,0.00,0.00,0.00,0.00,0.00,0.00,0.00,0.00,0.00,0.00,0.00,0.00,0.00,0.00,0.00,0.00,0.00,0.00,0.00,0.00,0.00,0.00,0.00,0.00,0.00,240.00,0.00,0.00,0.00,0.00,0.00,0.00,0.00,0.00,0.00,0.00,3,2,1,0,0.00,0.00,0.00,0.00,0.00,0.00,0.00,0.00,0.00,0.00,0.00,0.00,0.00,0.00,0.00,0.00,0.00,0.00,0.00,0.00,0.00,0.00,0.00,0.00,0.00,0.00,0.00,0.00,0.00,0.00,0.00,0.00,0.00,0.00,0.00,0.00,0.00,0.00,0.00,0.00,0.00,0.00,0.00,0.00,0.00,0.00,0.00,0.00,0.00,0.00,0.00,0.00,0.00,10804.00,0.00,0.00,0.00,0.00,1995.37
0.00,0.00,0.51,0.00,0.00,0.00,1.01,0.00,0.00,98.48,0.00,278.00,0.00,0.00,0.00,168.00,0.00,0.00,4595.00,0.00,0.00,0.00,0.00,1.00,0.00,1.00,0.00,336.00,696908,1159136,1343812,65.85,47176,536748,3746544,183.59,830308,350884,48,597320,99976,7344,28668,0,0,0,0.00,0,0.00,0,0,0.00,26652,7584,36877,0,0,459,0.00,0.00,0.00,0,0.00,0.00,0.00,0.00,0.00,0.00,1.00,0.00,168.00,168.00,0.00,0.00,0.00,0.00,9141.00,0.00,13291.50,0.00,0.00,0.00,0.00,0.00,0.00,0.00,0.00,1.00,0.00,0.00,0.00,0.00,0.00,0.00,0.00,0.00,0.00,0.00,0.00,0.00,0.00,0.00,0.00,0.00,0.00,0.00,0.00,0.00,0.00,0.00,721,3,5,0,0,0,9135.00,0.00,203.00,0.00,9135.00,203.00,0.00,0.00,0.00,0.00,0.00,0.00,0.00,0.00,0.00,0.00,0.00,0.00,0.00,0.00,0.00,0.00,0.00,0.00,0.00,0.00,0.00,0.00,0.00,0.00,0.00,0.00,0.00,0.00,0.00,0.00,0.00,0.00,0.00,0.00,0.00,0.00,0.00,0.00,203.00,0.00,0.00,0.00,0.00,0.00,0.00,0.00,0.00,0.00,0.00,3,2,1,0,0.00,0.00,0.00,0.00,0.00,0.00,0.00,0.00,0.00,0.00,0.00,0.00,0.00,0.00,0.00,0.00,0.00,0.00,0.00,0.00,0.00,0.00,0.00,0.00,0.00,0.00,0.00,0.00,0.00,0.00,0.00,0.00,0.00,0.00,0.00,0.00,0.00,0.00,0.00,0.00,0.00,0.00,0.00,0.00,0.00,0.00,0.00,0.00,0.00,0.00,0.00,0.00,0.00,9141.00,0.00,0.00,0.00,0.00,1995.37
0.00,0.00,0.00,0.00,0.00,0.00,2.01,0.00,0.00,97.99,0.00,280.00,0.00,0.00,0.00,0.00,2.00,0.00,6203.00,0.00,0.00,0.00,0.00,0.00,0.00,0.00,0.00,0.00,696940,1159208,1343780,65.85,47176,536764,3746544,183.59,830308,350924,20,597320,99976,7344,28668,0,0,0,0.00,0,0.00,0,0,0.00,26652,7584,36877,0,0,459,0.00,0.00,0.00,0,0.00,0.00,0.00,0.00,0.00,0.00,0.00,0.00,0.00,0.00,0.00,0.00,0.00,0.00,12294.00,0.00,17874.83,0.00,0.00,0.00,0.00,0.00,0.00,0.00,0.00,0.00,0.00,0.00,0.00,0.00,0.00,0.00,0.00,0.00,0.00,0.00,0.00,0.00,0.00,0.00,0.00,0.00,0.00,0.00,0.00,0.00,0.00,0.00,721,3,5,0,0,0,12285.00,0.00,273.00,0.00,12285.00,273.00,0.00,0.00,0.00,0.00,0.00,0.00,0.00,0.00,0.00,0.00,0.00,0.00,0.00,0.00,0.00,0.00,0.00,0.00,0.00,0.00,0.00,0.00,0.00,0.00,0.00,0.00,0.00,0.00,0.00,0.00,0.00,0.00,0.00,0.00,0.00,0.00,0.00,0.00,273.00,0.00,0.00,0.00,0.00,0.00,0.00,0.00,0.00,0.00,0.00,3,2,1,0,0.00,0.00,0.00,0.00,0.00,0.00,0.00,0.00,0.00,0.00,0.00,0.00,0.00,0.00,0.00,0.00,0.00,0.00,0.00,0.00,0.00,0.00,0.00,0.00,0.00,0.00,0.00,0.00,0.00,0.00,0.00,0.00,0.00,0.00,0.00,0.00,0.00,0.00,0.00,0.00,0.00,0.00,0.00,0.00,0.00,0.00,0.00,0.00,0.00,0.00,0.00,0.00,0.00,12294.00,0.00,0.00,0.00,0.00,1995.37
0.50,0.00,0.00,0.00,0.50,0.00,1.50,0.00,0.00,97.50,0.00,285.00,0.00,0.00,0.00,0.00,0.00,0.00,3979.00,0.00,0.00,0.00,0.00,0.00,0.00,0.00,0.00,0.00,696940,1159208,1343780,65.85,47176,536780,3746544,183.59,830308,350924,36,597320,99976,7344,28668,0,0,0,0.00,0,0.00,0,0,0.00,26652,7584,36877,0,0,459,0.00,0.00,0.00,0,0.00,0.00,0.00,0.00,0.00,0.00,0.00,0.00,0.00,0.00,0.00,0.00,0.00,0.00,7922.00,0.00,11523.48,0.00,0.00,0.00,0.00,0.00,0.00,0.00,0.00,1.00,0.00,0.00,0.00,0.00,0.00,0.00,0.00,0.00,0.00,0.00,0.00,0.00,0.00,0.00,0.00,0.00,0.00,0.00,0.00,0.00,0.00,0.00,721,3,5,0,0,0,7920.00,0.00,176.00,0.00,7920.00,176.00,0.00,0.00,0.00,0.00,0.00,0.00,0.00,0.00,0.00,0.00,0.00,0.00,0.00,0.00,0.00,0.00,0.00,0.00,0.00,0.00,0.00,0.00,0.00,0.00,0.00,0.00,0.00,0.00,0.00,0.00,0.00,0.00,0.00,0.00,0.00,0.00,0.00,0.00,176.00,0.00,0.00,0.00,0.00,0.00,0.00,0.00,0.00,0.00,0.00,3,2,1,0,0.00,0.00,0.00,0.00,0.00,0.00,0.00,0.00,0.00,0.00,0.00,0.00,0.00,0.00,0.00,0.00,0.00,0.00,0.00,0.00,0.00,0.00,0.00,0.00,0.00,0.00,0.00,0.00,0.00,0.00,0.00,0.00,0.00,0.00,0.00,0.00,0.00,0.00,0.00,0.00,0.00,0.00,0.00,0.00,0.00,0.00,0.00,0.00,0.00,0.00,0.00,0.00,0.00,7922.00,0.00,0.00,0.00,0.00,1995.37
1.00,0.00,0.00,0.00,0.00,0.00,2.00,0.00,0.00,97.00,0.00,287.00,0.00,0.00,0.00,0.00,11.00,0.00,5733.00,0.00,0.00,0.00,0.00,0.00,0.00,0.00,0.00,0.00,696940,1159212,1343780,65.85,47176,536796,3746544,183.59,830308,350924,52,597336,99980,7344,28668,0,0,0,0.00,0,0.00,0,0,0.00,26652,7584,36877,0,0,459,0.00,0.00,0.00,0,0.00,0.00,0.00,0.00,0.00,0.00,0.00,0.00,0.00,0.00,0.00,0.00,0.00,0.00,11387.00,0.00,16564.95,0.00,0.00,0.00,0.00,0.00,0.00,0.00,0.00,0.00,0.00,0.00,0.00,0.00,0.00,0.00,0.00,0.00,0.00,0.00,0.00,0.00,0.00,0.00,0.00,0.00,0.00,0.00,0.00,0.00,0.00,0.00,721,3,5,0,0,0,11385.00,0.00,253.00,0.00,11385.00,253.00,0.00,0.00,0.00,0.00,0.00,0.00,0.00,0.00,0.00,0.00,0.00,0.00,0.00,0.00,0.00,0.00,0.00,0.00,0.00,0.00,0.00,0.00,0.00,0.00,0.00,0.00,0.00,0.00,0.00,0.00,0.00,0.00,0.00,0.00,0.00,0.00,0.00,0.00,253.00,0.00,0.00,0.00,0.00,0.00,0.00,0.00,0.00,0.00,0.00,3,2,1,0,0.00,0.00,0.00,0.00,0.00,0.00,0.00,0.00,0.00,0.00,0.00,0.00,0.00,0.00,0.00,0.00,0.00,0.00,0.00,0.00,0.00,0.00,0.00,0.00,0.00,0.00,0.00,0.00,0.00,0.00,0.00,0.00,0.00,0.00,0.00,0.00,0.00,0.00,0.00,0.00,0.00,0.00,0.00,0.00,0.00,0.00,0.00,0.00,0.00,0.00,0.00,0.00,0.00,11387.00,0.00,0.00,0.00,0.00,1995.37
0.00,0.00,0.51,1.02,0.00,0.00,1.02,0.00,0.00,97.46,0.00,295.00,0.00,0.00,0.00,20.00,0.00,0.00,6619.00,0.00,0.00,0.00,0.00,2.00,0.00,2.00,0.00,40.00,696940,1159252,1343780,65.85,47184,536812,3746544,183.59,830328,350960,76,597336,99980,7344,28668,0,0,0,0.00,0,0.00,0,0,0.00,26652,7584,36877,0,0,459,0.00,0.00,0.00,0,0.00,0.00,0.00,0.00,0.00,0.00,2.00,0.00,20.00,10.00,0.00,14.00,0.00,0.00,13142.00,0.00,19118.42,0.00,0.00,0.00,0.00,0.00,0.00,0.00,0.00,1.00,0.00,0.00,0.00,0.00,0.00,0.00,0.00,0.00,0.00,0.00,0.00,0.00,0.00,0.00,0.00,0.00,0.00,0.00,0.00,0.00,0.00,0.00,721,3,5,0,0,0,13140.00,0.00,292.00,0.00,13140.00,292.00,0.00,0.00,0.00,0.00,0.00,0.00,0.00,0.00,0.00,0.00,0.00,0.00,0.00,0.00,0.00,0.00,0.00,0.00,0.00,0.00,0.00,0.00,0.00,0.00,0.00,0.00,0.00,0.00,0.00,0.00,0.00,0.00,0.00,0.00,0.00,0.00,0.00,0.00,292.00,0.00,0.00,0.00,0.00,0.00,0.00,0.00,0.00,0.00,0.00,3,2,1,0,0.00,0.00,0.00,0.00,0.00,0.00,0.00,0.00,0.00,0.00,0.00,0.00,0.00,0.00,0.00,0.00,0.00,0.00,0.00,0.00,0.00,0.00,0.00,0.00,0.00,0.00,0.00,0.00,0.00,0.00,0.00,0.00,0.00,0.00,0.00,0.00,0.00,0.00,0.00,0.00,0.00,0.00,0.00,0.00,0.00,0.00,0.00,0.00,0.00,0.00,0.00,0.00,0.00,13142.00,0.00,0.00,0.00,0.00,1995.37
0.00,0.00,0.00,0.00,0.00,0.00,0.51,0.00,0.00,99.49,0.00,239.00,0.00,0.00,0.00,0.00,0.00,0.00,1867.00,0.00,0.00,0.00,0.00,0.00,0.00,0.00,0.00,0.00,696972,1159284,1343748,65.85,47184,536824,3746544,183.59,830328,350960,88,597336,99980,7344,28668,0,0,0,0.00,0,0.00,0,0,0.00,26652,7584,36877,0,0,459,0.00,0.00,0.00,0,0.00,0.00,0.00,0.00,0.00,0.00,0.00,0.00,0.00,0.00,0.00,0.00,0.00,0.00,3707.00,0.00,5370.07,0.00,0.00,0.00,0.00,0.00,0.00,0.00,0.00,0.00,0.00,0.00,0.00,0.00,0.00,0.00,0.00,0.00,0.00,0.00,0.00,0.00,0.00,0.00,0.00,0.00,0.00,0.00,0.00,0.00,0.00,0.00,721,3,5,0,0,0,3700.00,0.00,87.00,0.00,3690.00,82.00,0.00,0.00,0.00,0.00,0.00,0.00,0.00,0.00,0.00,0.00,0.00,0.00,0.00,0.00,0.00,0.00,0.00,0.00,0.00,0.00,0.00,0.00,0.00,0.00,0.00,0.00,0.00,0.00,0.00,0.00,0.00,0.00,0.00,0.00,0.00,0.00,0.00,0.00,82.00,0.00,0.00,0.00,0.00,0.00,0.00,0.00,0.00,0.00,0.00,3,2,1,0,0.00,0.00,0.00,0.00,0.00,0.00,0.00,0.00,0.00,0.00,0.00,0.00,0.00,0.00,0.00,0.00,0.00,0.00,0.00,0.00,0.00,0.00,0.00,0.00,0.00,0.00,0.00,0.00,0.00,0.00,0.00,0.00,0.00,0.00,0.00,0.00,0.00,0.00,0.00,0.00,0.00,0.00,0.00,0.00,0.00,0.00,0.00,0.00,0.00,0.00,0.00,0.00,0.00,3707.00,0.00,0.00,0.00,0.00,1995.37
0.50,0.00,0.50,0.00,0.50,0.00,0.50,0.00,0.00,98.01,0.00,286.00,0.00,0.00,0.00,0.00,0.00,0.00,1660.00,0.00,0.00,0.00,0.00,0.00,0.00,0.00,0.00,0.00,696912,1159224,1343808,65.85,47184,536840,3746544,183.59,830328,350960,104,597336,99980,7344,28668,0,0,0,0.00,0,0.00,0,0,0.00,26652,7584,36877,0,0,459,0.00,0.00,0.00,0,0.00,0.00,0.00,0.00,0.00,0.00,0.00,0.00,0.00,0.00,0.00,0.00,0.00,0.00,3304.00,0.00,4781.27,0.00,0.00,0.00,0.00,0.00,0.00,0.00,0.00,1.00,0.00,0.00,0.00,0.00,0.00,0.00,0.00,0.00,0.00,0.00,0.00,0.00,0.00,0.00,0.00,0.00,0.00,0.00,0.00,0.00,0.00,0.00,721,3,5,0,0,0,3303.00,0.00,80.00,0.00,3285.00,73.00,0.00,0.00,0.00,0.00,0.00,0.00,0.00,0.00,0.00,0.00,0.00,0.00,0.00,0.00,0.00,0.00,0.00,0.00,0.00,0.00,0.00,0.00,0.00,0.00,0.00,0.00,0.00,0.00,0.00,0.00,0.00,0.00,0.00,0.00,0.00,0.00,0.00,0.00,73.00,0.00,0.00,0.00,0.00,0.00,0.00,0.00,0.00,0.00,0.00,3,2,1,0,0.00,0.00,0.00,0.00,0.00,0.00,0.00,0.00,0.00,0.00,0.00,0.00,0.00,0.00,0.00,0.00,0.00,0.00,0.00,0.00,0.00,0.00,0.00,0.00,0.00,0.00,0.00,0.00,0.00,0.00,0.00,0.00,0.00,0.00,0.00,0.00,0.00,0.00,0.00,0.00,0.00,0.00,0.00,0.00,0.00,0.00,0.00,0.00,0.00,0.00,0.00,0.00,0.00,3304.00,0.00,0.00,0.00,0.00,1995.37
0.00,0.00,0.00,0.00,0.00,0.00,0.51,0.00,0.00,99.49,0.00,261.00,0.00,0.00,0.00,0.00,0.00,0.00,3440.00,0.00,0.00,0.00,0.00,0.00,0.00,0.00,0.00,0.00,696752,1159120,1343968,65.86,47184,536856,3746544,183.59,830328,351016,120,597336,99980,7344,28668,0,0,0,0.00,0,0.00,0,0,0.00,26652,7584,36877,0,0,459,0.00,0.00,0.00,0,0.00,0.00,0.00,0.00,0.00,0.00,0.00,0.00,0.00,0.00,0.00,0.00,0.00,0.00,6816.00,0.00,9888.86,0.00,0.00,0.00,0.00,0.00,0.00,0.00,0.00,0.00,0.00,0.00,0.00,0.00,0.00,0.00,0.00,0.00,0.00,0.00,0.00,0.00,0.00,0.00,0.00,0.00,0.00,0.00,0.00,0.00,0.00,0.00,721,3,5,0,0,0,6809.00,0.00,165.00,0.00,6795.00,151.00,0.00,0.00,0.00,0.00,0.00,0.00,0.00,0.00,0.00,0.00,0.00,0.00,0.00,0.00,0.00,0.00,0.00,0.00,0.00,0.00,0.00,0.00,0.00,0.00,0.00,0.00,0.00,0.00,0.00,0.00,0.00,0.00,0.00,0.00,0.00,0.00,0.00,0.00,151.00,0.00,0.00,0.00,0.00,0.00,0.00,3.00,0.00,0.00,0.00,3,2,1,0,0.00,0.00,0.00,0.00,0.00,0.00,0.00,0.00,0.00,0.00,0.00,0.00,0.00,0.00,0.00,0.00,0.00,0.00,0.00,0.00,0.00,0.00,0.00,0.00,0.00,0.00,0.00,0.00,0.00,0.00,0.00,0.00,0.00,0.00,0.00,0.00,0.00,0.00,0.00,0.00,0.00,0.00,0.00,0.00,0.00,0.00,0.00,0.00,0.00,0.00,0.00,0.00,0.00,6816.00,0.00,0.00,0.00,0.00,1995.37
0.50,0.00,0.50,0.00,0.00,0.00,0.50,0.00,0.00,98.50,0.00,198.00,0.00,0.00,0.00,0.00,2.00,0.00,1385.00,0.00,0.00,0.00,0.00,0.00,0.00,0.00,0.00,0.00,696816,1159184,1343904,65.85,47184,536872,3746544,183.59,830328,351016,136,597336,99980,7344,28668,0,0,0,0.00,0,0.00,0,0,0.00,26652,7584,36877,0,0,459,0.00,0.00,0.00,0,0.00,0.00,0.00,0.00,0.00,0.00,0.00,0.00,0.00,0.00,0.00,0.00,0.00,0.00,2722.00,0.00,3930.87,0.00,0.00,0.00,0.00,0.00,0.00,0.00,0.00,1.00,0.00,0.00,0.00,0.00,0.00,0.00,0.00,0.00,0.00,0.00,0.00,0.00,0.00,0.00,0.00,0.00,0.00,0.00,0.00,0.00,0.00,0.00,721,3,5,0,0,0,2720.00,0.00,73.00,0.00,2700.00,60.00,0.00,0.00,0.00,0.00,0.00,0.00,0.00,0.00,0.00,0.00,0.00,0.00,0.00,0.00,0.00,0.00,0.00,0.00,0.00,0.00,0.00,0.00,0.00,0.00,0.00,0.00,0.00,0.00,0.00,0.00,0.00,0.00,0.00,0.00,0.00,0.00,0.00,0.00,60.00,0.00,0.00,0.00,0.00,0.00,0.00,9.00,0.00,0.00,0.00,3,2,1,0,0.00,0.00,0.00,0.00,0.00,0.00,0.00,0.00,0.00,0.00,0.00,0.00,0.00,0.00,0.00,0.00,0.00,0.00,0.00,0.00,0.00,0.00,0.00,0.00,0.00,0.00,0.00,0.00,0.00,0.00,0.00,0.00,0.00,0.00,0.00,0.00,0.00,0.00,0.00,0.00,0.00,0.00,0.00,0.00,0.00,0.00,0.00,0.00,0.00,0.00,0.00,0.00,0.00,2722.00,0.00,0.00,0.00,0.00,1995.37
0.00,0.00,0.00,2.51,0.00,0.00,0.50,0.00,0.00,96.98,0.00,126.00,0.00,0.00,0.00,12.00,0.00,0.00,2181.00,0.00,0.00,0.00,0.00,2.00,0.00,2.00,0.00,24.00,696816,1159184,1343904,65.85,47192,536888,3746544,183.59,830328,351016,152,597336,99980,7344,28668,0,0,0,0.00,0,0.00,0,0,0.00,26652,7584,36877,0,0,459,0.00,0.00,0.00,0,0.00,0.00,0.00,0.00,0.00,0.00,2.00,0.00,12.00,6.00,0.00,26.00,0.00,0.00,4351.00,0.00,6288.01,0.00,0.00,0.00,0.00,0.00,0.00,0.00,0.00,0.00,0.00,0.00,0.00,0.00,0.00,0.00,0.00,0.00,0.00,0.00,0.00,0.00,0.00,0.00,0.00,0.00,0.00,0.00,0.00,0.00,0.00,0.00,721,3,5,0,0,0,4343.00,0.00,105.00,0.00,4320.00,96.00,0.00,0.00,0.00,0.00,0.00,0.00,0.00,0.00,0.00,0.00,0.00,0.00,0.00,0.00,0.00,0.00,0.00,0.00,0.00,0.00,0.00,0.00,0.00,0.00,0.00,0.00,0.00,0.00,0.00,0.00,0.00,0.00,0.00,0.00,0.00,0.00,0.00,0.00,96.00,0.00,0.00,0.00,0.00,0.00,0.00,1.00,0.00,0.00,0.00,3,2,1,0,0.00,0.00,0.00,0.00,0.00,0.00,0.00,0.00,0.00,0.00,0.00,0.00,0.00,0.00,0.00,0.00,0.00,0.00,0.00,0.00,0.00,0.00,0.00,0.00,0.00,0.00,0.00,0.00,0.00,0.00,0.00,0.00,0.00,0.00,0.00,0.00,0.00,0.00,0.00,0.00,0.00,0.00,0.00,0.00,0.00,0.00,0.00,0.00,0.00,0.00,0.00,0.00,0.00,4351.00,0.00,0.00,0.00,0.00,1995.37
0.00,0.00,0.50,0.00,0.00,0.00,0.50,0.00,0.00,99.00,0.00,90.00,0.00,0.00,0.00,0.00,0.00,0.00,1516.00,0.00,0.00,0.00,0.00,0.00,0.00,0.00,0.00,0.00,696816,1159240,1343904,65.85,47192,536900,3746544,183.59,830336,351064,164,597336,99980,7344,28668,0,0,0,0.00,0,0.00,0,0,0.00,26652,7584,36877,0,0,459,0.00,0.00,0.00,0,0.00,0.00,0.00,0.00,0.00,0.00,0.00,0.00,0.00,0.00,0.00,0.00,0.00,0.00,2991.00,0.00,4323.16,0.00,0.00,0.00,0.00,0.00,0.00,0.00,0.00,1.00,0.00,0.00,0.00,0.00,0.00,0.00,0.00,0.00,0.00,0.00,0.00,0.00,0.00,0.00,0.00,0.00,0.00,0.00,0.00,0.00,0.00,0.00,721,3,5,0,0,0,2984.00,0.00,76.00,0.00,2970.00,66.00,0.00,0.00,0.00,0.00,0.00,0.00,0.00,0.00,0.00,0.00,0.00,0.00,0.00,0.00,0.00,0.00,0.00,0.00,0.00,0.00,0.00,0.00,0.00,0.00,0.00,0.00,0.00,0.00,0.00,0.00,0.00,0.00,0.00,0.00,0.00,0.00,0.00,0.00,66.00,0.00,0.00,0.00,0.00,0.00,0.00,0.00,0.00,0.00,0.00,3,2,1,0,0.00,0.00,0.00,0.00,0.00,0.00,0.00,0.00,0.00,0.00,0.00,0.00,0.00,0.00,0.00,0.00,0.00,0.00,0.00,0.00,0.00,0.00,0.00,0.00,0.00,0.00,0.00,0.00,0.00,0.00,0.00,0.00,0.00,0.00,0.00,0.00,0.00,0.00,0.00,0.00,0.00,0.00,0.00,0.00,0.00,0.00,0.00,0.00,0.00,0.00,0.00,0.00,0.00,2991.00,0.00,0.00,0.00,0.00,1995.37
0.00,0.00,0.00,0.00,0.00,0.00,0.00,0.00,0.00,100.00,0.00,70.00,0.00,0.00,0.00,172.00,0.00,0.00,33.00,0.00,0.00,0.00,0.00,1.00,0.00,1.00,0.00,344.00,696848,1159272,1343872,65.85,47192,536916,3746544,183.59,830336,351064,0,597336,99980,7344,28668,0,0,0,0.00,0,0.00,0,0,0.00,26652,7584,36877,0,0,459,0.00,0.00,0.00,0,0.00,0.00,0.00,0.00,0.00,0.00,1.00,0.00,172.00,172.00,0.00,0.00,0.00,0.00,59.00,0.00,66.93,0.00,0.00,0.00,0.00,0.00,0.00,0.00,0.00,0.00,0.00,0.00,0.00,0.00,0.00,0.00,0.00,0.00,0.00,0.00,0.00,0.00,0.00,0.00,0.00,0.00,0.00,0.00,0.00,0.00,0.00,0.00,721,3,5,0,0,0,53.00,0.00,8.00,0.00,45.00,1.00,0.00,0.00,0.00,0.00,0.00,0.00,0.00,0.00,0.00,0.00,0.00,0.00,0.00,0.00,0.00,0.00,0.00,0.00,0.00,0.00,0.00,0.00,0.00,0.00,0.00,0.00,0.00,0.00,0.00,0.00,0.00,0.00,0.00,0.00,0.00,0.00,0.00,0.00,1.00,0.00,0.00,0.00,0.00,0.00,0.00,4.00,0.00,0.00,0.00,3,2,1,0,0.00,0.00,0.00,0.00,0.00,0.00,0.00,0.00,0.00,0.00,0.00,0.00,0.00,0.00,0.00,0.00,0.00,0.00,0.00,0.00,0.00,0.00,0.00,0.00,0.00,0.00,0.00,0.00,0.00,0.00,0.00,0.00,0.00,0.00,0.00,0.00,0.00,0.00,0.00,0.00,0.00,0.00,0.00,0.00,0.00,0.00,0.00,0.00,0.00,0.00,0.00,0.00,0.00,59.00,0.00,0.00,0.00,0.00,1995.37
0.50,0.00,0.50,0.00,0.00,0.00,0.00,0.00,0.00,99.00,0.00,47.00,0.00,0.00,0.00,0.00,0.00,0.00,15.00,0.00,0.00,0.00,0.00,0.00,0.00,0.00,0.00,0.00,696944,1159368,1343776,65.85,47192,536932,3746544,183.59,830336,351064,20,597336,99984,7344,28668,0,0,0,0.00,0,0.00,0,0,0.00,26652,7584,36877,0,0,459,0.00,0.00,0.00,0,0.00,0.00,0.00,0.00,0.00,0.00,0.00,0.00,0.00,0.00,0.00,0.00,0.00,0.00,8.00,0.00,0.51,0.00,0.00,0.00,0.00,0.00,0.00,0.00,0.00,1.00,0.00,0.00,0.00,0.00,0.00,0.00,0.00,0.00,0.00,0.00,0.00,0.00,0.00,0.00,0.00,0.00,0.00,0.00,0.00,0.00,0.00,0.00,721,3,5,0,0,0,2.00,0.00,2.00,0.00,0.00,0.00,0.00,0.00,0.00,0.00,0.00,0.00,0.00,0.00,0.00,0.00,0.00,0.00,0.00,0.00,0.00,0.00,0.00,0.00,0.00,0.00,0.00,0.00,0.00,0.00,0.00,0.00,0.00,0.00,0.00,0.00,0.00,0.00,0.00,0.00,0.00,0.00,0.00,0.00,0.00,0.00,0.00,0.00,0.00,0.00,0.00,2.00,0.00,0.00,0.00,3,2,1,0,0.00,0.00,0.00,0.00,0.00,0.00,0.00,0.00,0.00,0.00,0.00,0.00,0.00,0.00,0.00,0.00,0.00,0.00,0.00,0.00,0.00,0.00,0.00,0.00,0.00,0.00,0.00,0.00,0.00,0.00,0.00,0.00,0.00,0.00,0.00,0.00,0.00,0.00,0.00,0.00,0.00,0.00,0.00,0.00,0.00,0.00,0.00,0.00,0.00,0.00,0.00,0.00,0.00,8.00,0.00,0.00,0.00,0.00,1995.37
1.50,0.00,0.00,0.00,0.00,0.00,0.00,0.00,0.00,98.50,0.00,68.00,0.00,0.00,0.00,0.00,5.00,0.00,34.00,0.00,0.00,0.00,0.00,0.00,0.00,0.00,0.00,0.00,696628,1159052,1344092,65.86,47192,536948,3746544,183.59,830336,351064,36,597336,99984,7344,28668,0,0,0,0.00,0,0.00,0,0,0.00,26652,7584,36877,0,1,459,0.00,0.00,0.00,0,0.00,0.00,0.00,0.00,0.00,0.00,0.00,0.00,0.00,0.00,0.00,0.00,0.00,0.00,51.00,0.00,65.85,0.00,0.00,0.00,0.00,0.00,0.00,0.00,0.00,2.00,0.00,0.00,0.00,0.00,0.00,0.00,0.00,0.00,0.00,0.00,0.00,0.00,0.00,0.00,0.00,0.00,0.00,0.00,0.00,0.00,0.00,0.00,721,3,5,0,0,0,45.00,0.00,1.00,0.00,45.00,1.00,0.00,0.00,0.00,0.00,0.00,0.00,0.00,0.00,0.00,0.00,0.00,0.00,0.00,0.00,0.00,0.00,0.00,0.00,0.00,0.00,0.00,0.00,0.00,0.00,0.00,0.00,0.00,0.00,0.00,0.00,0.00,0.00,0.00,0.00,0.00,0.00,0.00,0.00,1.00,0.00,0.00,0.00,0.00,0.00,0.00,0.00,0.00,0.00,0.00,3,2,1,0,0.00,0.00,0.00,0.00,0.00,0.00,0.00,0.00,0.00,0.00,0.00,0.00,0.00,0.00,0.00,0.00,0.00,0.00,0.00,0.00,0.00,0.00,0.00,0.00,0.00,0.00,0.00,0.00,0.00,0.00,0.00,0.00,0.00,0.00,0.00,0.00,0.00,0.00,0.00,0.00,0.00,0.00,0.00,0.00,0.00,0.00,0.00,0.00,0.00,0.00,0.00,0.00,0.00,51.00,0.00,0.00,0.00,0.00,1995.37
0.50,0.00,0.00,5.50,0.00,0.00,0.00,0.00,0.00,94.00,0.00,96.00,0.00,0.00,0.00,20.00,0.00,0.00,14.00,0.00,0.00,0.00,0.00,2.00,0.00,2.00,0.00,40.00,696628,1159100,1344092,65.86,47200,536964,3746544,183.59,830320,351108,60,597316,99984,7344,28668,0,0,0,0.00,0,0.00,0,0,0.00,26652,7584,36877,0,0,459,0.00,0.00,0.00,0,0.00,0.00,0.00,0.00,0.00,0.00,2.00,0.00,20.00,10.00,0.00,56.00,0.00,0.00,8.00,0.00,0.55,0.00,0.00,0.00,0.00,0.00,0.00,0.00,0.00,1.00,0.00,0.00,0.00,0.00,0.00,0.00,0.00,0.00,0.00,0.00,0.00,0.00,0.00,0.00,0.00,0.00,0.00,0.00,0.00,0.00,0.00,0.00,721,3,5,0,0,0,5.00,0.00,3.00,0.00,0.00,0.00,0.00,0.00,0.00,0.00,0.00,0.00,0.00,0.00,0.00,0.00,0.00,0.00,0.00,0.00,0.00,0.00,0.00,0.00,0.00,0.00,0.00,0.00,0.00,0.00,0.00,0.00,0.00,0.00,0.00,0.00,0.00,0.00,0.00,0.00,0.00,0.00,0.00,0.00,0.00,0.00,0.00,0.00,0.00,0.00,0.00,2.00,0.00,0.00,0.00,3,2,1,0,0.00,0.00,0.00,0.00,0.00,0.00,0.00,0.00,0.00,0.00,0.00,0.00,0.00,0.00,0.00,0.00,0.00,0.00,0.00,0.00,0.00,0.00,0.00,0.00,0.00,0.00,0.00,0.00,0.00,0.00,0.00,0.00,0.00,0.00,0.00,0.00,0.00,0.00,0.00,0.00,0.00,0.00,0.00,0.00,0.00,0.00,0.00,0.00,0.00,0.00,0.00,0.00,0.00,8.00,0.00,0.00,0.00,0.00,1995.37
0.50,0.00,0.00,0.00,0.00,0.00,1.00,0.00,0.00,98.50,0.00,78.00,0.00,0.00,0.00,0.00,0.00,0.00,2132.00,0.00,0.00,0.00,0.00,0.00,0.00,0.00,0.00,0.00,696660,1159132,1344060,65.86,47200,536976,3746544,183.59,830320,351108,72,597316,99984,7344,28668,0,0,0,0.00,0,0.00,0,0,0.00,26652,7584,36877,0,0,459,0.00,0.00,0.00,0,0.00,0.00,0.00,0.00,0.00,0.00,0.00,0.00,0.00,0.00,0.00,0.00,0.00,0.00,4236.00,0.00,6155.16,0.00,0.00,0.00,0.00,0.00,0.00,0.00,0.00,0.00,0.00,0.00,0.00,0.00,0.00,0.00,0.00,0.00,0.00,0.00,0.00,0.00,0.00,0.00,0.00,0.00,0.00,0.00,0.00,0.00,0.00,0.00,721,3,5,0,0,0,4234.00,0.00,96.00,0.00,4230.00,94.00,0.00,0.00,0.00,0.00,0.00,0.00,0.00,0.00,0.00,0.00,0.00,0.00,0.00,0.00,0.00,0.00,0.00,0.00,0.00,0.00,0.00,0.00,0.00,0.00,0.00,0.00,0.00,0.00,0.00,0.00,0.00,0.00,0.00,0.00,0.00,0.00,0.00,0.00,94.00,0.00,0.00,0.00,0.00,0.00,0.00,1.00,0.00,0.00,0.00,3,2,1,0,0.00,0.00,0.00,0.00,0.00,0.00,0.00,0.00,0.00,0.00,0.00,0.00,0.00,0.00,0.00,0.00,0.00,0.00,0.00,0.00,0.00,0.00,0.00,0.00,0.00,0.00,0.00,0.00,0.00,0.00,0.00,0.00,0.00,0.00,0.00,0.00,0.00,0.00,0.00,0.00,0.00,0.00,0.00,0.00,0.00,0.00,0.00,0.00,0.00,0.00,0.00,0.00,0.00,4236.00,0.00,0.00,0.00,0.00,1995.37
0.50,0.00,0.00,0.00,0.00,0.00,0.00,0.00,0.00,99.50,0.00,38.00,0.00,0.00,0.00,0.00,0.00,0.00,196.00,0.00,0.00,0.00,0.00,0.00,0.00,0.00,0.00,0.00,696628,1159100,1344092,65.86,47200,536992,3746544,183.59,830320,351108,88,597316,99984,7344,28668,0,0,0,0.00,0,0.00,0,0,0.00,26652,7584,36877,0,0,459,0.00,0.00,0.00,0,0.00,0.00,0.00,0.00,0.00,0.00,0.00,0.00,0.00,0.00,0.00,0.00,0.00,0.00,364.00,0.00,524.36,0.00,0.00,0.00,0.00,0.00,0.00,0.00,0.00,2.00,0.00,0.00,0.00,0.00,0.00,0.00,0.00,0.00,0.00,0.00,0.00,0.00,0.00,0.00,0.00,0.00,0.00,0.00,0.00,0.00,0.00,0.00,721,3,5,0,0,0,361.00,0.00,9.00,0.00,360.00,8.00,0.00,0.00,0.00,0.00,0.00,0.00,0.00,0.00,0.00,0.00,0.00,0.00,0.00,0.00,0.00,0.00,0.00,0.00,0.00,0.00,0.00,0.00,0.00,0.00,0.00,0.00,0.00,0.00,0.00,0.00,0.00,0.00,0.00,0.00,0.00,0.00,0.00,0.00,8.00,0.00,0.00,0.00,0.00,0.00,0.00,0.00,0.00,0.00,0.00,3,2,1,0,0.00,0.00,0.00,0.00,0.00,0.00,0.00,0.00,0.00,0.00,0.00,0.00,0.00,0.00,0.00,0.00,0.00,0.00,0.00,0.00,0.00,0.00,0.00,0.00,0.00,0.00,0.00,0.00,0.00,0.00,0.00,0.00,0.00,0.00,0.00,0.00,0.00,0.00,0.00,0.00,0.00,0.00,0.00,0.00,0.00,0.00,0.00,0.00,0.00,0.00,0.00,0.00,0.00,364.00,0.00,0.00,0.00,0.00,1995.37
0.50,0.00,0.00,0.00,0.00,0.00,0.00,0.00,0.00,99.50,0.00,54.00,0.00,0.00,0.00,96.00,0.00,0.00,1451.00,0.00,0.00,0.00,0.00,1.00,0.00,1.00,0.00,192.00,696628,1159156,1344092,65.86,47200,537008,3746544,183.59,830328,351156,0,597316,99984,7344,28668,0,0,0,0.00,0,0.00,0,0,0.00,26652,7584,36877,0,0,459,0.00,0.00,0.00,0,0.00,0.00,0.00,0.00,0.00,0.00,1.00,0.00,96.00,96.00,0.00,0.00,0.00,0.00,2891.00,0.00,4191.06,0.00,0.00,0.00,0.00,0.00,0.00,0.00,0.00,0.00,0.00,0.00,0.00,0.00,0.00,0.00,0.00,0.00,0.00,0.00,0.00,0.00,0.00,0.00,0.00,0.00,0.00,0.00,0.00,0.00,0.00,0.00,721,3,5,0,0,0,2886.00,0.00,67.00,0.00,2880.00,64.00,0.00,0.00,0.00,0.00,0.00,0.00,0.00,0.00,0.00,0.00,0.00,0.00,0.00,0.00,0.00,0.00,0.00,0.00,0.00,0.00,0.00,0.00,0.00,0.00,0.00,0.00,0.00,0.00,0.00,0.00,0.00,0.00,0.00,0.00,0.00,0.00,0.00,0.00,64.00,0.00,0.00,0.00,0.00,0.00,0.00,0.00,0.00,0.00,0.00,3,2,1,0,0.00,0.00,0.00,0.00,0.00,0.00,0.00,0.00,0.00,0.00,0.00,0.00,0.00,0.00,0.00,0.00,0.00,0.00,0.00,0.00,0.00,0.00,0.00,0.00,0.00,0.00,0.00,0.00,0.00,0.00,0.00,0.00,0.00,0.00,0.00,0.00,0.00,0.00,0.00,0.00,0.00,0.00,0.00,0.00,0.00,0.00,0.00,0.00,0.00,0.00,0.00,0.00,0.00,2891.00,0.00,0.00,0.00,0.00,1995.37
0.00,0.00,0.50,0.00,0.00,0.00,1.00,0.00,0.00,98.51,0.00,77.00,0.00,0.00,0.00,0.00,0.00,0.00,1227.00,0.00,0.00,0.00,0.00,0.00,0.00,0.00,0.00,0.00,696692,1159220,1344028,65.86,47200,537024,3746544,183.59,830328,351156,20,597316,99984,7344,28668,0,0,0,0.00,0,0.00,0,0,0.00,26652,7584,36877,0,0,459,0.00,0.00,0.00,0,0.00,0.00,0.00,0.00,0.00,0.00,0.00,0.00,0.00,0.00,0.00,0.00,0.00,0.00,2444.00,0.00,3536.53,0.00,0.00,0.00,0.00,0.00,0.00,0.00,0.00,1.00,0.00,0.00,0.00,0.00,0.00,0.00,0.00,0.00,0.00,0.00,0.00,0.00,0.00,0.00,0.00,0.00,0.00,0.00,0.00,0.00,0.00,0.00,721,3,5,0,0,0,2437.00,0.00,58.00,0.00,2430.00,54.00,0.00,0.00,0.00,0.00,0.00,0.00,0.00,0.00,0.00,0.00,0.00,0.00,0.00,0.00,0.00,0.00,0.00,0.00,0.00,0.00,0.00,0.00,0.00,0.00,0.00,0.00,0.00,0.00,0.00,0.00,0.00,0.00,0.00,0.00,0.00,0.00,0.00,0.00,54.00,0.00,0.00,0.00,0.00,0.00,0.00,0.00,0.00,0.00,0.00,3,2,1,0,0.00,0.00,0.00,0.00,0.00,0.00,0.00,0.00,0.00,0.00,0.00,0.00,0.00,0.00,0.00,0.00,0.00,0.00,0.00,0.00,0.00,0.00,0.00,0.00,0.00,0.00,0.00,0.00,0.00,0.00,0.00,0.00,0.00,0.00,0.00,0.00,0.00,0.00,0.00,0.00,0.00,0.00,0.00,0.00,0.00,0.00,0.00,0.00,0.00,0.00,0.00,0.00,0.00,2444.00,0.00,0.00,0.00,0.00,1995.37
0.00,0.00,0.50,2.00,0.00,0.00,0.00,0.00,0.00,97.50,0.00,68.00,0.00,0.00,0.00,20.00,0.00,0.00,147.00,0.00,0.00,0.00,0.00,2.00,0.00,2.00,0.00,40.00,696660,1159188,1344060,65.86,47208,537040,3746544,183.59,830328,351156,44,597316,99984,7344,28668,0,0,0,0.00,0,0.00,0,0,0.00,26652,7584,36877,0,0,459,0.00,0.00,0.00,0,0.00,0.00,0.00,0.00,0.00,0.00,2.00,0.00,20.00,10.00,0.00,24.00,0.00,0.00,280.00,0.00,393.55,0.00,0.00,0.00,0.00,0.00,0.00,0.00,0.00,0.00,0.00,0.00,0.00,0.00,0.00,0.00,0.00,0.00,0.00,0.00,0.00,0.00,0.00,0.00,0.00,0.00,0.00,0.00,0.00,0.00,0.00,0.00,721,3,5,0,0,0,274.00,0.00,10.00,0.00,270.00,6.00,0.00,0.00,0.00,0.00,0.00,0.00,0.00,0.00,0.00,0.00,0.00,0.00,0.00,0.00,0.00,0.00,0.00,0.00,0.00,0.00,0.00,0.00,0.00,0.00,0.00,0.00,0.00,0.00,0.00,0.00,0.00,0.00,0.00,0.00,0.00,0.00,0.00,0.00,6.00,0.00,0.00,0.00,0.00,0.00,0.00,0.00,0.00,0.00,0.00,3,2,1,0,0.00,0.00,0.00,0.00,0.00,0.00,0.00,0.00,0.00,0.00,0.00,0.00,0.00,0.00,0.00,0.00,0.00,0.00,0.00,0.00,0.00,0.00,0.00,0.00,0.00,0.00,0.00,0.00,0.00,0.00,0.00,0.00,0.00,0.00,0.00,0.00,0.00,0.00,0.00,0.00,0.00,0.00,0.00,0.00,0.00,0.00,0.00,0.00,0.00,0.00,0.00,0.00,0.00,280.00,0.00,0.00,0.00,0.00,1995.37
0.50,0.00,0.00,0.00,0.00,0.00,0.00,0.00,0.00,99.50,0.00,31.00,0.00,0.00,0.00,0.00,0.00,0.00,5.00,0.00,0.00,0.00,0.00,0.00,0.00,0.00,0.00,0.00,696692,1159276,1344028,65.86,47208,537052,3746544,183.59,830336,351204,56,597316,99984,7344,28668,0,0,0,0.00,0,0.00,0,0,0.00,26652,7584,36877,0,0,459,0.00,0.00,0.00,0,0.00,0.00,0.00,0.00,0.00,0.00,0.00,0.00,0.00,0.00,0.00,0.00,0.00,0.00,7.00,0.00,0.54,0.00,0.00,0.00,0.00,0.00,0.00,0.00,0.00,1.00,0.00,0.00,0.00,0.00,0.00,0.00,0.00,0.00,0.00,0.00,0.00,0.00,0.00,0.00,0.00,0.00,0.00,0.00,0.00,0.00,0.00,0.00,721,3,5,0,0,0,2.00,0.00,2.00,0.00,0.00,0.00,0.00,0.00,0.00,0.00,0.00,0.00,0.00,0.00,0.00,0.00,0.00,0.00,0.00,0.00,0.00,0.00,0.00,0.00,0.00,0.00,0.00,0.00,0.00,0.00,0.00,0.00,0.00,0.00,0.00,0.00,0.00,0.00,0.00,0.00,0.00,0.00,0.00,0.00,0.00,0.00,0.00,0.00,0.00,0.00,0.00,1.00,0.00,0.00,0.00,3,2,1,0,0.00,0.00,0.00,0.00,0.00,0.00,0.00,0.00,0.00,0.00,0.00,0.00,0.00,0.00,0.00,0.00,0.00,0.00,0.00,0.00,0.00,0.00,0.00,0.00,0.00,0.00,0.00,0.00,0.00,0.00,0.00,0.00,0.00,0.00,0.00,0.00,0.00,0.00,0.00,0.00,0.00,0.00,0.00,0.00,0.00,0.00,0.00,0.00,0.00,0.00,0.00,0.00,0.00,7.00,0.00,0.00,0.00,0.00,1995.37
0.50,0.00,0.00,0.00,0.00,0.00,0.00,0.00,0.00,99.50,0.00,21.00,0.00,0.00,0.00,0.00,0.00,0.00,11.00,0.00,0.00,0.00,0.00,0.00,0.00,0.00,0.00,0.00,696724,1159312,1343996,65.86,47208,537068,3746544,183.59,830336,351204,72,597316,99988,7344,28668,0,0,0,0.00,0,0.00,0,0,0.00,26652,7584,36877,0,0,459,0.00,0.00,0.00,0,0.00,0.00,0.00,0.00,0.00,0.00,0.00,0.00,0.00,0.00,0.00,0.00,0.00,0.00,8.00,0.00,0.47,0.00,0.00,0.00,0.00,0.00,0.00,0.00,0.00,0.00,0.00,0.00,0.00,0.00,0.00,0.00,0.00,0.00,0.00,0.00,0.00,0.00,0.00,0.00,0.00,0.00,0.00,0.00,0.00,0.00,0.00,0.00,721,3,5,0,0,0,0.00,0.00,0.00,0.00,0.00,0.00,0.00,0.00,0.00,0.00,0.00,0.00,0.00,0.00,0.00,0.00,0.00,0.00,0.00,0.00,0.00,0.00,0.00,0.00,0.00,0.00,0.00,0.00,0.00,0.00,0.00,0.00,0.00,0.00,0.00,0.00,0.00,0.00,0.00,0.00,0.00,0.00,0.00,0.00,0.00,0.00,0.00,0.00,0.00,0.00,0.00,0.00,0.00,0.00,0.00,3,2,1,0,0.00,0.00,0.00,0.00,0.00,0.00,0.00,0.00,0.00,0.00,0.00,0.00,0.00,0.00,0.00,0.00,0.00,0.00,0.00,0.00,0.00,0.00,0.00,0.00,0.00,0.00,0.00,0.00,0.00,0.00,0.00,0.00,0.00,0.00,0.00,0.00,0.00,0.00,0.00,0.00,0.00,0.00,0.00,0.00,0.00,0.00,0.00,0.00,0.00,0.00,0.00,0.00,0.00,8.00,0.00,0.00,0.00,0.00,1995.37
0.00,0.00,0.00,0.00,0.00,0.00,0.50,0.00,0.00,99.50,0.00,60.00,0.00,0.00,0.00,0.00,0.00,0.00,1411.00,0.00,0.00,0.00,0.00,0.00,0.00,0.00,0.00,0.00,696504,1159092,1344216,65.87,47208,537084,3746544,183.59,830336,351204,88,597316,99988,7344,28668,0,0,0,0.00,0,0.00,0,0,0.00,26652,7584,36877,0,0,459,0.00,0.00,0.00,0,0.00,0.00,0.00,0.00,0.00,0.00,0.00,0.00,0.00,0.00,0.00,0.00,0.00,0.00,2797.00,1.00,4059.78,0.04,0.00,0.00,0.00,0.00,0.00,0.00,0.00,1.00,0.00,0.00,0.00,0.00,0.00,0.00,0.00,0.00,0.00,0.00,0.00,0.00,0.00,0.00,0.00,0.00,0.00,0.00,0.00,0.00,0.00,0.00,721,3,5,0,0,0,2790.00,0.00,62.00,0.00,2790.00,62.00,0.00,0.00,0.00,0.00,0.00,0.00,0.00,0.00,0.00,0.00,0.00,0.00,0.00,0.00,0.00,0.00,0.00,0.00,0.00,0.00,0.00,0.00,0.00,0.00,0.00,0.00,0.00,0.00,0.00,0.00,0.00,0.00,0.00,0.00,0.00,0.00,0.00,0.00,62.00,0.00,0.00,0.00,0.00,0.00,0.00,0.00,0.00,0.00,0.00,3,2,1,0,0.00,0.00,0.00,0.00,0.00,0.00,0.00,0.00,0.00,0.00,0.00,0.00,0.00,0.00,0.00,0.00,0.00,0.00,0.00,0.00,0.00,0.00,0.00,0.00,0.00,0.00,0.00,0.00,0.00,0.00,0.00,0.00,0.00,0.00,0.00,0.00,0.00,0.00,0.00,0.00,0.00,0.00,0.00,0.00,0.00,0.00,0.00,0.00,0.00,0.00,0.00,0.00,0.00,2797.00,0.00,0.00,0.00,0.00,1995.37
1.00,0.00,0.50,0.00,0.00,0.00,0.00,0.00,0.00,98.51,0.00,40.00,0.00,0.00,0.00,96.00,1.00,0.00,6.00,0.00,0.00,0.00,0.00,1.00,0.00,1.00,0.00,192.00,696504,1159148,1344216,65.87,47208,537100,3746544,183.59,830336,351260,0,597320,99988,7344,28668,0,0,0,0.00,0,0.00,0,0,0.00,26652,7584,36877,0,0,459,0.00,0.00,0.00,0,0.00,0.00,0.00,0.00,0.00,0.00,1.00,0.00,96.00,96.00,0.00,0.00,0.00,0.00,3.00,0.00,0.42,0.00,0.00,0.00,0.00,0.00,0.00,0.00,0.00,0.00,0.00,0.00,0.00,0.00,0.00,0.00,0.00,0.00,0.00,0.00,0.00,0.00,0.00,0.00,0.00,0.00,0.00,0.00,0.00,0.00,0.00,0.00,721,3,5,0,0,0,1.00,0.00,1.00,0.00,0.00,0.00,0.00,0.00,0.00,0.00,0.00,0.00,0.00,0.00,0.00,0.00,0.00,0.00,0.00,0.00,0.00,0.00,0.00,0.00,0.00,0.00,0.00,0.00,0.00,0.00,0.00,0.00,0.00,0.00,0.00,0.00,0.00,0.00,0.00,0.00,0.00,0.00,0.00,0.00,0.00,0.00,0.00,0.00,0.00,0.00,0.00,1.00,0.00,0.00,0.00,3,2,1,0,0.00,0.00,0.00,0.00,0.00,0.00,0.00,0.00,0.00,0.00,0.00,0.00,0.00,0.00,0.00,0.00,0.00,0.00,0.00,0.00,0.00,0.00,0.00,0.00,0.00,0.00,0.00,0.00,0.00,0.00,0.00,0.00,0.00,0.00,0.00,0.00,0.00,0.00,0.00,0.00,0.00,0.00,0.00,0.00,0.00,0.00,0.00,0.00,0.00,0.00,0.00,0.00,0.00,3.00,0.00,0.00,0.00,0.00,1995.37
0.00,0.00,0.00,2.50,0.00,0.00,0.00,0.00,0.00,97.50,0.00,60.00,0.00,0.00,0.00,20.00,0.00,0.00,4.00,0.00,0.00,0.00,0.00,2.00,0.00,2.00,0.00,40.00,696504,1159148,1344216,65.87,47216,537116,3746544,183.59,830336,351260,28,597320,99988,7344,28668,0,0,0,0.00,0,0.00,0,0,0.00,26652,7584,36877,0,0,459,0.00,0.00,0.00,0,0.00,0.00,0.00,0.00,0.00,0.00,2.00,0.00,20.00,10.00,0.00,24.00,0.00,0.00,5.00,0.00,0.29,0.00,0.00,0.00,0.00,0.00,0.00,0.00,0.00,1.00,0.00,0.00,0.00,0.00,0.00,0.00,0.00,0.00,0.00,0.00,0.00,0.00,0.00,0.00,0.00,0.00,0.00,0.00,0.00,0.00,0.00,0.00,721,3,5,0,0,0,0.00,0.00,0.00,0.00,0.00,0.00,0.00,0.00,0.00,0.00,0.00,0.00,0.00,0.00,0.00,0.00,0.00,0.00,0.00,0.00,0.00,0.00,0.00,0.00,0.00,0.00,0.00,0.00,0.00,0.00,0.00,0.00,0.00,0.00,0.00,0.00,0.00,0.00,0.00,0.00,0.00,0.00,0.00,0.00,0.00,0.00,0.00,0.00,0.00,0.00,0.00,0.00,0.00,0.00,0.00,3,2,1,0,0.00,0.00,0.00,0.00,0.00,0.00,0.00,0.00,0.00,0.00,0.00,0.00,0.00,0.00,0.00,0.00,0.00,0.00,0.00,0.00,0.00,0.00,0.00,0.00,0.00,0.00,0.00,0.00,0.00,0.00,0.00,0.00,0.00,0.00,0.00,0.00,0.00,0.00,0.00,0.00,0.00,0.00,0.00,0.00,0.00,0.00,0.00,0.00,0.00,0.00,0.00,0.00,0.00,5.00,0.00,0.00,0.00,0.00,1995.37
0.00,0.00,0.00,0.00,0.50,0.00,0.00,0.00,0.00,99.50,0.00,28.00,0.00,0.00,0.00,0.00,0.00,0.00,11.00,0.00,0.00,0.00,0.00,0.00,0.00,0.00,0.00,0.00,696536,1159180,1344184,65.87,47216,537128,3746544,183.59,830336,351260,40,597320,99988,7344,28668,0,0,0,0.00,0,0.00,0,0,0.00,26652,7584,36877,0,0,459,0.00,0.00,0.00,0,0.00,0.00,0.00,0.00,0.00,0.00,0.00,0.00,0.00,0.00,0.00,0.00,0.00,0.00,7.00,0.00,0.41,0.00,0.00,0.00,0.00,0.00,0.00,0.00,0.00,0.00,0.00,0.00,0.00,0.00,0.00,0.00,0.00,0.00,0.00,0.00,0.00,0.00,0.00,0.00,0.00,0.00,0.00,0.00,0.00,0.00,0.00,0.00,721,3,5,0,0,0,0.00,0.00,0.00,0.00,0.00,0.00,0.00,0.00,0.00,0.00,0.00,0.00,0.00,0.00,0.00,0.00,0.00,0.00,0.00,0.00,0.00,0.00,0.00,0.00,0.00,0.00,0.00,0.00,0.00,0.00,0.00,0.00,0.00,0.00,0.00,0.00,0.00,0.00,0.00,0.00,0.00,0.00,0.00,0.00,0.00,0.00,0.00,0.00,0.00,0.00,0.00,0.00,0.00,0.00,0.00,3,2,1,0,0.00,0.00,0.00,0.00,0.00,0.00,0.00,0.00,0.00,0.00,0.00,0.00,0.00,0.00,0.00,0.00,0.00,0.00,0.00,0.00,0.00,0.00,0.00,0.00,0.00,0.00,0.00,0.00,0.00,0.00,0.00,0.00,0.00,0.00,0.00,0.00,0.00,0.00,0.00,0.00,0.00,0.00,0.00,0.00,0.00,0.00,0.00,0.00,0.00,0.00,0.00,0.00,0.00,7.00,0.00,0.00,0.00,0.00,1995.37
0.00,0.00,0.00,0.00,0.00,0.00,0.00,0.00,0.00,100.00,0.00,50.00,0.00,0.00,0.00,0.00,0.00,0.00,35.00,0.00,0.00,0.00,0.00,0.00,0.00,0.00,0.00,0.00,696664,1159360,1344056,65.86,47216,537144,3746544,183.59,830348,351304,56,597320,99988,7344,28668,0,0,0,0.00,0,0.00,0,0,0.00,26652,7584,36877,0,0,459,0.00,0.00,0.00,0,0.00,0.00,0.00,0.00,0.00,0.00,0.00,0.00,0.00,0.00,0.00,0.00,0.00,0.00,94.00,0.00,131.18,0.00,0.00,0.00,0.00,0.00,0.00,0.00,0.00,1.00,0.00,0.00,0.00,0.00,0.00,0.00,0.00,0.00,0.00,0.00,0.00,0.00,0.00,0.00,0.00,0.00,0.00,0.00,0.00,0.00,0.00,0.00,721,3,5,0,0,0,90.00,0.00,2.00,0.00,90.00,2.00,0.00,0.00,0.00,0.00,0.00,0.00,0.00,0.00,0.00,0.00,0.00,0.00,0.00,0.00,0.00,0.00,0.00,0.00,0.00,0.00,0.00,0.00,0.00,0.00,0.00,0.00,0.00,0.00,0.00,0.00,0.00,0.00,0.00,0.00,0.00,0.00,0.00,0.00,2.00,0.00,0.00,0.00,0.00,0.00,0.00,0.00,0.00,0.00,0.00,3,2,1,0,0.00,0.00,0.00,0.00,0.00,0.00,0.00,0.00,0.00,0.00,0.00,0.00,0.00,0.00,0.00,0.00,0.00,0.00,0.00,0.00,0.00,0.00,0.00,0.00,0.00,0.00,0.00,0.00,0.00,0.00,0.00,0.00,0.00,0.00,0.00,0.00,0.00,0.00,0.00,0.00,0.00,0.00,0.00,0.00,0.00,0.00,0.00,0.00,0.00,0.00,0.00,0.00,0.00,94.00,0.00,0.00,0.00,0.00,1995.37
0.00,0.00,0.50,0.00,0.00,0.00,0.00,0.00,0.00,99.50,0.00,44.00,0.00,0.00,0.00,0.00,0.00,0.00,51.00,0.00,0.00,0.00,0.00,0.00,0.00,0.00,0.00,0.00,696568,1159264,1344152,65.87,47216,537160,3746544,183.59,830348,351304,72,597320,99988,7344,28668,0,0,0,0.00,0,0.00,0,0,0.00,26652,7584,36877,0,0,459,0.00,0.00,0.00,0,0.00,0.00,0.00,0.00,0.00,0.00,0.00,0.00,0.00,0.00,0.00,0.00,0.00,0.00,93.00,0.00,131.12,0.00,0.00,0.00,0.00,0.00,0.00,0.00,0.00,0.00,0.00,0.00,0.00,0.00,0.00,0.00,0.00,0.00,0.00,0.00,0.00,0.00,0.00,0.00,0.00,0.00,0.00,0.00,0.00,0.00,0.00,0.00,721,3,5,0,0,0,90.00,0.00,2.00,0.00,90.00,2.00,0.00,0.00,0.00,0.00,0.00,0.00,0.00,0.00,0.00,0.00,0.00,0.00,0.00,0.00,0.00,0.00,0.00,0.00,0.00,0.00,0.00,0.00,0.00,0.00,0.00,0.00,0.00,0.00,0.00,0.00,0.00,0.00,0.00,0.00,0.00,0.00,0.00,0.00,2.00,0.00,0.00,0.00,0.00,0.00,0.00,0.00,0.00,0.00,0.00,3,2,1,0,0.00,0.00,0.00,0.00,0.00,0.00,0.00,0.00,0.00,0.00,0.00,0.00,0.00,0.00,0.00,0.00,0.00,0.00,0.00,0.00,0.00,0.00,0.00,0.00,0.00,0.00,0.00,0.00,0.00,0.00,0.00,0.00,0.00,0.00,0.00,0.00,0.00,0.00,0.00,0.00,0.00,0.00,0.00,0.00,0.00,0.00,0.00,0.00,0.00,0.00,0.00,0.00,0.00,93.00,0.00,0.00,0.00,0.00,1995.37
0.50,0.00,0.00,0.00,0.00,0.00,0.50,0.00,0.00,99.00,0.00,59.00,0.00,0.00,0.00,0.00,0.00,0.00,531.00,0.00,0.00,0.00,0.00,0.00,0.00,0.00,0.00,0.00,696504,1159200,1344216,65.87,47216,537176,3746544,183.59,830348,351304,88,597320,99988,7344,28668,0,0,0,0.00,0,0.00,0,0,0.00,26652,7584,36877,0,0,459,0.00,0.00,0.00,0,0.00,0.00,0.00,0.00,0.00,0.00,0.00,0.00,0.00,0.00,0.00,0.00,0.00,0.00,1041.00,0.00,1506.25,0.00,0.00,0.00,0.00,0.00,0.00,0.00,0.00,1.00,0.00,0.00,0.00,0.00,0.00,0.00,0.00,0.00,0.00,0.00,0.00,0.00,0.00,0.00,0.00,0.00,0.00,0.00,0.00,0.00,0.00,0.00,721,3,5,0,0,0,1035.00,0.00,23.00,0.00,1035.00,23.00,0.00,0.00,0.00,0.00,0.00,0.00,0.00,0.00,0.00,0.00,0.00,0.00,0.00,0.00,0.00,0.00,0.00,0.00,0.00,0.00,0.00,0.00,0.00,0.00,0.00,0.00,0.00,0.00,0.00,0.00,0.00,0.00,0.00,0.00,0.00,0.00,0.00,0.00,23.00,0.00,0.00,0.00,0.00,0.00,0.00,0.00,0.00,0.00,0.00,3,2,1,0,0.00,0.00,0.00,0.00,0.00,0.00,0.00,0.00,0.00,0.00,0.00,0.00,0.00,0.00,0.00,0.00,0.00,0.00,0.00,0.00,0.00,0.00,0.00,0.00,0.00,0.00,0.00,0.00,0.00,0.00,0.00,0.00,0.00,0.00,0.00,0.00,0.00,0.00,0.00,0.00,0.00,0.00,0.00,0.00,0.00,0.00,0.00,0.00,0.00,0.00,0.00,0.00,0.00,1041.00,0.00,0.00,0.00,0.00,1995.37
0.00,0.00,0.00,5.03,0.00,0.00,0.00,0.00,0.00,94.97,0.00,57.00,0.00,0.00,0.00,116.00,0.00,0.00,1203.00,0.00,0.00,0.00,0.00,3.00,0.00,3.00,0.00,232.00,696500,1159204,1344220,65.87,47224,537192,3746544,183.59,830352,351304,12,597320,99996,7344,28668,0,0,0,0.00,0,0.00,0,0,0.00,26652,7584,36877,0,0,459,0.00,0.00,0.00,0,0.00,0.00,0.00,0.00,0.00,0.00,3.00,0.00,116.00,38.67,0.00,32.00,0.00,0.00,2392.00,0.00,3470.51,0.00,0.00,0.00,0.00,0.00,0.00,0.00,0.00,0.00,0.00,0.00,0.00,0.00,0.00,0.00,0.00,0.00,0.00,0.00,0.00,0.00,0.00,0.00,0.00,0.00,0.00,0.00,0.00,0.00,0.00,0.00,721,3,5,0,0,0,2385.00,0.00,53.00,0.00,2385.00,53.00,0.00,0.00,0.00,0.00,0.00,0.00,0.00,0.00,0.00,0.00,0.00,0.00,0.00,0.00,0.00,0.00,0.00,0.00,0.00,0.00,0.00,0.00,0.00,0.00,0.00,0.00,0.00,0.00,0.00,0.00,0.00,0.00,0.00,0.00,0.00,0.00,0.00,0.00,53.00,0.00,0.00,0.00,0.00,0.00,0.00,0.00,0.00,0.00,0.00,3,2,1,0,0.00,0.00,0.00,0.00,0.00,0.00,0.00,0.00,0.00,0.00,0.00,0.00,0.00,0.00,0.00,0.00,0.00,0.00,0.00,0.00,0.00,0.00,0.00,0.00,0.00,0.00,0.00,0.00,0.00,0.00,0.00,0.00,0.00,0.00,0.00,0.00,0.00,0.00,0.00,0.00,0.00,0.00,0.00,0.00,0.00,0.00,0.00,0.00,0.00,0.00,0.00,0.00,0.00,2392.00,0.00,0.00,0.00,0.00,1995.37
0.00,0.00,0.50,0.00,0.00,0.00,1.49,0.00,0.00,98.01,0.00,90.00,0.00,0.00,0.00,0.00,0.00,0.00,4443.00,0.00,0.00,0.00,0.00,0.00,0.00,0.00,0.00,0.00,696404,1159164,1344316,65.87,47224,537204,3746544,183.59,830352,351360,28,597320,99996,7344,28668,0,0,0,0.00,0,0.00,0,0,0.00,26652,7584,36877,0,0,459,0.00,0.00,0.00,0,0.00,0.00,0.00,0.00,0.00,0.00,0.00,0.00,0.00,0.00,0.00,0.00,0.00,0.00,8826.00,0.00,12833.18,0.00,0.00,0.00,0.00,0.00,0.00,0.00,0.00,1.00,0.00,0.00,0.00,0.00,0.00,0.00,0.00,0.00,0.00,0.00,0.00,0.00,0.00,0.00,0.00,0.00,0.00,0.00,0.00,0.00,0.00,0.00,721,3,5,0,0,0,8820.00,0.00,196.00,0.00,8820.00,196.00,0.00,0.00,0.00,0.00,0.00,0.00,0.00,0.00,0.00,0.00,0.00,0.00,0.00,0.00,0.00,0.00,0.00,0.00,0.00,0.00,0.00,0.00,0.00,0.00,0.00,0.00,0.00,0.00,0.00,0.00,0.00,0.00,0.00,0.00,0.00,0.00,0.00,0.00,196.00,0.00,0.00,0.00,0.00,0.00,0.00,0.00,0.00,0.00,0.00,3,2,1,0,0.00,0.00,0.00,0.00,0.00,0.00,0.00,0.00,0.00,0.00,0.00,0.00,0.00,0.00,0.00,0.00,0.00,0.00,0.00,0.00,0.00,0.00,0.00,0.00,0.00,0.00,0.00,0.00,0.00,0.00,0.00,0.00,0.00,0.00,0.00,0.00,0.00,0.00,0.00,0.00,0.00,0.00,0.00,0.00,0.00,0.00,0.00,0.00,0.00,0.00,0.00,0.00,0.00,8826.00,0.00,0.00,0.00,0.00,1995.37
0.50,0.00,0.00,0.00,0.00,0.00,0.00,0.00,0.00,99.50,0.00,41.00,0.00,0.00,0.00,0.00,0.00,0.00,11.00,0.00,0.00,0.00,0.00,0.00,0.00,0.00,0.00,0.00,696404,1159164,1344316,65.87,47224,537220,3746544,183.59,830352,351360,44,597320,100000,7344,28668,0,0,0,0.00,0,0.00,0,0,0.00,26652,7584,36877,0,0,459,0.00,0.00,0.00,0,0.00,0.00,0.00,0.00,0.00,0.00,0.00,0.00,0.00,0.00,0.00,0.00,0.00,0.00,6.00,0.00,0.35,0.00,0.00,0.00,0.00,0.00,0.00,0.00,0.00,0.00,0.00,0.00,0.00,0.00,0.00,0.00,0.00,0.00,0.00,0.00,0.00,0.00,0.00,0.00,0.00,0.00,0.00,0.00,0.00,0.00,0.00,0.00,721,3,5,0,0,0,0.00,0.00,0.00,0.00,0.00,0.00,0.00,0.00,0.00,0.00,0.00,0.00,0.00,0.00,0.00,0.00,0.00,0.00,0.00,0.00,0.00,0.00,0.00,0.00,0.00,0.00,0.00,0.00,0.00,0.00,0.00,0.00,0.00,0.00,0.00,0.00,0.00,0.00,0.00,0.00,0.00,0.00,0.00,0.00,0.00,0.00,0.00,0.00,0.00,0.00,0.00,0.00,0.00,0.00,0.00,3,2,1,0,0.00,0.00,0.00,0.00,0.00,0.00,0.00,0.00,0.00,0.00,0.00,0.00,0.00,0.00,0.00,0.00,0.00,0.00,0.00,0.00,0.00,0.00,0.00,0.00,0.00,0.00,0.00,0.00,0.00,0.00,0.00,0.00,0.00,0.00,0.00,0.00,0.00,0.00,0.00,0.00,0.00,0.00,0.00,0.00,0.00,0.00,0.00,0.00,0.00,0.00,0.00,0.00,0.00,6.00,0.00,0.00,0.00,0.00,1995.37
0.00,0.00,0.00,0.00,0.00,0.00,0.50,0.00,0.00,99.50,0.00,72.00,0.00,0.00,0.00,0.00,0.00,0.00,211.00,0.00,0.00,0.00,0.00,0.00,0.00,0.00,0.00,0.00,696372,1159132,1344348,65.88,47224,537236,3746544,183.59,830352,351360,60,597320,100000,7344,28668,0,0,0,0.00,0,0.00,0,0,0.00,26652,7584,36877,0,0,459,0.00,0.00,0.00,0,0.00,0.00,0.00,0.00,0.00,0.00,0.00,0.00,0.00,0.00,0.00,0.00,0.00,0.00,418.00,0.00,590.10,0.00,0.00,0.00,0.00,0.00,0.00,0.00,0.00,1.00,0.00,0.00,0.00,0.00,0.00,0.00,0.00,0.00,0.00,0.00,0.00,0.00,0.00,0.00,0.00,0.00,0.00,0.00,0.00,0.00,0.00,0.00,721,3,5,0,0,0,411.00,0.00,11.00,0.00,405.00,9.00,0.00,0.00,0.00,0.00,0.00,0.00,0.00,0.00,0.00,0.00,0.00,0.00,0.00,0.00,0.00,0.00,0.00,0.00,0.00,0.00,0.00,0.00,0.00,0.00,0.00,0.00,0.00,0.00,0.00,0.00,0.00,0.00,0.00,0.00,0.00,0.00,0.00,0.00,9.00,0.00,0.00,0.00,0.00,0.00,0.00,0.00,0.00,0.00,0.00,3,2,1,0,0.00,0.00,0.00,0.00,0.00,0.00,0.00,0.00,0.00,0.00,0.00,0.00,0.00,0.00,0.00,0.00,0.00,0.00,0.00,0.00,0.00,0.00,0.00,0.00,0.00,0.00,0.00,0.00,0.00,0.00,0.00,0.00,0.00,0.00,0.00,0.00,0.00,0.00,0.00,0.00,0.00,0.00,0.00,0.00,0.00,0.00,0.00,0.00,0.00,0.00,0.00,0.00,0.00,418.00,0.00,0.00,0.00,0.00,1995.37
0.50,0.00,0.50,0.00,0.00,0.00,0.00,0.00,0.00,99.00,0.00,48.00,0.00,0.00,0.00,0.00,0.00,0.00,13.00,0.00,0.00,0.00,0.00,0.00,0.00,0.00,0.00,0.00,696404,1159164,1344316,65.87,47224,537252,3746544,183.59,830352,351360,76,597320,100000,7344,28668,0,0,0,0.00,0,0.00,0,0,0.00,26652,7584,36877,0,0,459,0.00,0.00,0.00,0,0.00,0.00,0.00,0.00,0.00,0.00,0.00,0.00,0.00,0.00,0.00,0.00,0.00,0.00,8.00,0.00,0.54,0.00,0.00,0.00,0.00,0.00,0.00,0.00,0.00,0.00,0.00,0.00,0.00,0.00,0.00,0.00,0.00,0.00,0.00,0.00,0.00,0.00,0.00,0.00,0.00,0.00,0.00,0.00,0.00,0.00,0.00,0.00,721,3,5,0,0,0,1.00,0.00,1.00,0.00,0.00,0.00,0.00,0.00,0.00,0.00,0.00,0.00,0.00,0.00,0.00,0.00,0.00,0.00,0.00,0.00,0.00,0.00,0.00,0.00,0.00,0.00,0.00,0.00,0.00,0.00,0.00,0.00,0.00,0.00,0.00,0.00,0.00,0.00,0.00,0.00,0.00,0.00,0.00,0.00,0.00,0.00,0.00,0.00,0.00,0.00,0.00,0.00,0.00,0.00,0.00,3,2,1,0,0.00,0.00,0.00,0.00,0.00,0.00,0.00,0.00,0.00,0.00,0.00,0.00,0.00,0.00,0.00,0.00,0.00,0.00,0.00,0.00,0.00,0.00,0.00,0.00,0.00,0.00,0.00,0.00,0.00,0.00,0.00,0.00,0.00,0.00,0.00,0.00,0.00,0.00,0.00,0.00,0.00,0.00,0.00,0.00,0.00,0.00,0.00,0.00,0.00,0.00,0.00,0.00,0.00,8.00,0.00,0.00,0.00,0.00,1995.37
0.50,0.00,0.00,0.00,0.00,0.00,0.00,0.00,0.00,99.50,0.00,53.00,0.00,0.00,0.00,88.00,0.00,0.00,3.00,0.00,0.00,0.00,0.00,3.00,0.00,3.00,0.00,176.00,696404,1159224,1344316,65.87,47224,537268,3746544,183.59,830356,351416,0,597320,100000,7344,28668,0,0,0,0.00,0,0.00,0,0,0.00,26652,7584,36877,0,0,459,0.00,0.00,0.00,0,0.00,0.00,0.00,0.00,0.00,0.00,3.00,0.00,88.00,29.33,0.00,42.67,0.00,0.00,4.00,0.00,0.27,0.00,0.00,0.00,0.00,0.00,0.00,0.00,0.00,0.00,0.00,0.00,0.00,0.00,0.00,0.00,0.00,0.00,0.00,0.00,0.00,0.00,0.00,0.00,0.00,0.00,0.00,0.00,0.00,0.00,0.00,0.00,721,3,5,0,0,0,0.00,0.00,0.00,0.00,0.00,0.00,0.00,0.00,0.00,0.00,0.00,0.00,0.00,0.00,0.00,0.00,0.00,0.00,0.00,0.00,0.00,0.00,0.00,0.00,0.00,0.00,0.00,0.00,0.00,0.00,0.00,0.00,0.00,0.00,0.00,0.00,0.00,0.00,0.00,0.00,0.00,0.00,0.00,0.00,0.00,0.00,0.00,0.00,0.00,0.00,0.00,0.00,0.00,0.00,0.00,3,2,1,0,0.00,0.00,0.00,0.00,0.00,0.00,0.00,0.00,0.00,0.00,0.00,0.00,0.00,0.00,0.00,0.00,0.00,0.00,0.00,0.00,0.00,0.00,0.00,0.00,0.00,0.00,0.00,0.00,0.00,0.00,0.00,0.00,0.00,0.00,0.00,0.00,0.00,0.00,0.00,0.00,0.00,0.00,0.00,0.00,0.00,0.00,0.00,0.00,0.00,0.00,0.00,0.00,0.00,4.00,0.00,0.00,0.00,0.00,1995.37
0.00,0.00,0.51,9.60,0.00,0.00,0.00,0.00,0.00,89.90,0.00,72.00,0.00,0.00,0.00,20.00,0.00,0.00,1067.00,0.00,0.00,0.00,0.00,2.00,0.00,2.00,0.00,40.00,696500,1159320,1344220,65.87,47232,537268,3746544,183.59,830356,351416,8,597320,100000,7344,28668,0,0,0,0.00,0,0.00,0,0,0.00,26652,7584,36877,0,0,459,0.00,0.00,0.00,0,0.00,0.00,0.00,0.00,0.00,0.00,2.00,0.00,20.00,10.00,0.00,100.00,0.00,0.00,2117.00,0.00,3077.38,0.00,0.00,0.00,0.00,0.00,0.00,0.00,0.00,1.00,0.00,0.00,0.00,0.00,0.00,0.00,0.00,0.00,0.00,0.00,0.00,0.00,0.00,0.00,0.00,0.00,0.00,0.00,0.00,0.00,0.00,0.00,721,3,5,0,0,0,2115.00,0.00,47.00,0.00,2115.00,47.00,0.00,0.00,0.00,0.00,0.00,0.00,0.00,0.00,0.00,0.00,0.00,0.00,0.00,0.00,0.00,0.00,0.00,0.00,0.00,0.00,0.00,0.00,0.00,0.00,0.00,0.00,0.00,0.00,0.00,0.00,0.00,0.00,0.00,0.00,0.00,0.00,0.00,0.00,47.00,0.00,0.00,0.00,0.00,0.00,0.00,0.00,0.00,0.00,0.00,3,2,1,0,0.00,0.00,0.00,0.00,0.00,0.00,0.00,0.00,0.00,0.00,0.00,0.00,0.00,0.00,0.00,0.00,0.00,0.00,0.00,0.00,0.00,0.00,0.00,0.00,0.00,0.00,0.00,0.00,0.00,0.00,0.00,0.00,0.00,0.00,0.00,0.00,0.00,0.00,0.00,0.00,0.00,0.00,0.00,0.00,0.00,0.00,0.00,0.00,0.00,0.00,0.00,0.00,0.00,2117.00,0.00,0.00,0.00,0.00,1995.37
0.50,0.00,0.00,0.00,0.00,0.00,0.00,0.00,0.00,99.50,0.00,37.00,0.00,0.00,0.00,0.00,0.00,0.00,67.00,0.00,0.00,0.00,0.00,0.00,0.00,0.00,0.00,0.00,696436,1159256,1344284,65.87,47232,537296,3746544,183.59,830356,351416,40,597320,100000,7344,28668,0,0,0,0.00,0,0.00,0,0,0.00,26652,7584,36877,0,0,459,0.00,0.00,0.00,0,0.00,0.00,0.00,0.00,0.00,0.00,0.00,0.00,0.00,0.00,0.00,0.00,0.00,0.00,135.00,0.00,196.42,0.00,0.00,0.00,0.00,0.00,0.00,0.00,0.00,0.00,0.00,0.00,0.00,0.00,0.00,0.00,0.00,0.00,0.00,0.00,0.00,0.00,0.00,0.00,0.00,0.00,0.00,0.00,0.00,0.00,0.00,0.00,721,3,5,0,0,0,135.00,0.00,3.00,0.00,135.00,3.00,0.00,0.00,0.00,0.00,0.00,0.00,0.00,0.00,0.00,0.00,0.00,0.00,0.00,0.00,0.00,0.00,0.00,0.00,0.00,0.00,0.00,0.00,0.00,0.00,0.00,0.00,0.00,0.00,0.00,0.00,0.00,0.00,0.00,0.00,0.00,0.00,0.00,0.00,3.00,0.00,0.00,0.00,0.00,0.00,0.00,0.00,0.00,0.00,0.00,3,2,1,0,0.00,0.00,0.00,0.00,0.00,0.00,0.00,0.00,0.00,0.00,0.00,0.00,0.00,0.00,0.00,0.00,0.00,0.00,0.00,0.00,0.00,0.00,0.00,0.00,0.00,0.00,0.00,0.00,0.00,0.00,0.00,0.00,0.00,0.00,0.00,0.00,0.00,0.00,0.00,0.00,0.00,0.00,0.00,0.00,0.00,0.00,0.00,0.00,0.00,0.00,0.00,0.00,0.00,135.00,0.00,0.00,0.00,0.00,1995.37
0.50,0.00,0.00,0.00,0.00,0.00,0.50,0.00,0.00,99.00,0.00,36.63,0.00,0.00,0.00,0.00,0.00,0.00,1199.01,0.00,0.00,0.00,0.00,0.00,0.00,0.00,0.00,0.00,696312,1159188,1344408,65.88,47232,537312,3746544,183.59,830356,351472,56,597320,100000,7344,28668,0,0,0,0.00,0,0.00,0,0,0.00,26652,7584,36877,0,0,459,0.00,0.00,0.00,0,0.00,0.00,0.00,0.00,0.00,0.00,0.00,0.00,0.00,0.00,0.00,0.00,0.00,0.00,2366.34,0.00,3436.04,0.00,0.00,0.00,0.00,0.00,0.00,0.00,0.00,0.99,0.00,0.00,0.00,0.00,0.00,0.00,0.00,0.00,0.00,0.00,0.00,0.00,0.00,0.00,0.00,0.00,0.00,0.00,0.00,0.00,0.00,0.00,721,3,5,0,0,0,2361.39,0.00,52.48,0.00,2361.39,52.48,0.00,0.00,0.00,0.00,0.00,0.00,0.00,0.00,0.00,0.00,0.00,0.00,0.00,0.00,0.00,0.00,0.00,0.00,0.00,0.00,0.00,0.00,0.00,0.00,0.00,0.00,0.00,0.00,0.00,0.00,0.00,0.00,0.00,0.00,0.00,0.00,0.00,0.00,52.48,0.00,0.00,0.00,0.00,0.00,0.00,0.00,0.00,0.00,0.00,3,2,1,0,0.00,0.00,0.00,0.00,0.00,0.00,0.00,0.00,0.00,0.00,0.00,0.00,0.00,0.00,0.00,0.00,0.00,0.00,0.00,0.00,0.00,0.00,0.00,0.00,0.00,0.00,0.00,0.00,0.00,0.00,0.00,0.00,0.00,0.00,0.00,0.00,0.00,0.00,0.00,0.00,0.00,0.00,0.00,0.00,0.00,0.00,0.00,0.00,0.00,0.00,0.00,0.00,0.00,2366.34,0.00,0.00,0.00,0.00,1995.37
0.00,0.00,0.00,0.00,0.00,0.00,0.50,0.00,0.00,99.50,0.00,71.00,0.00,0.00,0.00,0.00,0.00,0.00,1403.00,0.00,0.00,0.00,0.00,0.00,0.00,0.00,0.00,0.00,696248,1159124,1344472,65.88,47232,537328,3746544,183.59,830356,351472,72,597320,100000,7344,28668,0,0,0,0.00,0,0.00,0,0,0.00,26652,7584,36877,0,0,459,0.00,0.00,0.00,0,0.00,0.00,0.00,0.00,0.00,0.00,0.00,0.00,0.00,0.00,0.00,0.00,0.00,0.00,2792.00,0.00,4059.48,0.00,0.00,0.00,0.00,0.00,0.00,0.00,0.00,0.00,0.00,0.00,0.00,0.00,0.00,0.00,0.00,0.00,0.00,0.00,0.00,0.00,0.00,0.00,0.00,0.00,0.00,0.00,0.00,0.00,0.00,0.00,721,3,5,0,0,0,2790.00,0.00,62.00,0.00,2790.00,62.00,0.00,0.00,0.00,0.00,0.00,0.00,0.00,0.00,0.00,0.00,0.00,0.00,0.00,0.00,0.00,0.00,0.00,0.00,0.00,0.00,0.00,0.00,0.00,0.00,0.00,0.00,0.00,0.00,0.00,0.00,0.00,0.00,0.00,0.00,0.00,0.00,0.00,0.00,62.00,0.00,0.00,0.00,0.00,0.00,0.00,0.00,0.00,0.00,0.00,3,2,1,0,0.00,0.00,0.00,0.00,0.00,0.00,0.00,0.00,0.00,0.00,0.00,0.00,0.00,0.00,0.00,0.00,0.00,0.00,0.00,0.00,0.00,0.00,0.00,0.00,0.00,0.00,0.00,0.00,0.00,0.00,0.00,0.00,0.00,0.00,0.00,0.00,0.00,0.00,0.00,0.00,0.00,0.00,0.00,0.00,0.00,0.00,0.00,0.00,0.00,0.00,0.00,0.00,0.00,2792.00,0.00,0.00,0.00,0.00,1995.37
0.00,0.00,0.00,0.00,0.00,0.00,3.55,0.00,0.00,96.45,0.00,322.00,0.00,0.00,0.00,0.00,4.00,0.00,16360.00,0.00,0.00,0.00,0.00,0.00,0.00,0.00,0.00,0.00,667736,1136284,1372984,67.28,47724,542428,3744980,183.51,850224,357968,24,618116,101820,7344,28828,0,0,0,0.00,0,0.00,0,0,0.00,26554,7616,36920,0,0,459,0.00,0.00,0.00,0,0.00,0.00,0.00,0.00,0.00,0.00,0.00,0.00,0.00,0.00,0.00,0.00,0.00,0.00,32231.00,0.00,46879.88,0.00,0.00,0.00,0.00,0.00,0.00,0.00,0.00,1.00,0.00,0.00,0.00,0.00,0.00,0.00,0.00,0.00,0.00,0.00,0.00,0.00,0.00,0.00,0.00,0.00,0.00,0.00,0.00,0.00,0.00,0.00,722,3,5,0,0,0,32221.00,0.00,716.00,0.00,32220.00,716.00,0.00,0.00,0.00,0.00,0.00,0.00,0.00,0.00,0.00,0.00,0.00,0.00,0.00,0.00,0.00,0.00,0.00,0.00,0.00,0.00,0.00,0.00,0.00,0.00,0.00,0.00,0.00,0.00,0.00,0.00,0.00,0.00,0.00,0.00,0.00,0.00,0.00,0.00,715.00,0.00,0.00,0.00,0.00,0.00,0.00,0.00,0.00,0.00,0.00,3,2,1,0,0.00,0.00,0.00,0.00,0.00,0.00,0.00,0.00,0.00,0.00,0.00,0.00,0.00,0.00,0.00,0.00,0.00,0.00,0.00,0.00,0.00,0.00,0.00,0.00,0.00,0.00,0.00,0.00,0.00,0.00,0.00,0.00,0.00,0.00,0.00,0.00,0.00,0.00,0.00,0.00,0.00,0.00,0.00,0.00,0.00,0.00,0.00,0.00,0.00,0.00,0.00,0.00,0.00,32231.00,0.00,0.00,0.00,0.00,1995.37
0.00,0.00,0.50,0.00,0.00,0.00,5.50,0.00,0.00,94.00,0.00,318.00,0.00,0.00,0.00,0.00,4.00,0.00,17196.00,0.00,0.00,0.00,0.00,0.00,0.00,0.00,0.00,0.00,667768,1136316,1372952,67.28,47724,542444,3744980,183.51,850224,357968,40,618124,101820,7344,28828,0,0,0,0.00,0,0.00,0,0,0.00,26554,7616,36920,0,0,459,0.00,0.00,0.00,0,0.00,0.00,0.00,0.00,0.00,0.00,0.00,0.00,0.00,0.00,0.00,0.00,0.00,0.00,34205.00,0.00,49760.25,0.00,0.00,0.00,0.00,0.00,0.00,0.00,0.00,0.00,0.00,0.00,0.00,0.00,0.00,0.00,0.00,0.00,0.00,0.00,0.00,0.00,0.00,0.00,0.00,0.00,0.00,0.00,0.00,0.00,0.00,0.00,722,3,5,0,0,0,34201.00,0.00,760.00,0.00,34200.00,760.00,0.00,0.00,0.00,0.00,0.00,0.00,0.00,0.00,0.00,0.00,0.00,0.00,0.00,0.00,0.00,0.00,0.00,0.00,0.00,0.00,0.00,0.00,0.00,0.00,0.00,0.00,0.00,0.00,0.00,0.00,0.00,0.00,0.00,0.00,0.00,0.00,0.00,0.00,761.00,0.00,0.00,0.00,0.00,0.00,0.00,0.00,0.00,0.00,0.00,3,2,1,0,0.00,0.00,0.00,0.00,0.00,0.00,0.00,0.00,0.00,0.00,0.00,0.00,0.00,0.00,0.00,0.00,0.00,0.00,0.00,0.00,0.00,0.00,0.00,0.00,0.00,0.00,0.00,0.00,0.00,0.00,0.00,0.00,0.00,0.00,0.00,0.00,0.00,0.00,0.00,0.00,0.00,0.00,0.00,0.00,0.00,0.00,0.00,0.00,0.00,0.00,0.00,0.00,0.00,34250.00,0.00,0.00,0.00,0.00,1995.37
0.49,0.00,0.49,0.00,0.49,0.00,5.42,0.00,0.00,93.10,0.00,319.00,0.00,0.00,0.00,0.00,0.00,0.00,16356.00,0.00,0.00,0.00,0.00,0.00,0.00,0.00,0.00,0.00,667644,1136196,1373076,67.28,47724,542456,3744980,183.51,850224,357968,52,618124,101824,7344,28828,0,0,0,0.00,0,0.00,0,0,0.00,26554,7616,36920,0,0,459,0.00,0.00,0.00,0,0.00,0.00,0.00,0.00,0.00,0.00,0.00,0.00,0.00,0.00,0.00,0.00,0.00,0.00,32503.00,0.00,47272.72,0.00,0.00,0.00,0.00,0.00,0.00,0.00,0.00,1.00,0.00,0.00,0.00,0.00,0.00,0.00,0.00,0.00,0.00,0.00,0.00,0.00,0.00,0.00,0.00,0.00,0.00,0.00,0.00,0.00,0.00,0.00,722,3,5,0,0,0,32489.00,0.00,722.00,0.00,32490.00,722.00,0.00,0.00,0.00,0.00,0.00,0.00,0.00,0.00,0.00,0.00,0.00,0.00,0.00,0.00,0.00,0.00,0.00,0.00,0.00,0.00,0.00,0.00,0.00,0.00,0.00,0.00,0.00,0.00,0.00,0.00,0.00,0.00,0.00,0.00,0.00,0.00,0.00,0.00,721.00,0.00,0.00,0.00,0.00,0.00,0.00,0.00,0.00,0.00,0.00,3,2,1,0,0.00,0.00,0.00,0.00,0.00,0.00,0.00,0.00,0.00,0.00,0.00,0.00,0.00,0.00,0.00,0.00,0.00,0.00,0.00,0.00,0.00,0.00,0.00,0.00,0.00,0.00,0.00,0.00,0.00,0.00,0.00,0.00,0.00,0.00,0.00,0.00,0.00,0.00,0.00,0.00,0.00,0.00,0.00,0.00,0.00,0.00,0.00,0.00,0.00,0.00,0.00,0.00,0.00,32413.00,0.00,0.00,0.00,0.00,1995.37
0.50,0.00,0.00,0.00,0.00,0.00,4.52,0.00,0.00,94.97,0.00,308.00,0.00,0.00,0.00,0.00,0.00,0.00,14932.00,0.00,0.00,0.00,0.00,0.00,0.00,0.00,0.00,0.00,667768,1136320,1372952,67.28,47724,542472,3744980,183.51,850224,357968,68,618124,101824,7344,28828,0,0,0,0.00,0,0.00,0,0,0.00,26554,7616,36920,0,0,459,0.00,0.00,0.00,0,0.00,0.00,0.00,0.00,0.00,0.00,0.00,0.00,0.00,0.00,0.00,0.00,0.00,0.00,29617.00,0.00,43082.36,0.00,0.00,0.00,0.00,0.00,0.00,0.00,0.00,0.00,0.00,0.00,0.00,0.00,0.00,0.00,0.00,0.00,0.00,0.00,0.00,0.00,0.00,0.00,0.00,0.00,0.00,0.00,0.00,0.00,0.00,0.00,722,3,5,0,0,0,29612.00,0.00,659.00,0.00,29610.00,658.00,0.00,0.00,0.00,0.00,0.00,0.00,0.00,0.00,0.00,0.00,0.00,0.00,0.00,0.00,0.00,0.00,0.00,0.00,0.00,0.00,0.00,0.00,0.00,0.00,0.00,0.00,0.00,0.00,0.00,0.00,0.00,0.00,0.00,0.00,0.00,0.00,0.00,0.00,658.00,0.00,0.00,0.00,0.00,0.00,0.00,0.00,0.00,0.00,0.00,3,2,1,0,0.00,0.00,0.00,0.00,0.00,0.00,0.00,0.00,0.00,0.00,0.00,0.00,0.00,0.00,0.00,0.00,0.00,0.00,0.00,0.00,0.00,0.00,0.00,0.00,0.00,0.00,0.00,0.00,0.00,0.00,0.00,0.00,0.00,0.00,0.00,0.00,0.00,0.00,0.00,0.00,0.00,0.00,0.00,0.00,0.00,0.00,0.00,0.00,0.00,0.00,0.00,0.00,0.00,29662.00,0.00,0.00,0.00,0.00,1995.37
0.00,0.00,0.50,0.00,0.00,0.00,5.94,0.00,0.00,93.56,0.00,325.00,0.00,0.00,0.00,0.00,0.00,0.00,16492.00,0.00,0.00,0.00,0.00,0.00,0.00,0.00,0.00,0.00,667864,1136472,1372856,67.27,47724,542488,3744980,183.51,850224,358024,84,618124,101824,7344,28828,0,0,0,0.00,0,0.00,0,0,0.00,26554,7616,36920,0,0,459,0.00,0.00,0.00,0,0.00,0.00,0.00,0.00,0.00,0.00,0.00,0.00,0.00,0.00,0.00,0.00,0.00,0.00,32765.00,0.00,47665.10,0.00,0.00,0.00,0.00,0.00,0.00,0.00,0.00,1.00,0.00,0.00,0.00,0.00,0.00,0.00,0.00,0.00,0.00,0.00,0.00,0.00,0.00,0.00,0.00,0.00,0.00,0.00,0.00,0.00,0.00,0.00,722,3,5,0,0,0,32760.00,0.00,728.00,0.00,32760.00,728.00,0.00,0.00,0.00,0.00,0.00,0.00,0.00,0.00,0.00,0.00,0.00,0.00,0.00,0.00,0.00,0.00,0.00,0.00,0.00,0.00,0.00,0.00,0.00,0.00,0.00,0.00,0.00,0.00,0.00,0.00,0.00,0.00,0.00,0.00,0.00,0.00,0.00,0.00,728.00,0.00,0.00,0.00,0.00,0.00,0.00,0.00,0.00,0.00,0.00,3,2,1,0,0.00,0.00,0.00,0.00,0.00,0.00,0.00,0.00,0.00,0.00,0.00,0.00,0.00,0.00,0.00,0.00,0.00,0.00,0.00,0.00,0.00,0.00,0.00,0.00,0.00,0.00,0.00,0.00,0.00,0.00,0.00,0.00,0.00,0.00,0.00,0.00,0.00,0.00,0.00,0.00,0.00,0.00,0.00,0.00,0.00,0.00,0.00,0.00,0.00,0.00,0.00,0.00,0.00,32720.00,0.00,0.00,0.00,0.00,1995.37
0.50,0.00,0.00,2.50,0.50,0.00,4.50,0.00,0.00,92.00,0.00,321.00,0.00,0.00,0.00,36.00,0.00,0.00,14429.00,0.00,0.00,0.00,0.00,2.00,0.00,2.00,0.00,72.00,667864,1136476,1372856,67.27,47732,542504,3744980,183.51,850276,358028,124,618124,101824,7344,28828,0,0,0,0.00,0,0.00,0,0,0.00,26554,7616,36920,0,0,459,0.00,0.00,0.00,0,0.00,0.00,0.00,0.00,0.00,0.00,2.00,0.00,36.00,18.00,0.00,28.00,0.00,0.00,28623.00,0.00,41641.41,0.00,0.00,0.00,0.00,0.00,0.00,0.00,0.00,0.00,0.00,0.00,0.00,0.00,0.00,0.00,0.00,0.00,0.00,0.00,0.00,0.00,0.00,0.00,0.00,0.00,0.00,0.00,0.00,0.00,0.00,0.00,722,3,5,0,0,0,28620.00,0.00,636.00,0.00,28620.00,636.00,0.00,0.00,0.00,0.00,0.00,0.00,0.00,0.00,0.00,0.00,0.00,0.00,0.00,0.00,0.00,0.00,0.00,0.00,0.00,0.00,0.00,0.00,0.00,0.00,0.00,0.00,0.00,0.00,0.00,0.00,0.00,0.00,0.00,0.00,0.00,0.00,0.00,0.00,636.00,0.00,0.00,0.00,0.00,0.00,0.00,0.00,0.00,0.00,0.00,3,2,1,0,0.00,0.00,0.00,0.00,0.00,0.00,0.00,0.00,0.00,0.00,0.00,0.00,0.00,0.00,0.00,0.00,0.00,0.00,0.00,0.00,0.00,0.00,0.00,0.00,0.00,0.00,0.00,0.00,0.00,0.00,0.00,0.00,0.00,0.00,0.00,0.00,0.00,0.00,0.00,0.00,0.00,0.00,0.00,0.00,0.00,0.00,0.00,0.00,0.00,0.00,0.00,0.00,0.00,28623.00,0.00,0.00,0.00,0.00,1995.37
1.00,0.00,0.00,0.00,0.00,0.00,4.00,0.00,0.00,95.00,0.00,315.00,0.00,0.00,0.00,0.00,0.00,0.00,13694.00,0.00,0.00,0.00,0.00,0.00,0.00,0.00,0.00,0.00,667704,1136316,1373016,67.28,47732,542520,3744980,183.51,850276,358028,140,618124,101824,7344,28828,0,0,0,0.00,0,0.00,0,0,0.00,26554,7616,36920,0,0,459,0.00,0.00,0.00,0,0.00,0.00,0.00,0.00,0.00,0.00,0.00,0.00,0.00,0.00,0.00,0.00,0.00,0.00,27239.00,0.00,39612.37,0.00,0.00,0.00,0.00,0.00,0.00,0.00,0.00,1.00,0.00,0.00,0.00,0.00,0.00,0.00,0.00,0.00,0.00,0.00,0.00,0.00,0.00,0.00,0.00,0.00,0.00,0.00,0.00,0.00,0.00,0.00,722,3,5,0,0,0,27225.00,0.00,605.00,0.00,27225.00,605.00,0.00,0.00,0.00,0.00,0.00,0.00,0.00,0.00,0.00,0.00,0.00,0.00,0.00,0.00,0.00,0.00,0.00,0.00,0.00,0.00,0.00,0.00,0.00,0.00,0.00,0.00,0.00,0.00,0.00,0.00,0.00,0.00,0.00,0.00,0.00,0.00,0.00,0.00,605.00,0.00,0.00,0.00,0.00,0.00,0.00,0.00,0.00,0.00,0.00,3,2,1,0,0.00,0.00,0.00,0.00,0.00,0.00,0.00,0.00,0.00,0.00,0.00,0.00,0.00,0.00,0.00,0.00,0.00,0.00,0.00,0.00,0.00,0.00,0.00,0.00,0.00,0.00,0.00,0.00,0.00,0.00,0.00,0.00,0.00,0.00,0.00,0.00,0.00,0.00,0.00,0.00,0.00,0.00,0.00,0.00,0.00,0.00,0.00,0.00,0.00,0.00,0.00,0.00,0.00,27239.00,0.00,0.00,0.00,0.00,1995.37
0.00,0.00,0.00,0.00,0.00,0.00,3.05,0.00,0.00,96.95,0.00,295.00,0.00,0.00,0.00,0.00,0.00,0.00,12524.00,0.00,0.00,0.00,0.00,0.00,0.00,0.00,0.00,0.00,667832,1136500,1372888,67.27,47732,542536,3744980,183.51,850276,358084,156,618124,101824,7344,28828,0,0,0,0.00,0,0.00,0,0,0.00,26554,7616,36920,0,0,459,0.00,0.00,0.00,0,0.00,0.00,0.00,0.00,0.00,0.00,0.00,0.00,0.00,0.00,0.00,0.00,0.00,0.00,24899.00,0.00,36207.74,0.00,0.00,0.00,0.00,0.00,0.00,0.00,0.00,0.00,0.00,0.00,0.00,0.00,0.00,0.00,0.00,0.00,0.00,0.00,0.00,0.00,0.00,0.00,0.00,0.00,0.00,0.00,0.00,0.00,0.00,0.00,722,3,5,0,1,0,24910.00,0.00,553.00,0.00,24910.00,553.00,0.00,0.00,0.00,0.00,0.00,0.00,0.00,0.00,0.00,0.00,0.00,0.00,0.00,0.00,0.00,0.00,0.00,0.00,0.00,0.00,0.00,0.00,0.00,0.00,0.00,0.00,0.00,0.00,0.00,0.00,0.00,0.00,0.00,0.00,0.00,0.00,0.00,0.00,554.00,0.00,0.00,0.00,0.00,0.00,0.00,0.00,0.00,0.00,0.00,3,2,1,0,0.00,0.00,0.00,0.00,0.00,0.00,0.00,0.00,0.00,0.00,0.00,0.00,0.00,0.00,0.00,0.00,0.00,0.00,0.00,0.00,0.00,0.00,0.00,0.00,0.00,0.00,0.00,0.00,0.00,0.00,0.00,0.00,0.00,0.00,0.00,0.00,0.00,0.00,0.00,0.00,0.00,0.00,0.00,0.00,0.00,0.00,0.00,0.00,0.00,0.00,0.00,0.00,0.00,24944.00,0.00,0.00,0.00,0.00,1995.37
0.00,0.00,1.01,0.00,0.00,0.00,2.53,0.00,0.00,96.46,0.00,289.00,0.00,0.00,0.00,0.00,0.00,0.00,12900.00,0.00,0.00,0.00,0.00,0.00,0.00,0.00,0.00,0.00,667704,1136372,1373016,67.28,47732,542552,3744980,183.51,850276,358084,172,618124,101824,7344,28828,0,0,0,0.00,0,0.00,0,0,0.00,26554,7616,36920,0,0,459,0.00,0.00,0.00,0,0.00,0.00,0.00,0.00,0.00,0.00,0.00,0.00,0.00,0.00,0.00,0.00,0.00,0.00,25609.00,0.00,37254.73,0.00,0.00,0.00,0.00,0.00,0.00,0.00,0.00,1.00,0.00,0.00,0.00,0.00,0.00,0.00,0.00,0.00,0.00,0.00,0.00,0.00,0.00,0.00,0.00,0.00,0.00,0.00,0.00,0.00,0.00,0.00,722,3,5,0,0,0,25580.00,0.00,569.00,0.00,25580.00,569.00,0.00,0.00,0.00,0.00,0.00,0.00,0.00,0.00,0.00,0.00,0.00,0.00,0.00,0.00,0.00,0.00,0.00,0.00,0.00,0.00,0.00,0.00,0.00,0.00,0.00,0.00,0.00,0.00,0.00,0.00,0.00,0.00,0.00,0.00,0.00,0.00,0.00,0.00,568.00,0.00,0.00,0.00,0.00,0.00,0.00,0.00,0.00,0.00,0.00,3,2,1,0,0.00,0.00,0.00,0.00,0.00,0.00,0.00,0.00,0.00,0.00,0.00,0.00,0.00,0.00,0.00,0.00,0.00,0.00,0.00,0.00,0.00,0.00,0.00,0.00,0.00,0.00,0.00,0.00,0.00,0.00,0.00,0.00,0.00,0.00,0.00,0.00,0.00,0.00,0.00,0.00,0.00,0.00,0.00,0.00,0.00,0.00,0.00,0.00,0.00,0.00,0.00,0.00,0.00,25564.00,0.00,0.00,0.00,0.00,1995.37
0.50,0.00,0.00,0.00,0.50,0.00,3.50,0.00,0.00,95.50,0.00,296.00,0.00,0.00,0.00,0.00,0.00,0.00,11044.00,0.00,0.00,0.00,0.00,0.00,0.00,0.00,0.00,0.00,667644,1136312,1373076,67.28,47732,542568,3744980,183.51,850276,358084,188,618124,101824,7344,28828,0,0,0,0.00,0,0.00,0,0,0.00,26554,7616,36920,0,0,459,0.00,0.00,0.00,0,0.00,0.00,0.00,0.00,0.00,0.00,0.00,0.00,0.00,0.00,0.00,0.00,0.00,0.00,21972.00,0.00,31951.84,0.00,0.00,0.00,0.00,0.00,0.00,0.00,0.00,0.00,0.00,0.00,0.00,0.00,0.00,0.00,0.00,0.00,0.00,0.00,0.00,0.00,0.00,0.00,0.00,0.00,0.00,0.00,0.00,0.00,0.00,0.00,722,3,5,0,0,0,21960.00,0.00,488.00,0.00,21960.00,488.00,0.00,0.00,0.00,0.00,0.00,0.00,0.00,0.00,0.00,0.00,0.00,0.00,0.00,0.00,0.00,0.00,0.00,0.00,0.00,0.00,0.00,0.00,0.00,0.00,0.00,0.00,0.00,0.00,0.00,0.00,0.00,0.00,0.00,0.00,0.00,0.00,0.00,0.00,489.00,0.00,0.00,0.00,0.00,0.00,0.00,0.00,0.00,0.00,0.00,3,2,1,0,0.00,0.00,0.00,0.00,0.00,0.00,0.00,0.00,0.00,0.00,0.00,0.00,0.00,0.00,0.00,0.00,0.00,0.00,0.00,0.00,0.00,0.00,0.00,0.00,0.00,0.00,0.00,0.00,0.00,0.00,0.00,0.00,0.00,0.00,0.00,0.00,0.00,0.00,0.00,0.00,0.00,0.00,0.00,0.00,0.00,0.00,0.00,0.00,0.00,0.00,0.00,0.00,0.00,22017.00,0.00,0.00,0.00,0.00,1995.37
0.00,0.00,0.00,1.51,0.00,0.00,3.02,0.00,0.00,95.48,0.00,313.00,0.00,0.00,0.00,12.00,0.00,0.00,9932.00,0.00,0.00,0.00,0.00,2.00,0.00,2.00,0.00,24.00,667676,1136344,1373044,67.28,47740,542580,3744980,183.51,850276,358084,200,618124,101824,7344,28828,0,0,0,0.00,0,0.00,0,0,0.00,26554,7616,36920,0,0,459,0.00,0.00,0.00,0,0.00,0.00,0.00,0.00,0.00,0.00,2.00,0.00,12.00,6.00,0.00,18.00,0.00,0.00,19689.00,0.00,28613.71,0.00,0.00,0.00,0.00,0.00,0.00,0.00,0.00,3.00,0.00,0.00,0.00,0.00,0.00,0.00,0.00,0.00,0.00,0.00,0.00,0.00,0.00,0.00,0.00,0.00,0.00,0.00,0.00,0.00,0.00,0.00,722,3,5,0,0,0,19711.00,0.00,439.00,0.00,19710.00,438.00,0.00,0.00,0.00,0.00,0.00,0.00,0.00,0.00,0.00,0.00,0.00,0.00,0.00,0.00,0.00,0.00,0.00,0.00,0.00,0.00,0.00,0.00,0.00,0.00,0.00,0.00,0.00,0.00,0.00,0.00,0.00,0.00,0.00,0.00,0.00,0.00,0.00,0.00,437.00,0.00,0.00,0.00,0.00,0.00,0.00,0.00,0.00,0.00,0.00,3,2,1,0,0.00,0.00,0.00,0.00,0.00,0.00,0.00,0.00,0.00,0.00,0.00,0.00,0.00,0.00,0.00,0.00,0.00,0.00,0.00,0.00,0.00,0.00,0.00,0.00,0.00,0.00,0.00,0.00,0.00,0.00,0.00,0.00,0.00,0.00,0.00,0.00,0.00,0.00,0.00,0.00,0.00,0.00,0.00,0.00,0.00,0.00,0.00,0.00,0.00,0.00,0.00,0.00,0.00,19689.00,0.00,0.00,0.00,0.00,1995.37
0.00,0.00,0.51,0.00,0.00,0.00,2.02,0.00,0.00,97.47,0.00,291.00,0.00,0.00,0.00,0.00,0.00,0.00,8699.00,0.00,0.00,0.00,0.00,0.00,0.00,0.00,0.00,0.00,667644,1136368,1373076,67.28,47740,542596,3744980,183.51,850276,358140,216,618124,101824,7344,28828,0,0,0,0.00,0,0.00,0,0,0.00,26554,7616,36920,0,0,459,0.00,0.00,0.00,0,0.00,0.00,0.00,0.00,0.00,0.00,0.00,0.00,0.00,0.00,0.00,0.00,0.00,0.00,17378.00,0.00,25273.29,0.00,0.00,0.00,0.00,0.00,0.00,0.00,0.00,0.00,0.00,0.00,0.00,0.00,0.00,0.00,0.00,0.00,0.00,0.00,0.00,0.00,0.00,0.00,0.00,0.00,0.00,0.00,0.00,0.00,0.00,0.00,722,3,5,0,0,0,17325.00,0.00,385.00,0.00,17325.00,385.00,0.00,0.00,0.00,0.00,0.00,0.00,0.00,0.00,0.00,0.00,0.00,0.00,0.00,0.00,0.00,0.00,0.00,0.00,0.00,0.00,0.00,0.00,0.00,0.00,0.00,0.00,0.00,0.00,0.00,0.00,0.00,0.00,0.00,0.00,0.00,0.00,0.00,0.00,385.00,0.00,0.00,0.00,0.00,0.00,0.00,0.00,0.00,0.00,0.00,3,2,1,0,0.00,0.00,0.00,0.00,0.00,0.00,0.00,0.00,0.00,0.00,0.00,0.00,0.00,0.00,0.00,0.00,0.00,0.00,0.00,0.00,0.00,0.00,0.00,0.00,0.00,0.00,0.00,0.00,0.00,0.00,0.00,0.00,0.00,0.00,0.00,0.00,0.00,0.00,0.00,0.00,0.00,0.00,0.00,0.00,0.00,0.00,0.00,0.00,0.00,0.00,0.00,0.00,0.00,17333.00,0.00,0.00,0.00,0.00,1995.37
0.00,0.00,0.00,0.00,0.00,0.00,3.48,0.00,0.00,96.52,0.00,300.00,0.00,0.00,0.00,0.00,0.00,0.00,9611.00,0.00,0.00,0.00,0.00,0.00,0.00,0.00,0.00,0.00,667644,1136368,1373076,67.28,47740,542612,3744980,183.51,850276,358140,232,618124,101828,7344,28828,0,0,0,0.00,0,0.00,0,0,0.00,26554,7616,36920,0,0,459,0.00,0.00,0.00,0,0.00,0.00,0.00,0.00,0.00,0.00,0.00,0.00,0.00,0.00,0.00,0.00,0.00,0.00,19040.00,0.00,27695.64,0.00,0.00,0.00,0.00,0.00,0.00,0.00,0.00,1.00,0.00,0.00,0.00,0.00,0.00,0.00,0.00,0.00,0.00,0.00,0.00,0.00,0.00,0.00,0.00,0.00,0.00,0.00,0.00,0.00,0.00,0.00,722,3,5,0,0,0,19035.00,0.00,423.00,0.00,19035.00,423.00,0.00,0.00,0.00,0.00,0.00,0.00,0.00,0.00,0.00,0.00,0.00,0.00,0.00,0.00,0.00,0.00,0.00,0.00,0.00,0.00,0.00,0.00,0.00,0.00,0.00,0.00,0.00,0.00,0.00,0.00,0.00,0.00,0.00,0.00,0.00,0.00,0.00,0.00,423.00,0.00,0.00,0.00,0.00,0.00,0.00,0.00,0.00,0.00,0.00,3,2,1,0,0.00,0.00,0.00,0.00,0.00,0.00,0.00,0.00,0.00,0.00,0.00,0.00,0.00,0.00,0.00,0.00,0.00,0.00,0.00,0.00,0.00,0.00,0.00,0.00,0.00,0.00,0.00,0.00,0.00,0.00,0.00,0.00,0.00,0.00,0.00,0.00,0.00,0.00,0.00,0.00,0.00,0.00,0.00,0.00,0.00,0.00,0.00,0.00,0.00,0.00,0.00,0.00,0.00,19040.00,0.00,0.00,0.00,0.00,1995.37
0.50,0.00,0.00,0.00,0.50,0.00,3.00,0.00,0.00,96.00,0.00,297.00,0.00,0.00,0.00,0.00,0.00,0.00,10499.00,0.00,0.00,0.00,0.00,0.00,0.00,0.00,0.00,0.00,667708,1136432,1373012,67.28,47740,542628,3744980,183.51,850276,358140,248,618124,101828,7344,28828,0,0,0,0.00,0,0.00,0,0,0.00,26554,7616,36920,0,0,459,0.00,0.00,0.00,0,0.00,0.00,0.00,0.00,0.00,0.00,0.00,0.00,0.00,0.00,0.00,0.00,0.00,0.00,20886.00,0.00,30380.61,0.00,0.00,0.00,0.00,0.00,0.00,0.00,0.00,0.00,0.00,0.00,0.00,0.00,0.00,0.00,0.00,0.00,0.00,0.00,0.00,0.00,0.00,0.00,0.00,0.00,0.00,0.00,0.00,0.00,0.00,0.00,722,3,5,0,0,0,20882.00,0.00,464.00,0.00,20880.00,464.00,0.00,0.00,0.00,0.00,0.00,0.00,0.00,0.00,0.00,0.00,0.00,0.00,0.00,0.00,0.00,0.00,0.00,0.00,0.00,0.00,0.00,0.00,0.00,0.00,0.00,0.00,0.00,0.00,0.00,0.00,0.00,0.00,0.00,0.00,0.00,0.00,0.00,0.00,464.00,0.00,0.00,0.00,0.00,0.00,0.00,0.00,0.00,0.00,0.00,3,2,1,0,0.00,0.00,0.00,0.00,0.00,0.00,0.00,0.00,0.00,0.00,0.00,0.00,0.00,0.00,0.00,0.00,0.00,0.00,0.00,0.00,0.00,0.00,0.00,0.00,0.00,0.00,0.00,0.00,0.00,0.00,0.00,0.00,0.00,0.00,0.00,0.00,0.00,0.00,0.00,0.00,0.00,0.00,0.00,0.00,0.00,0.00,0.00,0.00,0.00,0.00,0.00,0.00,0.00,20886.00,0.00,0.00,0.00,0.00,1995.37
0.00,0.00,0.50,0.00,0.00,0.00,4.00,0.00,0.00,95.50,0.00,307.00,0.00,0.00,0.00,0.00,0.00,0.00,11659.00,0.00,0.00,0.00,0.00,0.00,0.00,0.00,0.00,0.00,667612,1136336,1373108,67.29,47740,542644,3744980,183.51,850276,358140,264,618124,101828,7344,28828,0,0,0,0.00,0,0.00,0,0,0.00,26554,7616,36920,0,0,459,0.00,0.00,0.00,0,0.00,0.00,0.00,0.00,0.00,0.00,0.00,0.00,0.00,0.00,0.00,0.00,0.00,0.00,23144.00,0.00,33654.89,0.00,0.00,0.00,0.00,0.00,0.00,0.00,0.00,1.00,0.00,0.00,0.00,0.00,0.00,0.00,0.00,0.00,0.00,0.00,0.00,0.00,0.00,0.00,0.00,0.00,0.00,0.00,0.00,0.00,0.00,0.00,722,3,5,0,0,0,23131.00,0.00,514.00,0.00,23130.00,514.00,0.00,0.00,0.00,0.00,0.00,0.00,0.00,0.00,0.00,0.00,0.00,0.00,0.00,0.00,0.00,0.00,0.00,0.00,0.00,0.00,0.00,0.00,0.00,0.00,0.00,0.00,0.00,0.00,0.00,0.00,0.00,0.00,0.00,0.00,0.00,0.00,0.00,0.00,514.00,0.00,0.00,0.00,0.00,0.00,0.00,0.00,0.00,0.00,0.00,3,2,1,0,0.00,0.00,0.00,0.00,0.00,0.00,0.00,0.00,0.00,0.00,0.00,0.00,0.00,0.00,0.00,0.00,0.00,0.00,0.00,0.00,0.00,0.00,0.00,0.00,0.00,0.00,0.00,0.00,0.00,0.00,0.00,0.00,0.00,0.00,0.00,0.00,0.00,0.00,0.00,0.00,0.00,0.00,0.00,0.00,0.00,0.00,0.00,0.00,0.00,0.00,0.00,0.00,0.00,23144.00,0.00,0.00,0.00,0.00,1995.37
0.50,0.00,0.50,3.48,0.00,0.00,2.99,0.00,0.00,92.54,0.00,312.00,0.00,0.00,0.00,12.00,0.00,0.00,7949.00,0.00,0.00,0.00,0.00,2.00,0.00,2.00,0.00,24.00,667708,1136488,1373012,67.28,47748,542660,3744980,183.51,850276,358196,280,618124,101828,7344,28828,0,0,0,0.00,0,0.00,0,0,0.00,26554,7616,36920,0,0,459,0.00,0.00,0.00,0,0.00,0.00,0.00,0.00,0.00,0.00,2.00,0.00,12.00,6.00,0.00,38.00,0.00,0.00,15763.00,0.00,22917.89,0.00,0.00,0.00,0.00,0.00,0.00,0.00,0.00,0.00,0.00,0.00,0.00,0.00,0.00,0.00,0.00,0.00,0.00,0.00,0.00,0.00,0.00,0.00,0.00,0.00,0.00,0.00,0.00,0.00,0.00,0.00,722,3,5,0,0,0,15753.00,0.00,350.00,0.00,15750.00,350.00,0.00,0.00,0.00,0.00,0.00,0.00,0.00,0.00,0.00,0.00,0.00,0.00,0.00,0.00,0.00,0.00,0.00,0.00,0.00,0.00,0.00,0.00,0.00,0.00,0.00,0.00,0.00,0.00,0.00,0.00,0.00,0.00,0.00,0.00,0.00,0.00,0.00,0.00,350.00,0.00,0.00,0.00,0.00,0.00,0.00,0.00,0.00,0.00,0.00,3,2,1,0,0.00,0.00,0.00,0.00,0.00,0.00,0.00,0.00,0.00,0.00,0.00,0.00,0.00,0.00,0.00,0.00,0.00,0.00,0.00,0.00,0.00,0.00,0.00,0.00,0.00,0.00,0.00,0.00,0.00,0.00,0.00,0.00,0.00,0.00,0.00,0.00,0.00,0.00,0.00,0.00,0.00,0.00,0.00,0.00,0.00,0.00,0.00,0.00,0.00,0.00,0.00,0.00,0.00,15763.00,0.00,0.00,0.00,0.00,1995.37
0.00,0.00,0.00,0.00,0.00,0.00,2.03,0.00,0.00,97.97,0.00,293.00,0.00,0.00,0.00,0.00,0.00,0.00,7572.00,0.00,0.00,0.00,0.00,0.00,0.00,0.00,0.00,0.00,667580,1136360,1373140,67.29,47748,542676,3744980,183.51,850276,358196,296,618124,101828,7344,28828,0,0,0,0.00,0,0.00,0,0,0.00,26554,7616,36920,0,0,459,0.00,0.00,0.00,0,0.00,0.00,0.00,0.00,0.00,0.00,0.00,0.00,0.00,0.00,0.00,0.00,0.00,0.00,15048.00,0.00,21870.37,0.00,0.00,0.00,0.00,0.00,0.00,0.00,0.00,1.00,0.00,0.00,0.00,0.00,0.00,0.00,0.00,0.00,0.00,0.00,0.00,0.00,0.00,0.00,0.00,0.00,0.00,0.00,0.00,0.00,0.00,0.00,722,3,5,0,0,0,15039.00,0.00,338.00,0.00,15030.00,334.00,0.00,0.00,0.00,0.00,0.00,0.00,0.00,0.00,0.00,0.00,0.00,0.00,0.00,0.00,0.00,0.00,0.00,0.00,0.00,0.00,0.00,0.00,0.00,0.00,0.00,0.00,0.00,0.00,0.00,0.00,0.00,0.00,0.00,0.00,0.00,0.00,0.00,0.00,334.00,0.00,0.00,0.00,0.00,0.00,0.00,0.00,0.00,0.00,0.00,3,2,1,0,0.00,0.00,0.00,0.00,0.00,0.00,0.00,0.00,0.00,0.00,0.00,0.00,0.00,0.00,0.00,0.00,0.00,0.00,0.00,0.00,0.00,0.00,0.00,0.00,0.00,0.00,0.00,0.00,0.00,0.00,0.00,0.00,0.00,0.00,0.00,0.00,0.00,0.00,0.00,0.00,0.00,0.00,0.00,0.00,0.00,0.00,0.00,0.00,0.00,0.00,0.00,0.00,0.00,15048.00,0.00,0.00,0.00,0.00,1995.37
0.50,0.00,0.00,0.00,0.50,0.00,2.49,0.00,0.00,96.52,0.00,289.00,0.00,0.00,0.00,0.00,0.00,0.00,6227.00,0.00,0.00,0.00,0.00,0.00,0.00,0.00,0.00,0.00,667488,1136268,1373232,67.29,47748,542692,3744980,183.51,850276,358196,312,618124,101828,7344,28828,0,0,0,0.00,0,0.00,0,0,0.00,26554,7616,36920,0,0,459,0.00,0.00,0.00,0,0.00,0.00,0.00,0.00,0.00,0.00,0.00,0.00,0.00,0.00,0.00,0.00,0.00,0.00,12337.00,0.00,17940.19,0.00,0.00,0.00,0.00,0.00,0.00,0.00,0.00,0.00,0.00,0.00,0.00,0.00,0.00,0.00,0.00,0.00,0.00,0.00,0.00,0.00,0.00,0.00,0.00,0.00,0.00,0.00,0.00,0.00,0.00,0.00,722,3,5,0,0,0,12330.00,0.00,274.00,0.00,12330.00,274.00,0.00,0.00,0.00,0.00,0.00,0.00,0.00,0.00,0.00,0.00,0.00,0.00,0.00,0.00,0.00,0.00,0.00,0.00,0.00,0.00,0.00,0.00,0.00,0.00,0.00,0.00,0.00,0.00,0.00,0.00,0.00,0.00,0.00,0.00,0.00,0.00,0.00,0.00,274.00,0.00,0.00,0.00,0.00,0.00,0.00,0.00,0.00,0.00,0.00,3,2,1,0,0.00,0.00,0.00,0.00,0.00,0.00,0.00,0.00,0.00,0.00,0.00,0.00,0.00,0.00,0.00,0.00,0.00,0.00,0.00,0.00,0.00,0.00,0.00,0.00,0.00,0.00,0.00,0.00,0.00,0.00,0.00,0.00,0.00,0.00,0.00,0.00,0.00,0.00,0.00,0.00,0.00,0.00,0.00,0.00,0.00,0.00,0.00,0.00,0.00,0.00,0.00,0.00,0.00,12382.00,0.00,0.00,0.00,0.00,1995.37
0.00,0.00,0.50,0.00,0.00,0.00,1.51,0.00,0.00,97.99,0.00,283.00,0.00,0.00,0.00,0.00,0.00,0.00,5972.00,0.00,0.00,0.00,0.00,0.00,0.00,0.00,0.00,0.00,667520,1136356,1373200,67.29,47748,542708,3744980,183.51,850276,358252,328,618124,101828,7344,28828,0,0,0,0.00,0,0.00,0,0,0.00,26554,7616,36920,0,0,459,0.00,0.00,0.00,0,0.00,0.00,0.00,0.00,0.00,0.00,0.00,0.00,0.00,0.00,0.00,0.00,0.00,0.00,11851.00,0.00,17221.24,0.00,0.00,0.00,0.00,0.00,0.00,0.00,0.00,1.00,0.00,0.00,0.00,0.00,0.00,0.00,0.00,0.00,0.00,0.00,0.00,0.00,0.00,0.00,0.00,0.00,0.00,0.00,0.00,0.00,0.00,0.00,722,3,5,0,0,0,11837.00,0.00,263.00,0.00,11835.00,263.00,0.00,0.00,0.00,0.00,0.00,0.00,0.00,0.00,0.00,0.00,0.00,0.00,0.00,0.00,0.00,0.00,0.00,0.00,0.00,0.00,0.00,0.00,0.00,0.00,0.00,0.00,0.00,0.00,0.00,0.00,0.00,0.00,0.00,0.00,0.00,0.00,0.00,0.00,263.00,0.00,0.00,0.00,0.00,0.00,0.00,0.00,0.00,0.00,0.00,3,2,1,0,0.00,0.00,0.00,0.00,0.00,0.00,0.00,0.00,0.00,0.00,0.00,0.00,0.00,0.00,0.00,0.00,0.00,0.00,0.00,0.00,0.00,0.00,0.00,0.00,0.00,0.00,0.00,0.00,0.00,0.00,0.00,0.00,0.00,0.00,0.00,0.00,0.00,0.00,0.00,0.00,0.00,0.00,0.00,0.00,0.00,0.00,0.00,0.00,0.00,0.00,0.00,0.00,0.00,11806.00,0.00,0.00,0.00,0.00,1995.37
0.50,0.00,0.00,0.00,0.00,0.00,2.49,0.00,0.00,97.01,0.00,285.00,0.00,0.00,0.00,0.00,0.00,0.00,5588.00,0.00,0.00,0.00,0.00,0.00,0.00,0.00,0.00,0.00,667520,1136356,1373200,67.29,47748,542720,3744980,183.51,850276,358252,340,618124,101828,7344,28828,0,0,0,0.00,0,0.00,0,0,0.00,26554,7616,36920,0,0,459,0.00,0.00,0.00,0,0.00,0.00,0.00,0.00,0.00,0.00,0.00,0.00,0.00,0.00,0.00,0.00,0.00,0.00,11126.00,0.00,16172.94,0.00,0.00,0.00,0.00,0.00,0.00,0.00,0.00,0.00,0.00,0.00,0.00,0.00,0.00,0.00,0.00,0.00,0.00,0.00,0.00,0.00,0.00,0.00,0.00,0.00,0.00,0.00,0.00,0.00,0.00,0.00,722,3,5,0,0,0,11116.00,0.00,248.00,0.00,11115.00,247.00,0.00,0.00,0.00,0.00,0.00,0.00,0.00,0.00,0.00,0.00,0.00,0.00,0.00,0.00,0.00,0.00,0.00,0.00,0.00,0.00,0.00,0.00,0.00,0.00,0.00,0.00,0.00,0.00,0.00,0.00,0.00,0.00,0.00,0.00,0.00,0.00,0.00,0.00,247.00,0.00,0.00,0.00,0.00,0.00,0.00,0.00,0.00,0.00,0.00,3,2,1,0,0.00,0.00,0.00,0.00,0.00,0.00,0.00,0.00,0.00,0.00,0.00,0.00,0.00,0.00,0.00,0.00,0.00,0.00,0.00,0.00,0.00,0.00,0.00,0.00,0.00,0.00,0.00,0.00,0.00,0.00,0.00,0.00,0.00,0.00,0.00,0.00,0.00,0.00,0.00,0.00,0.00,0.00,0.00,0.00,0.00,0.00,0.00,0.00,0.00,0.00,0.00,0.00,0.00,11126.00,0.00,0.00,0.00,0.00,1995.37
0.00,0.00,0.50,2.51,0.00,0.00,1.51,0.00,0.00,95.48,0.00,304.00,0.00,0.00,0.00,12.00,2.00,0.00,4932.00,0.00,0.00,0.00,0.00,2.00,0.00,2.00,0.00,24.00,667580,1136416,1373140,67.29,47756,542736,3744980,183.51,850276,358252,356,618124,101828,7344,28828,0,0,0,0.00,0,0.00,0,0,0.00,26554,7616,36920,0,0,459,0.00,0.00,0.00,0,0.00,0.00,0.00,0.00,0.00,0.00,2.00,0.00,12.00,6.00,0.00,26.00,0.00,0.00,9819.00,0.00,14274.40,0.00,0.00,0.00,0.00,0.00,0.00,0.00,0.00,1.00,0.00,0.00,0.00,0.00,0.00,0.00,0.00,0.00,0.00,0.00,0.00,0.00,0.00,0.00,0.00,0.00,0.00,0.00,0.00,0.00,0.00,0.00,722,3,5,0,0,0,9811.00,0.00,218.00,0.00,9810.00,218.00,0.00,0.00,0.00,0.00,0.00,0.00,0.00,0.00,0.00,0.00,0.00,0.00,0.00,0.00,0.00,0.00,0.00,0.00,0.00,0.00,0.00,0.00,0.00,0.00,0.00,0.00,0.00,0.00,0.00,0.00,0.00,0.00,0.00,0.00,0.00,0.00,0.00,0.00,218.00,0.00,0.00,0.00,0.00,0.00,0.00,0.00,0.00,0.00,0.00,3,2,1,0,0.00,0.00,0.00,0.00,0.00,0.00,0.00,0.00,0.00,0.00,0.00,0.00,0.00,0.00,0.00,0.00,0.00,0.00,0.00,0.00,0.00,0.00,0.00,0.00,0.00,0.00,0.00,0.00,0.00,0.00,0.00,0.00,0.00,0.00,0.00,0.00,0.00,0.00,0.00,0.00,0.00,0.00,0.00,0.00,0.00,0.00,0.00,0.00,0.00,0.00,0.00,0.00,0.00,9819.00,0.00,0.00,0.00,0.00,1995.37
0.00,0.00,0.00,0.00,0.00,0.00,2.00,0.00,0.00,98.00,0.00,289.00,0.00,0.00,0.00,0.00,0.00,0.00,3796.00,0.00,0.00,0.00,0.00,0.00,0.00,0.00,0.00,0.00,667612,1136480,1373108,67.29,47756,542752,3744980,183.51,850276,358284,372,618124,101828,7344,28828,0,0,0,0.00,0,0.00,0,0,0.00,26554,7616,36920,0,0,459,0.00,0.00,0.00,0,0.00,0.00,0.00,0.00,0.00,0.00,0.00,0.00,0.00,0.00,0.00,0.00,0.00,0.00,7567.00,0.00,11000.10,0.00,0.00,0.00,0.00,0.00,0.00,0.00,0.00,0.00,0.00,0.00,0.00,0.00,0.00,0.00,0.00,0.00,0.00,0.00,0.00,0.00,0.00,0.00,0.00,0.00,0.00,0.00,0.00,0.00,0.00,0.00,722,3,5,0,0,0,7561.00,0.00,168.00,0.00,7560.00,168.00,0.00,0.00,0.00,0.00,0.00,0.00,0.00,0.00,0.00,0.00,0.00,0.00,0.00,0.00,0.00,0.00,0.00,0.00,0.00,0.00,0.00,0.00,0.00,0.00,0.00,0.00,0.00,0.00,0.00,0.00,0.00,0.00,0.00,0.00,0.00,0.00,0.00,0.00,168.00,0.00,0.00,0.00,0.00,0.00,0.00,0.00,0.00,0.00,0.00,3,2,1,0,0.00,0.00,0.00,0.00,0.00,0.00,0.00,0.00,0.00,0.00,0.00,0.00,0.00,0.00,0.00,0.00,0.00,0.00,0.00,0.00,0.00,0.00,0.00,0.00,0.00,0.00,0.00,0.00,0.00,0.00,0.00,0.00,0.00,0.00,0.00,0.00,0.00,0.00,0.00,0.00,0.00,0.00,0.00,0.00,0.00,0.00,0.00,0.00,0.00,0.00,0.00,0.00,0.00,7567.00,0.00,0.00,0.00,0.00,1995.37
0.00,0.00,0.50,0.00,0.50,0.00,1.01,0.00,0.00,97.99,0.00,278.00,0.00,0.00,0.00,0.00,0.00,0.00,4748.00,0.00,0.00,0.00,0.00,0.00,0.00,0.00,0.00,0.00,667740,1136612,1372980,67.28,47756,542768,3744980,183.51,850276,358284,388,618124,101832,7344,28828,0,0,0,0.00,0,0.00,0,0,0.00,26554,7616,36920,0,0,459,0.00,0.00,0.00,0,0.00,0.00,0.00,0.00,0.00,0.00,0.00,0.00,0.00,0.00,0.00,0.00,0.00,0.00,9416.00,0.00,13685.25,0.00,0.00,0.00,0.00,0.00,0.00,0.00,0.00,1.00,0.00,0.00,0.00,0.00,0.00,0.00,0.00,0.00,0.00,0.00,0.00,0.00,0.00,0.00,0.00,0.00,0.00,0.00,0.00,0.00,0.00,0.00,722,3,5,0,0,0,9406.00,0.00,209.00,0.00,9405.00,209.00,0.00,0.00,0.00,0.00,0.00,0.00,0.00,0.00,0.00,0.00,0.00,0.00,0.00,0.00,0.00,0.00,0.00,0.00,0.00,0.00,0.00,0.00,0.00,0.00,0.00,0.00,0.00,0.00,0.00,0.00,0.00,0.00,0.00,0.00,0.00,0.00,0.00,0.00,209.00,0.00,0.00,0.00,0.00,0.00,0.00,0.00,0.00,0.00,0.00,3,2,1,0,0.00,0.00,0.00,0.00,0.00,0.00,0.00,0.00,0.00,0.00,0.00,0.00,0.00,0.00,0.00,0.00,0.00,0.00,0.00,0.00,0.00,0.00,0.00,0.00,0.00,0.00,0.00,0.00,0.00,0.00,0.00,0.00,0.00,0.00,0.00,0.00,0.00,0.00,0.00,0.00,0.00,0.00,0.00,0.00,0.00,0.00,0.00,0.00,0.00,0.00,0.00,0.00,0.00,9416.00,0.00,0.00,0.00,0.00,1995.37
0.00,0.00,0.00,0.00,0.00,0.00,2.00,0.00,0.00,98.00,0.00,282.00,0.00,0.00,0.00,0.00,0.00,0.00,4884.00,0.00,0.00,0.00,0.00,0.00,0.00,0.00,0.00,0.00,667644,1136516,1373076,67.28,47756,542784,3744980,183.51,850276,358284,404,618124,101832,7344,28828,0,0,0,0.00,0,0.00,0,0,0.00,26554,7616,36920,0,0,459,0.00,0.00,0.00,0,0.00,0.00,0.00,0.00,0.00,0.00,0.00,0.00,0.00,0.00,0.00,0.00,0.00,0.00,9682.00,0.00,14077.24,0.00,0.00,0.00,0.00,0.00,0.00,0.00,0.00,0.00,0.00,0.00,0.00,0.00,0.00,0.00,0.00,0.00,0.00,0.00,0.00,0.00,0.00,0.00,0.00,0.00,0.00,0.00,0.00,0.00,0.00,0.00,722,3,5,0,0,0,9675.00,0.00,215.00,0.00,9675.00,215.00,0.00,0.00,0.00,0.00,0.00,0.00,0.00,0.00,0.00,0.00,0.00,0.00,0.00,0.00,0.00,0.00,0.00,0.00,0.00,0.00,0.00,0.00,0.00,0.00,0.00,0.00,0.00,0.00,0.00,0.00,0.00,0.00,0.00,0.00,0.00,0.00,0.00,0.00,215.00,0.00,0.00,0.00,0.00,0.00,0.00,0.00,0.00,0.00,0.00,3,2,1,0,0.00,0.00,0.00,0.00,0.00,0.00,0.00,0.00,0.00,0.00,0.00,0.00,0.00,0.00,0.00,0.00,0.00,0.00,0.00,0.00,0.00,0.00,0.00,0.00,0.00,0.00,0.00,0.00,0.00,0.00,0.00,0.00,0.00,0.00,0.00,0.00,0.00,0.00,0.00,0.00,0.00,0.00,0.00,0.00,0.00,0.00,0.00,0.00,0.00,0.00,0.00,0.00,0.00,9682.00,0.00,0.00,0.00,0.00,1995.37
0.51,0.00,0.51,0.00,0.00,0.00,1.52,0.00,0.00,97.47,0.00,274.00,0.00,0.00,0.00,0.00,0.00,0.00,8068.00,0.00,0.00,0.00,0.00,0.00,0.00,0.00,0.00,0.00,667612,1136540,1373108,67.29,47756,542800,3744980,183.51,850276,358340,420,618124,101832,7344,28828,0,0,0,0.00,0,0.00,0,0,0.00,26554,7616,36920,0,0,459,0.00,0.00,0.00,0,0.00,0.00,0.00,0.00,0.00,0.00,0.00,0.00,0.00,0.00,0.00,0.00,0.00,0.00,16163.00,0.00,23506.24,0.00,0.00,0.00,0.00,0.00,0.00,0.00,0.00,1.00,0.00,0.00,0.00,0.00,0.00,0.00,0.00,0.00,0.00,0.00,0.00,0.00,0.00,0.00,0.00,0.00,0.00,0.00,0.00,0.00,0.00,0.00,722,3,5,0,0,0,16202.00,0.00,360.00,0.00,16200.00,360.00,0.00,0.00,0.00,0.00,0.00,0.00,0.00,0.00,0.00,0.00,0.00,0.00,0.00,0.00,0.00,0.00,0.00,0.00,0.00,0.00,0.00,0.00,0.00,0.00,0.00,0.00,0.00,0.00,0.00,0.00,0.00,0.00,0.00,0.00,0.00,0.00,0.00,0.00,361.00,0.00,0.00,0.00,0.00,0.00,0.00,0.00,0.00,0.00,0.00,3,2,1,0,0.00,0.00,0.00,0.00,0.00,0.00,0.00,0.00,0.00,0.00,0.00,0.00,0.00,0.00,0.00,0.00,0.00,0.00,0.00,0.00,0.00,0.00,0.00,0.00,0.00,0.00,0.00,0.00,0.00,0.00,0.00,0.00,0.00,0.00,0.00,0.00,0.00,0.00,0.00,0.00,0.00,0.00,0.00,0.00,0.00,0.00,0.00,0.00,0.00,0.00,0.00,0.00,0.00,16388.00,0.00,0.00,0.00,0.00,1995.37
0.00,0.00,0.00,4.06,0.00,0.00,0.00,0.00,0.00,95.94,0.00,275.00,0.00,0.00,0.00,12.00,0.00,0.00,2660.00,0.00,0.00,0.00,0.00,2.00,0.00,2.00,0.00,24.00,667520,1136448,1373200,67.29,47764,542816,3744980,183.51,850276,358340,436,618124,101832,7344,28828,0,0,0,0.00,0,0.00,0,0,0.00,26554,7616,36920,0,0,459,0.00,0.00,0.00,0,0.00,0.00,0.00,0.00,0.00,0.00,2.00,0.00,12.00,6.00,0.00,40.00,0.00,0.00,5137.00,0.00,7465.65,0.00,0.00,0.00,0.00,0.00,0.00,0.00,0.00,0.00,0.00,0.00,0.00,0.00,0.00,0.00,0.00,0.00,0.00,0.00,0.00,0.00,0.00,0.00,0.00,0.00,0.00,0.00,0.00,0.00,0.00,0.00,722,3,5,0,0,0,5087.00,0.00,113.00,0.00,5085.00,113.00,0.00,0.00,0.00,0.00,0.00,0.00,0.00,0.00,0.00,0.00,0.00,0.00,0.00,0.00,0.00,0.00,0.00,0.00,0.00,0.00,0.00,0.00,0.00,0.00,0.00,0.00,0.00,0.00,0.00,0.00,0.00,0.00,0.00,0.00,0.00,0.00,0.00,0.00,112.00,0.00,0.00,0.00,0.00,0.00,0.00,0.00,0.00,0.00,0.00,3,2,1,0,0.00,0.00,0.00,0.00,0.00,0.00,0.00,0.00,0.00,0.00,0.00,0.00,0.00,0.00,0.00,0.00,0.00,0.00,0.00,0.00,0.00,0.00,0.00,0.00,0.00,0.00,0.00,0.00,0.00,0.00,0.00,0.00,0.00,0.00,0.00,0.00,0.00,0.00,0.00,0.00,0.00,0.00,0.00,0.00,0.00,0.00,0.00,0.00,0.00,0.00,0.00,0.00,0.00,4912.00,0.00,0.00,0.00,0.00,1995.37
1.00,0.00,0.50,0.00,0.00,0.00,1.00,0.00,0.00,97.51,0.00,293.00,0.00,0.00,0.00,0.00,11.00,0.00,2269.00,0.00,0.00,0.00,0.00,0.00,0.00,0.00,0.00,0.00,667488,1136456,1373232,67.29,47764,542832,3744980,183.51,850292,358380,452,618140,101832,7344,28828,0,0,0,0.00,0,0.00,0,0,0.00,26554,7616,36920,0,0,459,0.00,0.00,0.00,0,0.00,0.00,0.00,0.00,0.00,0.00,0.00,0.00,0.00,0.00,0.00,0.00,0.00,0.00,4512.00,0.00,6548.69,0.00,0.00,0.00,0.00,0.00,0.00,0.00,0.00,1.00,0.00,0.00,0.00,0.00,0.00,0.00,0.00,0.00,0.00,0.00,0.00,0.00,0.00,0.00,0.00,0.00,0.00,0.00,0.00,0.00,0.00,0.00,722,3,5,0,0,0,4501.00,0.00,100.00,0.00,4500.00,100.00,0.00,0.00,0.00,0.00,0.00,0.00,0.00,0.00,0.00,0.00,0.00,0.00,0.00,0.00,0.00,0.00,0.00,0.00,0.00,0.00,0.00,0.00,0.00,0.00,0.00,0.00,0.00,0.00,0.00,0.00,0.00,0.00,0.00,0.00,0.00,0.00,0.00,0.00,100.00,0.00,0.00,0.00,0.00,0.00,0.00,0.00,0.00,0.00,0.00,3,2,1,0,0.00,0.00,0.00,0.00,0.00,0.00,0.00,0.00,0.00,0.00,0.00,0.00,0.00,0.00,0.00,0.00,0.00,0.00,0.00,0.00,0.00,0.00,0.00,0.00,0.00,0.00,0.00,0.00,0.00,0.00,0.00,0.00,0.00,0.00,0.00,0.00,0.00,0.00,0.00,0.00,0.00,0.00,0.00,0.00,0.00,0.00,0.00,0.00,0.00,0.00,0.00,0.00,0.00,4512.00,0.00,0.00,0.00,0.00,1995.37
0.00,0.00,0.51,0.00,0.51,0.00,0.00,0.00,0.00,98.99,0.00,325.00,0.00,0.00,0.00,0.00,0.00,0.00,1821.00,0.00,0.00,0.00,0.00,0.00,0.00,0.00,0.00,0.00,667584,1136552,1373136,67.29,47764,542844,3744980,183.51,850292,358380,464,618140,101832,7344,28828,0,0,0,0.00,0,0.00,0,0,0.00,26554,7616,36920,0,0,459,0.00,0.00,0.00,0,0.00,0.00,0.00,0.00,0.00,0.00,0.00,0.00,0.00,0.00,0.00,0.00,0.00,0.00,3610.00,0.00,5239.22,0.00,0.00,0.00,0.00,0.00,0.00,0.00,0.00,0.00,0.00,0.00,0.00,0.00,0.00,0.00,0.00,0.00,0.00,0.00,0.00,0.00,0.00,0.00,0.00,0.00,0.00,0.00,0.00,0.00,0.00,0.00,722,3,5,0,0,0,3602.00,0.00,80.00,0.00,3600.00,80.00,0.00,0.00,0.00,0.00,0.00,0.00,0.00,0.00,0.00,0.00,0.00,0.00,0.00,0.00,0.00,0.00,0.00,0.00,0.00,0.00,0.00,0.00,0.00,0.00,0.00,0.00,0.00,0.00,0.00,0.00,0.00,0.00,0.00,0.00,0.00,0.00,0.00,0.00,80.00,0.00,0.00,0.00,0.00,0.00,0.00,0.00,0.00,0.00,0.00,3,2,1,0,0.00,0.00,0.00,0.00,0.00,0.00,0.00,0.00,0.00,0.00,0.00,0.00,0.00,0.00,0.00,0.00,0.00,0.00,0.00,0.00,0.00,0.00,0.00,0.00,0.00,0.00,0.00,0.00,0.00,0.00,0.00,0.00,0.00,0.00,0.00,0.00,0.00,0.00,0.00,0.00,0.00,0.00,0.00,0.00,0.00,0.00,0.00,0.00,0.00,0.00,0.00,0.00,0.00,3610.00,0.00,0.00,0.00,0.00,1995.37
0.00,0.00,0.00,0.00,0.00,0.00,0.50,0.00,0.00,99.50,0.00,192.00,0.00,0.00,0.00,0.00,0.00,0.00,1124.00,0.00,0.00,0.00,0.00,0.00,0.00,0.00,0.00,0.00,667456,1136424,1373264,67.29,47764,542860,3744980,183.51,850292,358380,480,618140,101832,7344,28828,0,0,0,0.00,0,0.00,0,0,0.00,26554,7616,36920,0,0,459,0.00,0.00,0.00,0,0.00,0.00,0.00,0.00,0.00,0.00,0.00,0.00,0.00,0.00,0.00,0.00,0.00,0.00,2254.00,0.00,3273.92,0.00,0.00,0.00,0.00,0.00,0.00,0.00,0.00,1.00,0.00,0.00,0.00,0.00,0.00,0.00,0.00,0.00,0.00,0.00,0.00,0.00,0.00,0.00,0.00,0.00,0.00,0.00,0.00,0.00,0.00,0.00,722,3,5,0,0,0,2250.00,0.00,50.00,0.00,2250.00,50.00,0.00,0.00,0.00,0.00,0.00,0.00,0.00,0.00,0.00,0.00,0.00,0.00,0.00,0.00,0.00,0.00,0.00,0.00,0.00,0.00,0.00,0.00,0.00,0.00,0.00,0.00,0.00,0.00,0.00,0.00,0.00,0.00,0.00,0.00,0.00,0.00,0.00,0.00,50.00,0.00,0.00,0.00,0.00,0.00,0.00,0.00,0.00,0.00,0.00,3,2,1,0,0.00,0.00,0.00,0.00,0.00,0.00,0.00,0.00,0.00,0.00,0.00,0.00,0.00,0.00,0.00,0.00,0.00,0.00,0.00,0.00,0.00,0.00,0.00,0.00,0.00,0.00,0.00,0.00,0.00,0.00,0.00,0.00,0.00,0.00,0.00,0.00,0.00,0.00,0.00,0.00,0.00,0.00,0.00,0.00,0.00,0.00,0.00,0.00,0.00,0.00,0.00,0.00,0.00,2254.00,0.00,0.00,0.00,0.00,1995.37
0.50,0.00,0.00,0.00,0.00,0.00,1.49,0.00,0.00,98.01,0.00,132.00,0.00,0.00,0.00,0.00,1.00,0.00,3060.00,0.00,0.00,0.00,0.00,0.00,0.00,0.00,0.00,0.00,667488,1136456,1373232,67.29,47764,542876,3744980,183.51,850292,358380,496,618140,101832,7344,28828,0,0,0,0.00,0,0.00,0,0,0.00,26554,7616,36920,0,0,459,0.00,0.00,0.00,0,0.00,0.00,0.00,0.00,0.00,0.00,0.00,0.00,0.00,0.00,0.00,0.00,0.00,0.00,6079.00,0.00,8839.80,0.00,0.00,0.00,0.00,0.00,0.00,0.00,0.00,0.00,0.00,0.00,0.00,0.00,0.00,0.00,0.00,0.00,0.00,0.00,0.00,0.00,0.00,0.00,0.00,0.00,0.00,0.00,0.00,0.00,0.00,0.00,722,3,5,0,0,0,6076.00,0.00,135.00,0.00,6075.00,135.00,0.00,0.00,0.00,0.00,0.00,0.00,0.00,0.00,0.00,0.00,0.00,0.00,0.00,0.00,0.00,0.00,0.00,0.00,0.00,0.00,0.00,0.00,0.00,0.00,0.00,0.00,0.00,0.00,0.00,0.00,0.00,0.00,0.00,0.00,0.00,0.00,0.00,0.00,135.00,0.00,0.00,0.00,0.00,0.00,0.00,0.00,0.00,0.00,0.00,3,2,1,0,0.00,0.00,0.00,0.00,0.00,0.00,0.00,0.00,0.00,0.00,0.00,0.00,0.00,0.00,0.00,0.00,0.00,0.00,0.00,0.00,0.00,0.00,0.00,0.00,0.00,0.00,0.00,0.00,0.00,0.00,0.00,0.00,0.00,0.00,0.00,0.00,0.00,0.00,0.00,0.00,0.00,0.00,0.00,0.00,0.00,0.00,0.00,0.00,0.00,0.00,0.00,0.00,0.00,6079.00,0.00,0.00,0.00,0.00,1995.37
0.00,0.00,0.50,6.53,0.00,0.00,0.50,0.00,0.00,92.46,0.00,101.00,0.00,0.00,0.00,508.00,0.00,0.00,1980.00,0.00,0.00,0.00,0.00,4.00,0.00,4.00,0.00,1016.00,667520,1136552,1373200,67.29,47772,542892,3744980,183.51,850296,358440,32,618140,101832,7344,28828,0,0,0,0.00,0,0.00,0,0,0.00,26554,7616,36920,0,0,459,0.08,0.02,0.01,0,0.00,0.00,0.00,0.00,0.00,0.00,4.00,0.00,508.00,127.00,0.01,36.00,2.00,0.80,3934.00,0.00,5697.63,0.00,0.00,0.00,0.00,0.00,0.00,0.00,0.00,1.00,0.00,0.00,0.00,0.00,0.00,0.00,0.00,0.00,0.00,0.00,0.00,0.00,0.00,0.00,0.00,0.00,0.00,0.00,0.00,0.00,0.00,0.00,722,3,5,0,0,0,3920.00,0.00,88.00,0.00,3915.00,87.00,0.00,0.00,0.00,0.00,0.00,0.00,0.00,0.00,0.00,0.00,0.00,0.00,0.00,0.00,0.00,0.00,0.00,0.00,0.00,0.00,0.00,0.00,0.00,0.00,0.00,0.00,0.00,0.00,0.00,0.00,0.00,0.00,0.00,0.00,0.00,0.00,0.00,0.00,87.00,0.00,0.00,0.00,0.00,0.00,0.00,0.00,0.00,0.00,0.00,3,2,1,0,0.00,0.00,0.00,0.00,0.00,0.00,0.00,0.00,0.00,0.00,0.00,0.00,0.00,0.00,0.00,0.00,0.00,0.00,0.00,0.00,0.00,0.00,0.00,0.00,0.00,0.00,0.00,0.00,0.00,0.00,0.00,0.00,0.00,0.00,0.00,0.00,0.00,0.00,0.00,0.00,0.00,0.00,0.00,0.00,0.00,0.00,0.00,0.00,0.00,0.00,0.00,0.00,0.00,3934.00,0.00,0.00,0.00,0.00,1995.37
0.50,0.00,0.00,0.00,0.00,0.00,0.00,0.00,0.00,99.50,0.00,30.00,0.00,0.00,0.00,0.00,0.00,0.00,4.00,0.00,0.00,0.00,0.00,0.00,0.00,0.00,0.00,0.00,667520,1136552,1373200,67.29,47772,542908,3744980,183.51,850296,358440,52,618140,101832,7344,28828,0,0,0,0.00,0,0.00,0,0,0.00,26554,7616,36920,0,0,459,0.08,0.02,0.01,0,0.00,0.00,0.00,0.00,0.00,0.00,0.00,0.00,0.00,0.00,0.00,0.00,0.00,0.00,11.00,0.00,1.48,0.00,0.00,0.00,0.00,0.00,0.00,0.00,0.00,0.00,0.00,0.00,0.00,0.00,0.00,0.00,0.00,0.00,0.00,0.00,0.00,0.00,0.00,0.00,0.00,0.00,0.00,0.00,0.00,0.00,0.00,0.00,722,3,5,0,0,0,4.00,0.00,2.00,0.00,0.00,0.00,0.00,0.00,0.00,0.00,0.00,0.00,0.00,0.00,0.00,0.00,0.00,0.00,0.00,0.00,0.00,0.00,0.00,0.00,0.00,0.00,0.00,0.00,0.00,0.00,0.00,0.00,0.00,0.00,0.00,0.00,0.00,0.00,0.00,0.00,0.00,0.00,0.00,0.00,0.00,0.00,0.00,0.00,0.00,0.00,0.00,0.00,0.00,0.00,0.00,3,2,1,0,0.00,0.00,0.00,0.00,0.00,0.00,0.00,0.00,0.00,0.00,0.00,0.00,0.00,0.00,0.00,0.00,0.00,0.00,0.00,0.00,0.00,0.00,0.00,0.00,0.00,0.00,0.00,0.00,0.00,0.00,0.00,0.00,0.00,0.00,0.00,0.00,0.00,0.00,0.00,0.00,0.00,0.00,0.00,0.00,0.00,0.00,0.00,0.00,0.00,0.00,0.00,0.00,0.00,11.00,0.00,0.00,0.00,0.00,1995.37
0.00,0.00,0.50,0.00,0.00,0.00,0.00,0.00,0.00,99.50,0.00,44.00,0.00,0.00,0.00,0.00,0.00,0.00,60.00,0.00,0.00,0.00,0.00,0.00,0.00,0.00,0.00,0.00,667520,1136552,1373200,67.29,47772,542924,3744980,183.51,850296,358440,68,618140,101836,7344,28828,0,0,0,0.00,0,0.00,0,0,0.00,26554,7616,36920,0,0,459,0.08,0.02,0.01,0,0.00,0.00,0.00,0.00,0.00,0.00,0.00,0.00,0.00,0.00,0.00,0.00,0.00,0.00,95.00,0.00,131.39,0.00,0.00,0.00,0.00,0.00,0.00,0.00,0.00,1.00,0.00,0.00,0.00,0.00,0.00,0.00,0.00,0.00,0.00,0.00,0.00,0.00,0.00,0.00,0.00,0.00,0.00,0.00,0.00,0.00,0.00,0.00,722,3,5,0,0,0,91.00,0.00,2.00,0.00,90.00,2.00,0.00,0.00,0.00,0.00,0.00,0.00,0.00,0.00,0.00,0.00,0.00,0.00,0.00,0.00,0.00,0.00,0.00,0.00,0.00,0.00,0.00,0.00,0.00,0.00,0.00,0.00,0.00,0.00,0.00,0.00,0.00,0.00,0.00,0.00,0.00,0.00,0.00,0.00,2.00,0.00,0.00,0.00,0.00,0.00,0.00,0.00,0.00,0.00,0.00,3,2,1,0,0.00,0.00,0.00,0.00,0.00,0.00,0.00,0.00,0.00,0.00,0.00,0.00,0.00,0.00,0.00,0.00,0.00,0.00,0.00,0.00,0.00,0.00,0.00,0.00,0.00,0.00,0.00,0.00,0.00,0.00,0.00,0.00,0.00,0.00,0.00,0.00,0.00,0.00,0.00,0.00,0.00,0.00,0.00,0.00,0.00,0.00,0.00,0.00,0.00,0.00,0.00,0.00,0.00,95.00,0.00,0.00,0.00,0.00,1995.37
0.50,0.00,0.00,0.00,0.00,0.00,0.00,0.00,0.00,99.50,0.00,58.00,0.00,0.00,0.00,0.00,0.00,0.00,1456.00,0.00,0.00,0.00,0.00,0.00,0.00,0.00,0.00,0.00,667520,1136552,1373200,67.29,47772,542940,3744980,183.51,850296,358440,84,618140,101836,7344,28828,0,0,0,0.00,0,0.00,0,0,0.00,26554,7616,36920,0,0,459,0.08,0.02,0.01,0,0.00,0.00,0.00,0.00,0.00,0.00,0.00,0.00,0.00,0.00,0.00,0.00,0.00,0.00,2886.00,1.00,4190.95,0.04,0.00,0.00,0.00,0.00,0.00,0.00,0.00,0.00,0.00,0.00,0.00,0.00,0.00,0.00,0.00,0.00,0.00,0.00,0.00,0.00,0.00,0.00,0.00,0.00,0.00,0.00,0.00,0.00,0.00,0.00,722,3,5,0,0,0,2884.00,0.00,66.00,0.00,2880.00,64.00,0.00,0.00,0.00,0.00,0.00,0.00,0.00,0.00,0.00,0.00,0.00,0.00,0.00,0.00,0.00,0.00,0.00,0.00,0.00,0.00,0.00,0.00,0.00,0.00,0.00,0.00,0.00,0.00,0.00,0.00,0.00,0.00,0.00,0.00,0.00,0.00,0.00,0.00,64.00,0.00,0.00,0.00,0.00,0.00,0.00,2.00,0.00,0.00,0.00,3,2,1,0,0.00,0.00,0.00,0.00,0.00,0.00,0.00,0.00,0.00,0.00,0.00,0.00,0.00,0.00,0.00,0.00,0.00,0.00,0.00,0.00,0.00,0.00,0.00,0.00,0.00,0.00,0.00,0.00,0.00,0.00,0.00,0.00,0.00,0.00,0.00,0.00,0.00,0.00,0.00,0.00,0.00,0.00,0.00,0.00,0.00,0.00,0.00,0.00,0.00,0.00,0.00,0.00,0.00,2886.00,0.00,0.00,0.00,0.00,1995.37
0.00,0.00,0.00,0.00,0.00,0.00,1.01,0.00,0.00,98.99,0.00,66.00,0.00,0.00,0.00,0.00,0.00,0.00,2387.00,0.00,0.00,0.00,0.00,0.00,0.00,0.00,0.00,0.00,667396,1136484,1373324,67.30,47772,542956,3744980,183.51,850300,358492,100,618140,101836,7344,28828,0,0,0,0.00,0,0.00,0,0,0.00,26554,7616,36920,0,0,459,0.08,0.02,0.01,0,0.00,0.00,0.00,0.00,0.00,0.00,0.00,0.00,0.00,0.00,0.00,0.00,0.00,0.00,4736.00,0.00,6876.00,0.00,0.00,0.00,0.00,0.00,0.00,0.00,0.00,1.00,0.00,0.00,0.00,0.00,0.00,0.00,0.00,0.00,0.00,0.00,0.00,0.00,0.00,0.00,0.00,0.00,0.00,0.00,0.00,0.00,0.00,0.00,722,3,5,0,0,0,4726.00,0.00,105.00,0.00,4725.00,105.00,0.00,0.00,0.00,0.00,0.00,0.00,0.00,0.00,0.00,0.00,0.00,0.00,0.00,0.00,0.00,0.00,0.00,0.00,0.00,0.00,0.00,0.00,0.00,0.00,0.00,0.00,0.00,0.00,0.00,0.00,0.00,0.00,0.00,0.00,0.00,0.00,0.00,0.00,105.00,0.00,0.00,0.00,0.00,0.00,0.00,0.00,0.00,0.00,0.00,3,2,1,0,0.00,0.00,0.00,0.00,0.00,0.00,0.00,0.00,0.00,0.00,0.00,0.00,0.00,0.00,0.00,0.00,0.00,0.00,0.00,0.00,0.00,0.00,0.00,0.00,0.00,0.00,0.00,0.00,0.00,0.00,0.00,0.00,0.00,0.00,0.00,0.00,0.00,0.00,0.00,0.00,0.00,0.00,0.00,0.00,0.00,0.00,0.00,0.00,0.00,0.00,0.00,0.00,0.00,4736.00,0.00,0.00,0.00,0.00,1995.37
0.50,0.00,0.50,0.00,0.00,0.00,0.00,0.00,0.00,99.00,0.00,55.00,0.00,0.00,0.00,28.00,0.00,0.00,100.00,0.00,0.00,0.00,0.00,5.00,0.00,5.00,0.00,48.00,667492,1136580,1373228,67.29,47772,542956,3744980,183.51,850300,358492,100,618140,101836,7344,28828,0,0,0,0.00,0,0.00,0,0,0.00,26554,7616,36920,0,0,459,0.07,0.02,0.00,0,0.00,0.00,0.00,0.00,0.00,0.00,5.00,0.00,24.00,4.80,0.10,1.60,20.00,10.00,187.00,0.00,264.16,0.00,0.00,0.00,0.00,0.00,0.00,0.00,0.00,0.00,0.00,0.00,0.00,0.00,0.00,0.00,0.00,0.00,0.00,0.00,0.00,0.00,0.00,0.00,0.00,0.00,0.00,0.00,0.00,0.00,0.00,0.00,722,3,5,0,0,0,183.00,0.00,4.00,0.00,180.00,4.00,0.00,0.00,0.00,0.00,0.00,0.00,0.00,0.00,0.00,0.00,0.00,0.00,0.00,0.00,0.00,0.00,0.00,0.00,0.00,0.00,0.00,0.00,0.00,0.00,0.00,0.00,0.00,0.00,0.00,0.00,0.00,0.00,0.00,0.00,0.00,0.00,0.00,0.00,4.00,0.00,0.00,0.00,0.00,0.00,0.00,0.00,0.00,0.00,0.00,3,2,1,0,0.00,0.00,0.00,0.00,0.00,0.00,0.00,0.00,0.00,0.00,0.00,0.00,0.00,0.00,0.00,0.00,0.00,0.00,0.00,0.00,0.00,0.00,0.00,0.00,0.00,0.00,0.00,0.00,0.00,0.00,0.00,0.00,0.00,0.00,0.00,0.00,0.00,0.00,0.00,0.00,0.00,0.00,0.00,0.00,0.00,0.00,0.00,0.00,0.00,0.00,0.00,0.00,0.00,187.00,0.00,0.00,0.00,0.00,1995.37
0.00,0.00,0.00,6.03,0.00,0.00,0.50,0.00,0.00,93.47,0.00,90.00,0.00,0.00,0.00,12.00,0.00,0.00,2860.00,0.00,0.00,0.00,0.00,3.00,0.00,3.00,0.00,32.00,667396,1136512,1373324,67.30,47780,542984,3744980,183.51,850300,358520,96,618140,101836,7344,28828,0,0,0,0.00,0,0.00,0,0,0.00,26554,7616,36920,0,0,459,0.07,0.02,0.00,0,0.00,0.00,0.00,0.00,0.00,0.00,3.00,0.00,16.00,5.33,0.04,88.00,14.67,4.40,5674.00,0.00,8250.65,0.00,0.00,0.00,0.00,0.00,0.00,0.00,0.00,1.00,0.00,0.00,0.00,0.00,0.00,0.00,0.00,0.00,0.00,0.00,0.00,0.00,0.00,0.00,0.00,0.00,0.00,0.00,0.00,0.00,0.00,0.00,722,3,5,0,0,0,5672.00,0.00,126.00,0.00,5670.00,126.00,0.00,0.00,0.00,0.00,0.00,0.00,0.00,0.00,0.00,0.00,0.00,0.00,0.00,0.00,0.00,0.00,0.00,0.00,0.00,0.00,0.00,0.00,0.00,0.00,0.00,0.00,0.00,0.00,0.00,0.00,0.00,0.00,0.00,0.00,0.00,0.00,0.00,0.00,126.00,0.00,0.00,0.00,0.00,0.00,0.00,0.00,0.00,0.00,0.00,3,2,1,0,0.00,0.00,0.00,0.00,0.00,0.00,0.00,0.00,0.00,0.00,0.00,0.00,0.00,0.00,0.00,0.00,0.00,0.00,0.00,0.00,0.00,0.00,0.00,0.00,0.00,0.00,0.00,0.00,0.00,0.00,0.00,0.00,0.00,0.00,0.00,0.00,0.00,0.00,0.00,0.00,0.00,0.00,0.00,0.00,0.00,0.00,0.00,0.00,0.00,0.00,0.00,0.00,0.00,5674.00,0.00,0.00,0.00,0.00,1995.37
1.49,0.00,0.50,0.00,0.00,0.00,0.00,0.00,0.00,98.01,0.00,62.00,0.00,0.00,0.00,0.00,0.00,0.00,181.00,0.00,0.00,0.00,0.00,0.00,0.00,0.00,0.00,0.00,667396,1136512,1373324,67.30,47780,543000,3744980,183.51,850300,358520,112,618140,101836,7344,28828,0,0,0,0.00,0,0.00,0,0,0.00,26554,7616,36920,0,1,459,0.07,0.02,0.00,0,0.00,0.00,0.00,0.00,0.00,0.00,0.00,0.00,0.00,0.00,0.00,0.00,0.00,0.00,364.00,0.00,524.02,0.00,0.00,0.00,0.00,0.00,0.00,0.00,0.00,0.00,0.00,0.00,0.00,0.00,0.00,0.00,0.00,0.00,0.00,0.00,0.00,0.00,0.00,0.00,0.00,0.00,0.00,0.00,0.00,0.00,0.00,0.00,722,3,5,0,0,0,360.00,0.00,8.00,0.00,360.00,8.00,0.00,0.00,0.00,0.00,0.00,0.00,0.00,0.00,0.00,0.00,0.00,0.00,0.00,0.00,0.00,0.00,0.00,0.00,0.00,0.00,0.00,0.00,0.00,0.00,0.00,0.00,0.00,0.00,0.00,0.00,0.00,0.00,0.00,0.00,0.00,0.00,0.00,0.00,8.00,0.00,0.00,0.00,0.00,0.00,0.00,0.00,0.00,0.00,0.00,3,2,1,0,0.00,0.00,0.00,0.00,0.00,0.00,0.00,0.00,0.00,0.00,0.00,0.00,0.00,0.00,0.00,0.00,0.00,0.00,0.00,0.00,0.00,0.00,0.00,0.00,0.00,0.00,0.00,0.00,0.00,0.00,0.00,0.00,0.00,0.00,0.00,0.00,0.00,0.00,0.00,0.00,0.00,0.00,0.00,0.00,0.00,0.00,0.00,0.00,0.00,0.00,0.00,0.00,0.00,364.00,0.00,0.00,0.00,0.00,1995.37
0.00,0.00,0.00,0.00,0.00,0.00,0.50,0.00,0.00,99.50,0.00,110.00,0.00,0.00,0.00,0.00,5.00,0.00,1009.00,0.00,0.00,0.00,0.00,0.00,0.00,0.00,0.00,0.00,667332,1136484,1373388,67.30,47780,543016,3744980,183.51,850320,358516,128,618120,101836,7344,28828,0,0,0,0.00,0,0.00,0,0,0.00,26554,7616,36920,0,0,459,0.07,0.02,0.00,0,0.00,0.00,0.00,0.00,0.00,0.00,0.00,0.00,0.00,0.00,0.00,0.00,0.00,0.00,1993.00,0.00,2882.51,0.00,0.00,0.00,0.00,0.00,0.00,0.00,0.00,1.00,0.00,0.00,0.00,0.00,0.00,0.00,0.00,0.00,0.00,0.00,0.00,0.00,0.00,0.00,0.00,0.00,0.00,0.00,0.00,0.00,0.00,0.00,722,3,5,0,0,0,1982.00,0.00,45.00,0.00,1980.00,44.00,0.00,0.00,0.00,0.00,0.00,0.00,0.00,0.00,0.00,0.00,0.00,0.00,0.00,0.00,0.00,0.00,0.00,0.00,0.00,0.00,0.00,0.00,0.00,0.00,0.00,0.00,0.00,0.00,0.00,0.00,0.00,0.00,0.00,0.00,0.00,0.00,0.00,0.00,44.00,0.00,0.00,0.00,0.00,0.00,0.00,0.00,0.00,0.00,0.00,3,2,1,0,0.00,0.00,0.00,0.00,0.00,0.00,0.00,0.00,0.00,0.00,0.00,0.00,0.00,0.00,0.00,0.00,0.00,0.00,0.00,0.00,0.00,0.00,0.00,0.00,0.00,0.00,0.00,0.00,0.00,0.00,0.00,0.00,0.00,0.00,0.00,0.00,0.00,0.00,0.00,0.00,0.00,0.00,0.00,0.00,0.00,0.00,0.00,0.00,0.00,0.00,0.00,0.00,0.00,1993.00,0.00,0.00,0.00,0.00,1995.37
0.00,0.00,0.50,0.00,0.00,0.00,0.00,0.00,0.00,99.50,0.00,42.00,0.00,0.00,0.00,0.00,0.00,0.00,12.00,0.00,0.00,0.00,0.00,0.00,0.00,0.00,0.00,0.00,667240,1136448,1373480,67.30,47780,543032,3744980,183.51,850328,358564,144,618120,101836,7344,28828,0,0,0,0.00,0,0.00,0,0,0.00,26554,7616,36920,0,0,459,0.07,0.02,0.00,0,0.00,0.00,0.00,0.00,0.00,0.00,0.00,0.00,0.00,0.00,0.00,0.00,0.00,0.00,21.00,0.00,1.70,0.00,0.00,0.00,0.00,0.00,0.00,0.00,0.00,1.00,0.00,0.00,0.00,0.00,0.00,0.00,0.00,0.00,0.00,0.00,0.00,0.00,0.00,0.00,0.00,0.00,0.00,0.00,0.00,0.00,0.00,0.00,722,3,5,0,0,0,4.00,0.00,1.00,0.00,0.00,0.00,0.00,0.00,0.00,0.00,0.00,0.00,0.00,0.00,0.00,0.00,0.00,0.00,0.00,0.00,0.00,0.00,0.00,0.00,0.00,0.00,0.00,0.00,0.00,0.00,0.00,0.00,0.00,0.00,0.00,0.00,0.00,0.00,0.00,0.00,0.00,0.00,0.00,0.00,0.00,0.00,0.00,0.00,0.00,0.00,0.00,0.00,0.00,0.00,0.00,3,2,1,0,0.00,0.00,0.00,0.00,0.00,0.00,0.00,0.00,0.00,0.00,0.00,0.00,0.00,0.00,0.00,0.00,0.00,0.00,0.00,0.00,0.00,0.00,0.00,0.00,0.00,0.00,0.00,0.00,0.00,0.00,0.00,0.00,0.00,0.00,0.00,0.00,0.00,0.00,0.00,0.00,0.00,0.00,0.00,0.00,0.00,0.00,0.00,0.00,0.00,0.00,0.00,0.00,0.00,21.00,0.00,0.00,0.00,0.00,1995.37
1.00,0.00,0.00,0.00,0.00,0.00,0.00,0.00,0.00,99.00,0.00,132.00,0.00,0.00,0.00,0.00,0.00,0.00,1433.00,0.00,0.00,0.00,0.00,0.00,0.00,0.00,0.00,0.00,667084,1136296,1373636,67.31,47780,543048,3744980,183.51,850328,358564,160,618120,101840,7344,28828,0,0,0,0.00,0,0.00,0,0,0.00,26554,7616,36920,0,0,459,0.07,0.02,0.00,0,0.00,0.00,0.00,0.00,0.00,0.00,0.00,0.00,0.00,0.00,0.00,0.00,0.00,0.00,2846.00,0.00,4126.16,0.00,0.00,0.00,0.00,0.00,0.00,0.00,0.00,2.00,0.00,0.00,0.00,0.00,0.00,0.00,0.00,0.00,0.00,0.00,0.00,0.00,0.00,0.00,0.00,0.00,0.00,0.00,0.00,0.00,0.00,0.00,722,3,5,0,0,0,2837.00,0.00,64.00,0.00,2835.00,63.00,0.00,0.00,0.00,0.00,0.00,0.00,0.00,0.00,0.00,0.00,0.00,0.00,0.00,0.00,0.00,0.00,0.00,0.00,0.00,0.00,0.00,0.00,0.00,0.00,0.00,0.00,0.00,0.00,0.00,0.00,0.00,0.00,0.00,0.00,0.00,0.00,0.00,0.00,63.00,0.00,0.00,0.00,0.00,0.00,0.00,0.00,0.00,0.00,0.00,3,2,1,0,0.00,0.00,0.00,0.00,0.00,0.00,0.00,0.00,0.00,0.00,0.00,0.00,0.00,0.00,0.00,0.00,0.00,0.00,0.00,0.00,0.00,0.00,0.00,0.00,0.00,0.00,0.00,0.00,0.00,0.00,0.00,0.00,0.00,0.00,0.00,0.00,0.00,0.00,0.00,0.00,0.00,0.00,0.00,0.00,0.00,0.00,0.00,0.00,0.00,0.00,0.00,0.00,0.00,2846.00,0.00,0.00,0.00,0.00,1995.37
0.00,0.00,0.00,4.02,0.00,0.00,0.50,0.00,0.00,95.48,0.00,84.00,0.00,0.00,0.00,12.00,0.00,0.00,1437.00,0.00,0.00,0.00,0.00,2.00,0.00,2.00,0.00,24.00,667084,1136296,1373636,67.31,47788,543064,3744980,183.51,850328,358564,176,618120,101840,7344,28828,0,0,0,0.00,0,0.00,0,0,0.00,26554,7616,36920,0,0,459,0.07,0.02,0.00,0,0.00,0.00,0.00,0.00,0.00,0.00,2.00,0.00,12.00,6.00,0.00,42.00,0.00,0.00,2841.00,0.00,4125.22,0.00,0.00,0.00,0.00,0.00,0.00,0.00,0.00,1.00,0.00,0.00,0.00,0.00,0.00,0.00,0.00,0.00,0.00,0.00,0.00,0.00,0.00,0.00,0.00,0.00,0.00,0.00,0.00,0.00,0.00,0.00,722,3,5,0,0,0,2836.00,0.00,64.00,0.00,2835.00,63.00,0.00,0.00,0.00,0.00,0.00,0.00,0.00,0.00,0.00,0.00,0.00,0.00,0.00,0.00,0.00,0.00,0.00,0.00,0.00,0.00,0.00,0.00,0.00,0.00,0.00,0.00,0.00,0.00,0.00,0.00,0.00,0.00,0.00,0.00,0.00,0.00,0.00,0.00,63.00,0.00,0.00,0.00,0.00,0.00,0.00,0.00,0.00,0.00,0.00,3,2,1,0,0.00,0.00,0.00,0.00,0.00,0.00,0.00,0.00,0.00,0.00,0.00,0.00,0.00,0.00,0.00,0.00,0.00,0.00,0.00,0.00,0.00,0.00,0.00,0.00,0.00,0.00,0.00,0.00,0.00,0.00,0.00,0.00,0.00,0.00,0.00,0.00,0.00,0.00,0.00,0.00,0.00,0.00,0.00,0.00,0.00,0.00,0.00,0.00,0.00,0.00,0.00,0.00,0.00,2841.00,0.00,0.00,0.00,0.00,1995.37
0.50,0.00,0.50,0.00,0.00,0.00,0.00,0.00,0.00,99.00,0.00,60.00,0.00,0.00,0.00,0.00,0.00,0.00,75.00,0.00,0.00,0.00,0.00,0.00,0.00,0.00,0.00,0.00,667084,1136296,1373636,67.31,47788,543080,3744980,183.51,850328,358564,192,618120,101840,7344,28828,0,0,0,0.00,0,0.00,0,0,0.00,26554,7616,36920,0,0,459,0.07,0.02,0.00,0,0.00,0.00,0.00,0.00,0.00,0.00,0.00,0.00,0.00,0.00,0.00,0.00,0.00,0.00,149.00,0.00,197.24,0.00,0.00,0.00,0.00,0.00,0.00,0.00,0.00,0.00,0.00,0.00,0.00,0.00,0.00,0.00,0.00,0.00,0.00,0.00,0.00,0.00,0.00,0.00,0.00,0.00,0.00,0.00,0.00,0.00,0.00,0.00,722,3,5,0,0,0,135.00,0.00,3.00,0.00,135.00,3.00,0.00,0.00,0.00,0.00,0.00,0.00,0.00,0.00,0.00,0.00,0.00,0.00,0.00,0.00,0.00,0.00,0.00,0.00,0.00,0.00,0.00,0.00,0.00,0.00,0.00,0.00,0.00,0.00,0.00,0.00,0.00,0.00,0.00,0.00,0.00,0.00,0.00,0.00,3.00,0.00,0.00,0.00,0.00,0.00,0.00,0.00,0.00,0.00,0.00,3,2,1,0,0.00,0.00,0.00,0.00,0.00,0.00,0.00,0.00,0.00,0.00,0.00,0.00,0.00,0.00,0.00,0.00,0.00,0.00,0.00,0.00,0.00,0.00,0.00,0.00,0.00,0.00,0.00,0.00,0.00,0.00,0.00,0.00,0.00,0.00,0.00,0.00,0.00,0.00,0.00,0.00,0.00,0.00,0.00,0.00,0.00,0.00,0.00,0.00,0.00,0.00,0.00,0.00,0.00,150.00,0.00,0.00,0.00,0.00,1995.37
0.00,0.00,0.00,0.00,0.50,0.00,1.00,0.00,0.00,98.50,0.00,96.00,0.00,0.00,0.00,0.00,0.00,0.00,2812.00,0.00,0.00,0.00,0.00,0.00,0.00,0.00,0.00,0.00,667148,1136416,1373572,67.31,47788,543096,3744980,183.51,850328,358620,208,618120,101840,7344,28828,0,0,0,0.00,0,0.00,0,0,0.00,26554,7616,36920,0,0,459,0.07,0.02,0.00,0,0.00,0.00,0.00,0.00,0.00,0.00,0.00,0.00,0.00,0.00,0.00,0.00,0.00,0.00,5592.00,0.00,8119.74,0.00,0.00,0.00,0.00,0.00,0.00,0.00,0.00,1.00,0.00,0.00,0.00,0.00,0.00,0.00,0.00,0.00,0.00,0.00,0.00,0.00,0.00,0.00,0.00,0.00,0.00,0.00,0.00,0.00,0.00,0.00,722,3,5,0,0,0,5581.00,0.00,125.00,0.00,5580.00,124.00,0.00,0.00,0.00,0.00,0.00,0.00,0.00,0.00,0.00,0.00,0.00,0.00,0.00,0.00,0.00,0.00,0.00,0.00,0.00,0.00,0.00,0.00,0.00,0.00,0.00,0.00,0.00,0.00,0.00,0.00,0.00,0.00,0.00,0.00,0.00,0.00,0.00,0.00,124.00,0.00,0.00,0.00,0.00,0.00,0.00,0.00,0.00,0.00,0.00,3,2,1,0,0.00,0.00,0.00,0.00,0.00,0.00,0.00,0.00,0.00,0.00,0.00,0.00,0.00,0.00,0.00,0.00,0.00,0.00,0.00,0.00,0.00,0.00,0.00,0.00,0.00,0.00,0.00,0.00,0.00,0.00,0.00,0.00,0.00,0.00,0.00,0.00,0.00,0.00,0.00,0.00,0.00,0.00,0.00,0.00,0.00,0.00,0.00,0.00,0.00,0.00,0.00,0.00,0.00,5591.00,0.00,0.00,0.00,0.00,1995.37
0.50,0.00,0.99,0.00,0.00,0.00,0.00,0.00,0.00,98.51,0.00,38.61,0.00,0.00,0.00,0.00,0.00,0.00,59.41,0.00,0.00,0.00,0.00,0.00,0.00,0.00,0.00,0.00,667084,1136352,1373636,67.31,47788,543108,3744980,183.51,850328,358620,220,618120,101840,7344,28828,0,0,0,0.00,0,0.00,0,0,0.00,26554,7616,36920,0,0,459,0.07,0.02,0.00,0,0.00,0.00,0.00,0.00,0.00,0.00,0.00,0.00,0.00,0.00,0.00,0.00,0.00,0.00,92.08,0.00,130.44,0.00,0.00,0.00,0.00,0.00,0.00,0.00,0.00,0.00,0.00,0.00,0.00,0.00,0.00,0.00,0.00,0.00,0.00,0.00,0.00,0.00,0.00,0.00,0.00,0.00,0.00,0.00,0.00,0.00,0.00,0.00,722,3,5,0,0,0,90.10,0.00,1.98,0.00,89.11,1.98,0.00,0.00,0.00,0.00,0.00,0.00,0.00,0.00,0.00,0.00,0.00,0.00,0.00,0.00,0.00,0.00,0.00,0.00,0.00,0.00,0.00,0.00,0.00,0.00,0.00,0.00,0.00,0.00,0.00,0.00,0.00,0.00,0.00,0.00,0.00,0.00,0.00,0.00,1.98,0.00,0.00,0.00,0.00,0.00,0.00,0.00,0.00,0.00,0.00,3,2,1,0,0.00,0.00,0.00,0.00,0.00,0.00,0.00,0.00,0.00,0.00,0.00,0.00,0.00,0.00,0.00,0.00,0.00,0.00,0.00,0.00,0.00,0.00,0.00,0.00,0.00,0.00,0.00,0.00,0.00,0.00,0.00,0.00,0.00,0.00,0.00,0.00,0.00,0.00,0.00,0.00,0.00,0.00,0.00,0.00,0.00,0.00,0.00,0.00,0.00,0.00,0.00,0.00,0.00,92.08,0.00,0.00,0.00,0.00,1995.37
0.00,0.00,0.00,0.00,0.00,0.00,0.50,0.00,0.00,99.50,0.00,48.00,0.00,0.00,0.00,0.00,0.00,0.00,876.00,0.00,0.00,0.00,0.00,0.00,0.00,0.00,0.00,0.00,667180,1136448,1373540,67.31,47788,543108,3744980,183.51,850328,358620,220,618120,101840,7344,28828,0,0,0,0.00,0,0.00,0,0,0.00,26554,7616,36920,0,0,459,0.06,0.02,0.00,0,0.00,0.00,0.00,0.00,0.00,0.00,0.00,0.00,0.00,0.00,0.00,0.00,0.00,0.00,1717.00,0.00,2489.65,0.00,0.00,0.00,0.00,0.00,0.00,0.00,0.00,1.00,0.00,0.00,0.00,0.00,0.00,0.00,0.00,0.00,0.00,0.00,0.00,0.00,0.00,0.00,0.00,0.00,0.00,0.00,0.00,0.00,0.00,0.00,722,3,5,0,0,0,1712.00,0.00,38.00,0.00,1710.00,38.00,0.00,0.00,0.00,0.00,0.00,0.00,0.00,0.00,0.00,0.00,0.00,0.00,0.00,0.00,0.00,0.00,0.00,0.00,0.00,0.00,0.00,0.00,0.00,0.00,0.00,0.00,0.00,0.00,0.00,0.00,0.00,0.00,0.00,0.00,0.00,0.00,0.00,0.00,38.00,0.00,0.00,0.00,0.00,0.00,0.00,0.00,0.00,0.00,0.00,3,2,1,0,0.00,0.00,0.00,0.00,0.00,0.00,0.00,0.00,0.00,0.00,0.00,0.00,0.00,0.00,0.00,0.00,0.00,0.00,0.00,0.00,0.00,0.00,0.00,0.00,0.00,0.00,0.00,0.00,0.00,0.00,0.00,0.00,0.00,0.00,0.00,0.00,0.00,0.00,0.00,0.00,0.00,0.00,0.00,0.00,0.00,0.00,0.00,0.00,0.00,0.00,0.00,0.00,0.00,1717.00,0.00,0.00,0.00,0.00,1995.37
0.50,0.00,0.00,1.00,0.00,0.00,0.00,0.00,0.00,98.50,0.00,66.00,0.00,0.00,0.00,12.00,0.00,0.00,21.00,0.00,0.00,0.00,0.00,2.00,0.00,2.00,0.00,24.00,667084,1136408,1373636,67.31,47796,543140,3744980,183.51,850336,358668,252,618120,101840,7344,28828,0,0,0,0.00,0,0.00,0,0,0.00,26554,7616,36920,0,0,459,0.06,0.02,0.00,0,0.00,0.00,0.00,0.00,0.00,0.00,2.00,0.00,12.00,6.00,0.00,10.00,0.00,0.00,56.00,0.00,66.74,0.00,0.00,0.00,0.00,0.00,0.00,0.00,0.00,0.00,0.00,0.00,0.00,0.00,0.00,0.00,0.00,0.00,0.00,0.00,0.00,0.00,0.00,0.00,0.00,0.00,0.00,0.00,0.00,0.00,0.00,0.00,722,3,5,0,0,0,46.00,0.00,1.00,0.00,45.00,1.00,0.00,0.00,0.00,0.00,0.00,0.00,0.00,0.00,0.00,0.00,0.00,0.00,0.00,0.00,0.00,0.00,0.00,0.00,0.00,0.00,0.00,0.00,0.00,0.00,0.00,0.00,0.00,0.00,0.00,0.00,0.00,0.00,0.00,0.00,0.00,0.00,0.00,0.00,1.00,0.00,0.00,0.00,0.00,0.00,0.00,0.00,0.00,0.00,0.00,3,2,1,0,0.00,0.00,0.00,0.00,0.00,0.00,0.00,0.00,0.00,0.00,0.00,0.00,0.00,0.00,0.00,0.00,0.00,0.00,0.00,0.00,0.00,0.00,0.00,0.00,0.00,0.00,0.00,0.00,0.00,0.00,0.00,0.00,0.00,0.00,0.00,0.00,0.00,0.00,0.00,0.00,0.00,0.00,0.00,0.00,0.00,0.00,0.00,0.00,0.00,0.00,0.00,0.00,0.00,56.00,0.00,0.00,0.00,0.00,1995.37
0.00,0.00,0.00,0.00,0.00,0.00,0.00,0.00,0.00,100.00,0.00,48.00,0.00,0.00,0.00,0.00,0.00,0.00,11.00,0.00,0.00,0.00,0.00,0.00,0.00,0.00,0.00,0.00,667116,1136440,1373604,67.31,47796,543156,3744980,183.51,850336,358668,268,618120,101840,7344,28828,0,0,0,0.00,0,0.00,0,0,0.00,26554,7616,36920,0,0,459,0.06,0.02,0.00,0,0.00,0.00,0.00,0.00,0.00,0.00,0.00,0.00,0.00,0.00,0.00,0.00,0.00,0.00,11.00,0.00,0.71,0.00,0.00,0.00,0.00,0.00,0.00,0.00,0.00,1.00,0.00,0.00,0.00,0.00,0.00,0.00,0.00,0.00,0.00,0.00,0.00,0.00,0.00,0.00,0.00,0.00,0.00,0.00,0.00,0.00,0.00,0.00,722,3,5,0,0,0,3.00,0.00,1.00,0.00,0.00,0.00,0.00,0.00,0.00,0.00,0.00,0.00,0.00,0.00,0.00,0.00,0.00,0.00,0.00,0.00,0.00,0.00,0.00,0.00,0.00,0.00,0.00,0.00,0.00,0.00,0.00,0.00,0.00,0.00,0.00,0.00,0.00,0.00,0.00,0.00,0.00,0.00,0.00,0.00,0.00,0.00,0.00,0.00,0.00,0.00,0.00,0.00,0.00,0.00,0.00,3,2,1,0,0.00,0.00,0.00,0.00,0.00,0.00,0.00,0.00,0.00,0.00,0.00,0.00,0.00,0.00,0.00,0.00,0.00,0.00,0.00,0.00,0.00,0.00,0.00,0.00,0.00,0.00,0.00,0.00,0.00,0.00,0.00,0.00,0.00,0.00,0.00,0.00,0.00,0.00,0.00,0.00,0.00,0.00,0.00,0.00,0.00,0.00,0.00,0.00,0.00,0.00,0.00,0.00,0.00,11.00,0.00,0.00,0.00,0.00,1995.37
0.50,0.00,0.00,0.00,0.00,0.00,0.00,0.00,0.00,99.50,0.00,34.00,0.00,0.00,0.00,0.00,0.00,0.00,3.00,0.00,0.00,0.00,0.00,0.00,0.00,0.00,0.00,0.00,667116,1136440,1373604,67.31,47796,543172,3744980,183.51,850336,358668,284,618120,101840,7344,28828,0,0,0,0.00,0,0.00,0,0,0.00,26554,7616,36920,0,0,459,0.06,0.02,0.00,0,0.00,0.00,0.00,0.00,0.00,0.00,0.00,0.00,0.00,0.00,0.00,0.00,0.00,0.00,10.00,0.00,1.46,0.00,0.00,0.00,0.00,0.00,0.00,0.00,0.00,0.00,0.00,0.00,0.00,0.00,0.00,0.00,0.00,0.00,0.00,0.00,0.00,0.00,0.00,0.00,0.00,0.00,0.00,0.00,0.00,0.00,0.00,0.00,722,3,5,0,0,0,5.00,0.00,2.00,0.00,0.00,0.00,0.00,0.00,0.00,0.00,0.00,0.00,0.00,0.00,0.00,0.00,0.00,0.00,0.00,0.00,0.00,0.00,0.00,0.00,0.00,0.00,0.00,0.00,0.00,0.00,0.00,0.00,0.00,0.00,0.00,0.00,0.00,0.00,0.00,0.00,0.00,0.00,0.00,0.00,0.00,0.00,0.00,0.00,0.00,0.00,0.00,0.00,0.00,0.00,0.00,3,2,1,0,0.00,0.00,0.00,0.00,0.00,0.00,0.00,0.00,0.00,0.00,0.00,0.00,0.00,0.00,0.00,0.00,0.00,0.00,0.00,0.00,0.00,0.00,0.00,0.00,0.00,0.00,0.00,0.00,0.00,0.00,0.00,0.00,0.00,0.00,0.00,0.00,0.00,0.00,0.00,0.00,0.00,0.00,0.00,0.00,0.00,0.00,0.00,0.00,0.00,0.00,0.00,0.00,0.00,10.00,0.00,0.00,0.00,0.00,1995.37
0.00,0.00,0.00,0.00,0.00,0.00,0.00,0.00,0.00,100.00,0.00,58.00,0.00,0.00,0.00,0.00,0.00,0.00,1524.00,0.00,0.00,0.00,0.00,0.00,0.00,0.00,0.00,0.00,667116,1136440,1373604,67.31,47796,543188,3744980,183.51,850336,358668,300,618120,101844,7344,28828,0,0,0,0.00,0,0.00,0,0,0.00,26554,7616,36920,0,0,459,0.06,0.02,0.00,0,0.00,0.00,0.00,0.00,0.00,0.00,0.00,0.00,0.00,0.00,0.00,0.00,0.00,0.00,3021.00,0.00,4387.12,0.00,0.00,0.00,0.00,0.00,0.00,0.00,0.00,1.00,0.00,0.00,0.00,0.00,0.00,0.00,0.00,0.00,0.00,0.00,0.00,0.00,0.00,0.00,0.00,0.00,0.00,0.00,0.00,0.00,0.00,0.00,722,3,5,0,0,0,3016.00,0.00,68.00,0.00,3015.00,67.00,0.00,0.00,0.00,0.00,0.00,0.00,0.00,0.00,0.00,0.00,0.00,0.00,0.00,0.00,0.00,0.00,0.00,0.00,0.00,0.00,0.00,0.00,0.00,0.00,0.00,0.00,0.00,0.00,0.00,0.00,0.00,0.00,0.00,0.00,0.00,0.00,0.00,0.00,67.00,0.00,0.00,0.00,0.00,0.00,0.00,0.00,0.00,0.00,0.00,3,2,1,0,0.00,0.00,0.00,0.00,0.00,0.00,0.00,0.00,0.00,0.00,0.00,0.00,0.00,0.00,0.00,0.00,0.00,0.00,0.00,0.00,0.00,0.00,0.00,0.00,0.00,0.00,0.00,0.00,0.00,0.00,0.00,0.00,0.00,0.00,0.00,0.00,0.00,0.00,0.00,0.00,0.00,0.00,0.00,0.00,0.00,0.00,0.00,0.00,0.00,0.00,0.00,0.00,0.00,3021.00,0.00,0.00,0.00,0.00,1995.37
0.00,0.00,0.50,0.00,0.00,0.00,0.00,0.00,0.00,99.50,0.00,42.00,0.00,0.00,0.00,0.00,0.00,0.00,52.00,0.00,0.00,0.00,0.00,0.00,0.00,0.00,0.00,0.00,667084,1136464,1373636,67.31,47796,543204,3744980,183.51,850336,358724,316,618120,101844,7344,28828,0,0,0,0.00,0,0.00,0,0,0.00,26554,7616,36920,0,1,459,0.06,0.01,0.00,0,0.00,0.00,0.00,0.00,0.00,0.00,0.00,0.00,0.00,0.00,0.00,0.00,0.00,0.00,106.00,0.00,132.50,0.00,0.00,0.00,0.00,0.00,0.00,0.00,0.00,0.00,0.00,0.00,0.00,0.00,0.00,0.00,0.00,0.00,0.00,0.00,0.00,0.00,0.00,0.00,0.00,0.00,0.00,0.00,0.00,0.00,0.00,0.00,722,3,5,0,0,0,91.00,0.00,2.00,0.00,90.00,2.00,0.00,0.00,0.00,0.00,0.00,0.00,0.00,0.00,0.00,0.00,0.00,0.00,0.00,0.00,0.00,0.00,0.00,0.00,0.00,0.00,0.00,0.00,0.00,0.00,0.00,0.00,0.00,0.00,0.00,0.00,0.00,0.00,0.00,0.00,0.00,0.00,0.00,0.00,2.00,0.00,0.00,0.00,0.00,0.00,0.00,0.00,0.00,0.00,0.00,3,2,1,0,0.00,0.00,0.00,0.00,0.00,0.00,0.00,0.00,0.00,0.00,0.00,0.00,0.00,0.00,0.00,0.00,0.00,0.00,0.00,0.00,0.00,0.00,0.00,0.00,0.00,0.00,0.00,0.00,0.00,0.00,0.00,0.00,0.00,0.00,0.00,0.00,0.00,0.00,0.00,0.00,0.00,0.00,0.00,0.00,0.00,0.00,0.00,0.00,0.00,0.00,0.00,0.00,0.00,106.00,0.00,0.00,0.00,0.00,1995.37
0.50,0.00,0.00,2.49,0.00,0.00,0.50,0.00,0.00,96.52,0.00,95.00,0.00,0.00,0.00,12.00,0.00,0.00,1140.00,0.00,0.00,0.00,0.00,2.00,0.00,2.00,0.00,24.00,667056,1136436,1373664,67.31,47804,543196,3744980,183.51,850336,358724,316,618120,101844,7344,28828,0,0,0,0.00,0,0.00,0,0,0.00,26554,7616,36920,0,0,459,0.06,0.01,0.00,0,0.00,0.00,0.00,0.00,0.00,0.00,2.00,0.00,12.00,6.00,0.00,24.00,0.00,0.00,2262.00,0.00,3274.50,0.00,0.00,0.00,0.00,0.00,0.00,0.00,0.00,1.00,0.00,0.00,0.00,0.00,0.00,0.00,0.00,0.00,0.00,0.00,0.00,0.00,0.00,0.00,0.00,0.00,0.00,0.00,0.00,0.00,0.00,0.00,722,3,5,0,0,0,2251.00,0.00,50.00,0.00,2250.00,50.00,0.00,0.00,0.00,0.00,0.00,0.00,0.00,0.00,0.00,0.00,0.00,0.00,0.00,0.00,0.00,0.00,0.00,0.00,0.00,0.00,0.00,0.00,0.00,0.00,0.00,0.00,0.00,0.00,0.00,0.00,0.00,0.00,0.00,0.00,0.00,0.00,0.00,0.00,50.00,0.00,0.00,0.00,0.00,0.00,0.00,0.00,0.00,0.00,0.00,3,2,1,0,0.00,0.00,0.00,0.00,0.00,0.00,0.00,0.00,0.00,0.00,0.00,0.00,0.00,0.00,0.00,0.00,0.00,0.00,0.00,0.00,0.00,0.00,0.00,0.00,0.00,0.00,0.00,0.00,0.00,0.00,0.00,0.00,0.00,0.00,0.00,0.00,0.00,0.00,0.00,0.00,0.00,0.00,0.00,0.00,0.00,0.00,0.00,0.00,0.00,0.00,0.00,0.00,0.00,2262.00,0.00,0.00,0.00,0.00,1995.37
0.00,0.00,0.00,0.00,0.00,0.00,1.50,0.00,0.00,98.50,0.00,109.00,0.00,0.00,0.00,0.00,0.00,0.00,4324.00,0.00,0.00,0.00,0.00,0.00,0.00,0.00,0.00,0.00,667024,1136404,1373696,67.31,47804,543232,3744980,183.51,850336,358724,344,618120,101844,7344,28828,0,0,0,0.00,0,0.00,0,0,0.00,26554,7616,36920,0,0,459,0.06,0.01,0.00,0,0.00,0.00,0.00,0.00,0.00,0.00,0.00,0.00,0.00,0.00,0.00,0.00,0.00,0.00,8601.00,0.00,12506.43,0.00,0.00,0.00,0.00,0.00,0.00,0.00,0.00,0.00,0.00,0.00,0.00,0.00,0.00,0.00,0.00,0.00,0.00,0.00,0.00,0.00,0.00,0.00,0.00,0.00,0.00,0.00,0.00,0.00,0.00,0.00,722,3,5,0,0,0,8596.00,0.00,191.00,0.00,8595.00,191.00,0.00,0.00,0.00,0.00,0.00,0.00,0.00,0.00,0.00,0.00,0.00,0.00,0.00,0.00,0.00,0.00,0.00,0.00,0.00,0.00,0.00,0.00,0.00,0.00,0.00,0.00,0.00,0.00,0.00,0.00,0.00,0.00,0.00,0.00,0.00,0.00,0.00,0.00,191.00,0.00,0.00,0.00,0.00,0.00,0.00,0.00,0.00,0.00,0.00,3,2,1,0,0.00,0.00,0.00,0.00,0.00,0.00,0.00,0.00,0.00,0.00,0.00,0.00,0.00,0.00,0.00,0.00,0.00,0.00,0.00,0.00,0.00,0.00,0.00,0.00,0.00,0.00,0.00,0.00,0.00,0.00,0.00,0.00,0.00,0.00,0.00,0.00,0.00,0.00,0.00,0.00,0.00,0.00,0.00,0.00,0.00,0.00,0.00,0.00,0.00,0.00,0.00,0.00,0.00,8601.00,0.00,0.00,0.00,0.00,1995.37
0.00,0.00,0.50,0.00,0.00,0.00,0.00,0.00,0.00,99.50,0.00,50.00,0.00,0.00,0.00,0.00,0.00,0.00,60.00,0.00,0.00,0.00,0.00,0.00,0.00,0.00,0.00,0.00,666960,1136396,1373760,67.32,47804,543248,3744980,183.51,850344,358772,360,618120,101844,7344,28828,0,0,0,0.00,0,0.00,0,0,0.00,26554,7616,36920,0,0,459,0.06,0.01,0.00,0,0.00,0.00,0.00,0.00,0.00,0.00,0.00,0.00,0.00,0.00,0.00,0.00,0.00,0.00,95.00,0.00,131.24,0.00,0.00,0.00,0.00,0.00,0.00,0.00,0.00,1.00,0.00,0.00,0.00,0.00,0.00,0.00,0.00,0.00,0.00,0.00,0.00,0.00,0.00,0.00,0.00,0.00,0.00,0.00,0.00,0.00,0.00,0.00,722,3,5,0,0,0,90.00,0.00,2.00,0.00,90.00,2.00,0.00,0.00,0.00,0.00,0.00,0.00,0.00,0.00,0.00,0.00,0.00,0.00,0.00,0.00,0.00,0.00,0.00,0.00,0.00,0.00,0.00,0.00,0.00,0.00,0.00,0.00,0.00,0.00,0.00,0.00,0.00,0.00,0.00,0.00,0.00,0.00,0.00,0.00,2.00,0.00,0.00,0.00,0.00,0.00,0.00,0.00,0.00,0.00,0.00,3,2,1,0,0.00,0.00,0.00,0.00,0.00,0.00,0.00,0.00,0.00,0.00,0.00,0.00,0.00,0.00,0.00,0.00,0.00,0.00,0.00,0.00,0.00,0.00,0.00,0.00,0.00,0.00,0.00,0.00,0.00,0.00,0.00,0.00,0.00,0.00,0.00,0.00,0.00,0.00,0.00,0.00,0.00,0.00,0.00,0.00,0.00,0.00,0.00,0.00,0.00,0.00,0.00,0.00,0.00,95.00,0.00,0.00,0.00,0.00,1995.37
0.50,0.00,0.00,0.00,0.00,0.00,0.00,0.00,0.00,99.50,0.00,47.00,0.00,0.00,0.00,0.00,0.00,0.00,580.00,0.00,0.00,0.00,0.00,0.00,0.00,0.00,0.00,0.00,667056,1136492,1373664,67.31,47804,543264,3744980,183.51,850344,358772,376,618120,101844,7344,28828,0,0,0,0.00,0,0.00,0,0,0.00,26554,7616,36920,0,0,459,0.06,0.01,0.00,0,0.00,0.00,0.00,0.00,0.00,0.00,0.00,0.00,0.00,0.00,0.00,0.00,0.00,0.00,1222.00,0.00,1768.31,0.00,0.00,0.00,0.00,0.00,0.00,0.00,0.00,0.00,0.00,0.00,0.00,0.00,0.00,0.00,0.00,0.00,0.00,0.00,0.00,0.00,0.00,0.00,0.00,0.00,0.00,0.00,0.00,0.00,0.00,0.00,722,3,5,0,0,0,1261.00,0.00,28.00,0.00,1260.00,28.00,0.00,0.00,0.00,0.00,0.00,0.00,0.00,0.00,0.00,0.00,0.00,0.00,0.00,0.00,0.00,0.00,0.00,0.00,0.00,0.00,0.00,0.00,0.00,0.00,0.00,0.00,0.00,0.00,0.00,0.00,0.00,0.00,0.00,0.00,0.00,0.00,0.00,0.00,28.00,0.00,0.00,0.00,0.00,0.00,0.00,0.00,0.00,0.00,0.00,3,2,1,0,0.00,0.00,0.00,0.00,0.00,0.00,0.00,0.00,0.00,0.00,0.00,0.00,0.00,0.00,0.00,0.00,0.00,0.00,0.00,0.00,0.00,0.00,0.00,0.00,0.00,0.00,0.00,0.00,0.00,0.00,0.00,0.00,0.00,0.00,0.00,0.00,0.00,0.00,0.00,0.00,0.00,0.00,0.00,0.00,0.00,0.00,0.00,0.00,0.00,0.00,0.00,0.00,0.00,1357.00,0.00,0.00,0.00,0.00,1995.37
0.50,0.00,0.00,0.00,0.00,0.00,0.00,0.00,0.00,99.50,0.00,34.00,0.00,0.00,0.00,0.00,0.00,0.00,820.00,0.00,0.00,0.00,0.00,0.00,0.00,0.00,0.00,0.00,667056,1136492,1373664,67.31,47804,543264,3744980,183.51,850344,358772,376,618120,101844,7344,28828,0,0,0,0.00,0,0.00,0,0,0.00,26554,7616,36920,0,0,459,0.05,0.01,0.00,0,0.00,0.00,0.00,0.00,0.00,0.00,0.00,0.00,0.00,0.00,0.00,0.00,0.00,0.00,1542.00,0.00,2226.81,0.00,0.00,0.00,0.00,0.00,0.00,0.00,0.00,1.00,0.00,0.00,0.00,0.00,0.00,0.00,0.00,0.00,0.00,0.00,0.00,0.00,0.00,0.00,0.00,0.00,0.00,0.00,0.00,0.00,0.00,0.00,722,3,5,0,0,0,1485.00,0.00,33.00,0.00,1485.00,33.00,0.00,0.00,0.00,0.00,0.00,0.00,0.00,0.00,0.00,0.00,0.00,0.00,0.00,0.00,0.00,0.00,0.00,0.00,0.00,0.00,0.00,0.00,0.00,0.00,0.00,0.00,0.00,0.00,0.00,0.00,0.00,0.00,0.00,0.00,0.00,0.00,0.00,0.00,33.00,0.00,0.00,0.00,0.00,0.00,0.00,0.00,0.00,0.00,0.00,3,2,1,0,0.00,0.00,0.00,0.00,0.00,0.00,0.00,0.00,0.00,0.00,0.00,0.00,0.00,0.00,0.00,0.00,0.00,0.00,0.00,0.00,0.00,0.00,0.00,0.00,0.00,0.00,0.00,0.00,0.00,0.00,0.00,0.00,0.00,0.00,0.00,0.00,0.00,0.00,0.00,0.00,0.00,0.00,0.00,0.00,0.00,0.00,0.00,0.00,0.00,0.00,0.00,0.00,0.00,1407.00,0.00,0.00,0.00,0.00,1995.37
0.00,0.00,0.50,2.00,0.00,0.00,0.00,0.00,0.00,97.50,0.00,68.00,0.00,0.00,0.00,12.00,1.00,0.00,45.00,0.00,0.00,0.00,0.00,2.00,0.00,2.00,0.00,24.00,666960,1136452,1373760,67.32,47812,543296,3744980,183.51,850344,358828,412,618124,101844,7344,28828,0,0,0,0.00,0,0.00,0,0,0.00,26554,7616,36920,0,0,459,0.05,0.01,0.00,0,0.00,0.00,0.00,0.00,0.00,0.00,2.00,0.00,12.00,6.00,0.00,20.00,0.00,0.00,100.00,0.00,132.03,0.00,0.00,0.00,0.00,0.00,0.00,0.00,0.00,0.00,0.00,0.00,0.00,0.00,0.00,0.00,0.00,0.00,0.00,0.00,0.00,0.00,0.00,0.00,0.00,0.00,0.00,0.00,0.00,0.00,0.00,0.00,722,3,5,0,0,0,98.00,0.00,6.00,0.00,90.00,2.00,0.00,0.00,0.00,0.00,0.00,0.00,0.00,0.00,0.00,0.00,0.00,0.00,0.00,0.00,0.00,0.00,0.00,0.00,0.00,0.00,0.00,0.00,0.00,0.00,0.00,0.00,0.00,0.00,0.00,0.00,0.00,0.00,0.00,0.00,0.00,0.00,0.00,0.00,2.00,0.00,0.00,0.00,0.00,0.00,0.00,0.00,0.00,0.00,0.00,3,2,1,0,0.00,0.00,0.00,0.00,0.00,0.00,0.00,0.00,0.00,0.00,0.00,0.00,0.00,0.00,0.00,0.00,0.00,0.00,0.00,0.00,0.00,0.00,0.00,0.00,0.00,0.00,0.00,0.00,0.00,0.00,0.00,0.00,0.00,0.00,0.00,0.00,0.00,0.00,0.00,0.00,0.00,0.00,0.00,0.00,0.00,0.00,0.00,0.00,0.00,0.00,0.00,0.00,0.00,100.00,0.00,0.00,0.00,0.00,1995.37
0.50,0.00,0.00,0.00,0.00,0.00,0.00,0.00,0.00,99.50,0.00,49.00,0.00,0.00,0.00,0.00,0.00,0.00,347.00,0.00,0.00,0.00,0.00,0.00,0.00,0.00,0.00,0.00,666960,1136452,1373760,67.32,47812,543312,3744980,183.51,850344,358828,428,618124,101844,7344,28828,0,0,0,0.00,0,0.00,0,0,0.00,26554,7616,36920,0,0,459,0.05,0.01,0.00,0,0.00,0.00,0.00,0.00,0.00,0.00,0.00,0.00,0.00,0.00,0.00,0.00,0.00,0.00,679.00,0.00,982.46,0.00,0.00,0.00,0.00,0.00,0.00,0.00,0.00,1.00,0.00,0.00,0.00,0.00,0.00,0.00,0.00,0.00,0.00,0.00,0.00,0.00,0.00,0.00,0.00,0.00,0.00,0.00,0.00,0.00,0.00,0.00,722,3,5,0,0,0,676.00,0.00,15.00,0.00,675.00,15.00,0.00,0.00,0.00,0.00,0.00,0.00,0.00,0.00,0.00,0.00,0.00,0.00,0.00,0.00,0.00,0.00,0.00,0.00,0.00,0.00,0.00,0.00,0.00,0.00,0.00,0.00,0.00,0.00,0.00,0.00,0.00,0.00,0.00,0.00,0.00,0.00,0.00,0.00,15.00,0.00,0.00,0.00,0.00,0.00,0.00,0.00,0.00,0.00,0.00,3,2,1,0,0.00,0.00,0.00,0.00,0.00,0.00,0.00,0.00,0.00,0.00,0.00,0.00,0.00,0.00,0.00,0.00,0.00,0.00,0.00,0.00,0.00,0.00,0.00,0.00,0.00,0.00,0.00,0.00,0.00,0.00,0.00,0.00,0.00,0.00,0.00,0.00,0.00,0.00,0.00,0.00,0.00,0.00,0.00,0.00,0.00,0.00,0.00,0.00,0.00,0.00,0.00,0.00,0.00,679.00,0.00,0.00,0.00,0.00,1995.37
0.00,0.00,0.50,0.00,0.00,0.00,0.00,0.00,0.00,99.50,0.00,41.00,0.00,0.00,0.00,0.00,0.00,0.00,60.00,0.00,0.00,0.00,0.00,0.00,0.00,0.00,0.00,0.00,666932,1136424,1373788,67.32,47812,543312,3744980,183.51,850344,358828,428,618124,101844,7344,28828,0,0,0,0.00,0,0.00,0,0,0.00,26554,7616,36920,0,0,459,0.05,0.01,0.00,0,0.00,0.00,0.00,0.00,0.00,0.00,0.00,0.00,0.00,0.00,0.00,0.00,0.00,0.00,102.00,0.00,131.65,0.00,0.00,0.00,0.00,0.00,0.00,0.00,0.00,0.00,0.00,0.00,0.00,0.00,0.00,0.00,0.00,0.00,0.00,0.00,0.00,0.00,0.00,0.00,0.00,0.00,0.00,0.00,0.00,0.00,0.00,0.00,722,3,5,0,0,0,90.00,0.00,2.00,0.00,90.00,2.00,0.00,0.00,0.00,0.00,0.00,0.00,0.00,0.00,0.00,0.00,0.00,0.00,0.00,0.00,0.00,0.00,0.00,0.00,0.00,0.00,0.00,0.00,0.00,0.00,0.00,0.00,0.00,0.00,0.00,0.00,0.00,0.00,0.00,0.00,0.00,0.00,0.00,0.00,2.00,0.00,0.00,0.00,0.00,0.00,0.00,0.00,0.00,0.00,0.00,3,2,1,0,0.00,0.00,0.00,0.00,0.00,0.00,0.00,0.00,0.00,0.00,0.00,0.00,0.00,0.00,0.00,0.00,0.00,0.00,0.00,0.00,0.00,0.00,0.00,0.00,0.00,0.00,0.00,0.00,0.00,0.00,0.00,0.00,0.00,0.00,0.00,0.00,0.00,0.00,0.00,0.00,0.00,0.00,0.00,0.00,0.00,0.00,0.00,0.00,0.00,0.00,0.00,0.00,0.00,102.00,0.00,0.00,0.00,0.00,1995.37
0.50,0.00,0.50,0.00,0.00,0.00,0.00,0.00,0.00,99.00,0.00,31.00,0.00,0.00,0.00,0.00,0.00,0.00,4.00,0.00,0.00,0.00,0.00,0.00,0.00,0.00,0.00,0.00,666996,1136544,1373724,67.32,47812,543344,3744980,183.51,850356,358872,460,618124,101848,7344,28828,0,0,0,0.00,0,0.00,0,0,0.00,26554,7616,36920,0,0,459,0.05,0.01,0.00,0,0.00,0.00,0.00,0.00,0.00,0.00,0.00,0.00,0.00,0.00,0.00,0.00,0.00,0.00,9.00,0.00,0.53,0.00,0.00,0.00,0.00,0.00,0.00,0.00,0.00,1.00,0.00,0.00,0.00,0.00,0.00,0.00,0.00,0.00,0.00,0.00,0.00,0.00,0.00,0.00,0.00,0.00,0.00,0.00,0.00,0.00,0.00,0.00,722,3,5,0,0,0,0.00,0.00,0.00,0.00,0.00,0.00,0.00,0.00,0.00,0.00,0.00,0.00,0.00,0.00,0.00,0.00,0.00,0.00,0.00,0.00,0.00,0.00,0.00,0.00,0.00,0.00,0.00,0.00,0.00,0.00,0.00,0.00,0.00,0.00,0.00,0.00,0.00,0.00,0.00,0.00,0.00,0.00,0.00,0.00,0.00,0.00,0.00,0.00,0.00,0.00,0.00,0.00,0.00,0.00,0.00,3,2,1,0,0.00,0.00,0.00,0.00,0.00,0.00,0.00,0.00,0.00,0.00,0.00,0.00,0.00,0.00,0.00,0.00,0.00,0.00,0.00,0.00,0.00,0.00,0.00,0.00,0.00,0.00,0.00,0.00,0.00,0.00,0.00,0.00,0.00,0.00,0.00,0.00,0.00,0.00,0.00,0.00,0.00,0.00,0.00,0.00,0.00,0.00,0.00,0.00,0.00,0.00,0.00,0.00,0.00,9.00,0.00,0.00,0.00,0.00,1995.37
0.00,0.00,0.00,0.00,0.50,0.00,5.00,0.00,0.00,94.50,0.00,322.00,0.00,0.00,0.00,0.00,4.00,0.00,16500.00,0.00,0.00,0.00,0.00,0.00,0.00,0.00,0.00,0.00,653716,1140368,1387004,67.97,47676,560376,3707724,181.69,848108,375160,0,615252,100912,7312,28740,0,0,0,0.00,0,0.00,0,0,0.00,26598,7616,36930,0,0,458,0.00,0.00,0.00,0,0.00,0.00,0.00,0.00,0.00,0.00,0.00,0.00,0.00,0.00,0.00,0.00,0.00,0.00,32499.00,0.00,47272.49,0.00,0.00,0.00,0.00,0.00,0.00,0.00,0.00,1.00,0.00,0.00,0.00,0.00,0.00,0.00,0.00,0.00,0.00,0.00,0.00,0.00,0.00,0.00,0.00,0.00,0.00,0.00,0.00,0.00,0.00,0.00,721,3,5,0,0,0,32490.00,0.00,722.00,0.00,32490.00,722.00,0.00,0.00,0.00,0.00,0.00,0.00,0.00,0.00,0.00,0.00,0.00,0.00,0.00,0.00,0.00,0.00,0.00,0.00,0.00,0.00,0.00,0.00,0.00,0.00,0.00,0.00,0.00,0.00,0.00,0.00,0.00,0.00,0.00,0.00,0.00,0.00,0.00,0.00,723.00,0.00,0.00,0.00,0.00,0.00,0.00,0.00,0.00,0.00,0.00,3,2,1,0,0.00,0.00,0.00,0.00,0.00,0.00,0.00,0.00,0.00,0.00,0.00,0.00,0.00,0.00,0.00,0.00,0.00,0.00,0.00,0.00,0.00,0.00,0.00,0.00,0.00,0.00,0.00,0.00,0.00,0.00,0.00,0.00,0.00,0.00,0.00,0.00,0.00,0.00,0.00,0.00,0.00,0.00,0.00,0.00,0.00,0.00,0.00,0.00,0.00,0.00,0.00,0.00,0.00,32589.00,0.00,0.00,0.00,0.00,1995.37
0.50,0.00,0.00,0.00,0.00,0.00,6.44,0.00,0.00,93.07,0.00,344.00,0.00,0.00,0.00,0.00,2.00,0.00,17692.00,0.00,0.00,0.00,0.00,0.00,0.00,0.00,0.00,0.00,653624,1140292,1387096,67.97,47676,560412,3707724,181.69,848124,375176,40,615308,100912,7328,28788,0,0,0,0.00,0,0.00,0,0,0.00,26598,7616,36930,0,0,458,0.00,0.00,0.00,0,0.00,0.00,0.00,0.00,0.00,0.00,0.00,0.00,0.00,0.00,0.00,0.00,0.00,0.00,35152.00,0.00,51135.32,0.00,0.00,0.00,0.00,0.00,0.00,0.00,0.00,0.00,0.00,0.00,0.00,0.00,0.00,0.00,0.00,0.00,0.00,0.00,0.00,0.00,0.00,0.00,0.00,0.00,0.00,0.00,0.00,0.00,0.00,0.00,721,3,5,0,0,0,35145.00,0.00,781.00,0.00,35145.00,781.00,0.00,0.00,0.00,0.00,0.00,0.00,0.00,0.00,0.00,0.00,0.00,0.00,0.00,0.00,0.00,0.00,0.00,0.00,0.00,0.00,0.00,0.00,0.00,0.00,0.00,0.00,0.00,0.00,0.00,0.00,0.00,0.00,0.00,0.00,0.00,0.00,0.00,0.00,780.00,0.00,0.00,0.00,0.00,0.00,0.00,0.00,0.00,0.00,0.00,3,2,1,0,0.00,0.00,0.00,0.00,0.00,0.00,0.00,0.00,0.00,0.00,0.00,0.00,0.00,0.00,0.00,0.00,0.00,0.00,0.00,0.00,0.00,0.00,0.00,0.00,0.00,0.00,0.00,0.00,0.00,0.00,0.00,0.00,0.00,0.00,0.00,0.00,0.00,0.00,0.00,0.00,0.00,0.00,0.00,0.00,0.00,0.00,0.00,0.00,0.00,0.00,0.00,0.00,0.00,35062.00,0.00,0.00,0.00,0.00,1995.37
0.00,0.00,0.00,0.00,0.00,0.00,4.06,0.00,0.00,95.94,0.00,317.00,0.00,0.00,0.00,0.00,0.00,0.00,17988.00,0.00,0.00,0.00,0.00,0.00,0.00,0.00,0.00,0.00,653624,1140292,1387096,67.97,47676,560424,3707724,181.69,848124,375176,52,615308,100912,7328,28788,0,0,0,0.00,0,0.00,0,0,0.00,26598,7616,36930,0,0,458,0.00,0.00,0.00,0,0.00,0.00,0.00,0.00,0.00,0.00,0.00,0.00,0.00,0.00,0.00,0.00,0.00,0.00,35737.00,0.00,51986.47,0.00,0.00,0.00,0.00,0.00,0.00,0.00,0.00,1.00,0.00,0.00,0.00,0.00,0.00,0.00,0.00,0.00,0.00,0.00,0.00,0.00,0.00,0.00,0.00,0.00,0.00,0.00,0.00,0.00,0.00,0.00,721,3,5,0,0,0,35730.00,0.00,794.00,0.00,35730.00,794.00,0.00,0.00,0.00,0.00,0.00,0.00,0.00,0.00,0.00,0.00,0.00,0.00,0.00,0.00,0.00,0.00,0.00,0.00,0.00,0.00,0.00,0.00,0.00,0.00,0.00,0.00,0.00,0.00,0.00,0.00,0.00,0.00,0.00,0.00,0.00,0.00,0.00,0.00,794.00,0.00,0.00,0.00,0.00,0.00,0.00,0.00,0.00,0.00,0.00,3,2,1,0,0.00,0.00,0.00,0.00,0.00,0.00,0.00,0.00,0.00,0.00,0.00,0.00,0.00,0.00,0.00,0.00,0.00,0.00,0.00,0.00,0.00,0.00,0.00,0.00,0.00,0.00,0.00,0.00,0.00,0.00,0.00,0.00,0.00,0.00,0.00,0.00,0.00,0.00,0.00,0.00,0.00,0.00,0.00,0.00,0.00,0.00,0.00,0.00,0.00,0.00,0.00,0.00,0.00,35782.00,0.00,0.00,0.00,0.00,1995.37
0.50,0.00,0.00,0.00,0.50,0.00,4.00,0.00,0.00,95.00,0.00,305.00,0.00,0.00,0.00,0.00,0.00,0.00,14444.00,0.00,0.00,0.00,0.00,0.00,0.00,0.00,0.00,0.00,653656,1140324,1387064,67.97,47676,560440,3707724,181.69,848124,375176,68,615308,100912,7328,28788,0,0,0,0.00,0,0.00,0,0,0.00,26598,7616,36930,0,0,458,0.00,0.00,0.00,0,0.00,0.00,0.00,0.00,0.00,0.00,0.00,0.00,0.00,0.00,0.00,0.00,0.00,0.00,28669.00,0.00,41706.94,0.00,0.00,0.00,0.00,0.00,0.00,0.00,0.00,0.00,0.00,0.00,0.00,0.00,0.00,0.00,0.00,0.00,0.00,0.00,0.00,0.00,0.00,0.00,0.00,0.00,0.00,0.00,0.00,0.00,0.00,0.00,721,3,5,0,0,0,28710.00,0.00,638.00,0.00,28710.00,638.00,0.00,0.00,0.00,0.00,0.00,0.00,0.00,0.00,0.00,0.00,0.00,0.00,0.00,0.00,0.00,0.00,0.00,0.00,0.00,0.00,0.00,0.00,0.00,0.00,0.00,0.00,0.00,0.00,0.00,0.00,0.00,0.00,0.00,0.00,0.00,0.00,0.00,0.00,638.00,0.00,0.00,0.00,0.00,0.00,0.00,0.00,0.00,0.00,0.00,3,2,1,0,0.00,0.00,0.00,0.00,0.00,0.00,0.00,0.00,0.00,0.00,0.00,0.00,0.00,0.00,0.00,0.00,0.00,0.00,0.00,0.00,0.00,0.00,0.00,0.00,0.00,0.00,0.00,0.00,0.00,0.00,0.00,0.00,0.00,0.00,0.00,0.00,0.00,0.00,0.00,0.00,0.00,0.00,0.00,0.00,0.00,0.00,0.00,0.00,0.00,0.00,0.00,0.00,0.00,28669.00,0.00,0.00,0.00,0.00,1995.37
0.00,0.00,0.50,0.00,0.00,0.00,4.52,0.00,0.00,94.97,0.00,319.00,0.00,0.00,0.00,0.00,0.00,0.00,16900.00,0.00,0.00,0.00,0.00,0.00,0.00,0.00,0.00,0.00,653656,1140324,1387064,67.97,47676,560440,3707724,181.69,848124,375176,68,615308,100912,7328,28788,0,0,0,0.00,0,0.00,0,0,0.00,26598,7616,36930,0,0,458,0.00,0.00,0.00,0,0.00,0.00,0.00,0.00,0.00,0.00,0.00,0.00,0.00,0.00,0.00,0.00,0.00,0.00,33580.00,0.00,48843.92,0.00,0.00,0.00,0.00,0.00,0.00,0.00,0.00,1.00,0.00,0.00,0.00,0.00,0.00,0.00,0.00,0.00,0.00,0.00,0.00,0.00,0.00,0.00,0.00,0.00,0.00,0.00,0.00,0.00,0.00,0.00,721,3,5,0,0,0,33525.00,0.00,745.00,0.00,33525.00,745.00,0.00,0.00,0.00,0.00,0.00,0.00,0.00,0.00,0.00,0.00,0.00,0.00,0.00,0.00,0.00,0.00,0.00,0.00,0.00,0.00,0.00,0.00,0.00,0.00,0.00,0.00,0.00,0.00,0.00,0.00,0.00,0.00,0.00,0.00,0.00,0.00,0.00,0.00,745.00,0.00,0.00,0.00,0.00,0.00,0.00,0.00,0.00,0.00,0.00,3,2,1,0,0.00,0.00,0.00,0.00,0.00,0.00,0.00,0.00,0.00,0.00,0.00,0.00,0.00,0.00,0.00,0.00,0.00,0.00,0.00,0.00,0.00,0.00,0.00,0.00,0.00,0.00,0.00,0.00,0.00,0.00,0.00,0.00,0.00,0.00,0.00,0.00,0.00,0.00,0.00,0.00,0.00,0.00,0.00,0.00,0.00,0.00,0.00,0.00,0.00,0.00,0.00,0.00,0.00,33580.00,0.00,0.00,0.00,0.00,1995.37
0.00,0.00,0.52,1.03,0.00,0.00,2.58,0.00,0.00,95.88,0.00,318.00,0.00,0.00,0.00,36.00,0.00,0.00,15332.00,0.00,0.00,0.00,0.00,2.00,0.00,2.00,0.00,72.00,653624,1140344,1387096,67.97,47684,560472,3707724,181.69,848128,375228,124,615308,100912,7328,28788,0,0,0,0.00,0,0.00,0,0,0.00,26598,7616,36930,0,0,458,0.00,0.00,0.00,0,0.00,0.00,0.00,0.00,0.00,0.00,2.00,0.00,36.00,18.00,0.00,16.00,0.00,0.00,30517.00,0.00,44391.53,0.00,0.00,0.00,0.00,0.00,0.00,0.00,0.00,0.00,0.00,0.00,0.00,0.00,0.00,0.00,0.00,0.00,0.00,0.00,0.00,0.00,0.00,0.00,0.00,0.00,0.00,0.00,0.00,0.00,0.00,0.00,721,3,5,0,0,0,30510.00,0.00,678.00,0.00,30510.00,678.00,0.00,0.00,0.00,0.00,0.00,0.00,0.00,0.00,0.00,0.00,0.00,0.00,0.00,0.00,0.00,0.00,0.00,0.00,0.00,0.00,0.00,0.00,0.00,0.00,0.00,0.00,0.00,0.00,0.00,0.00,0.00,0.00,0.00,0.00,0.00,0.00,0.00,0.00,678.00,0.00,0.00,0.00,0.00,0.00,0.00,0.00,0.00,0.00,0.00,3,2,1,0,0.00,0.00,0.00,0.00,0.00,0.00,0.00,0.00,0.00,0.00,0.00,0.00,0.00,0.00,0.00,0.00,0.00,0.00,0.00,0.00,0.00,0.00,0.00,0.00,0.00,0.00,0.00,0.00,0.00,0.00,0.00,0.00,0.00,0.00,0.00,0.00,0.00,0.00,0.00,0.00,0.00,0.00,0.00,0.00,0.00,0.00,0.00,0.00,0.00,0.00,0.00,0.00,0.00,30534.00,0.00,0.00,0.00,0.00,1995.37
0.00,0.00,0.00,0.00,0.50,0.00,5.94,0.00,0.00,93.56,0.00,403.00,0.00,0.00,0.00,0.00,0.00,0.00,17553.00,0.00,0.00,0.00,0.00,0.00,0.00,0.00,0.00,0.00,653500,1140220,1387220,67.98,47684,560488,3707724,181.69,848128,375228,140,615308,100916,7328,28788,0,0,0,0.00,0,0.00,0,0,0.00,26598,7616,36930,0,0,458,0.00,0.00,0.00,0,0.00,0.00,0.00,0.00,0.00,0.00,0.00,0.00,0.00,0.00,0.00,0.00,0.00,0.00,34839.00,0.00,50677.12,0.00,0.00,0.00,0.00,0.00,0.00,0.00,0.00,1.00,0.00,0.00,0.00,0.00,0.00,0.00,0.00,0.00,0.00,0.00,0.00,0.00,0.00,0.00,0.00,0.00,0.00,0.00,0.00,0.00,0.00,0.00,721,3,5,0,0,0,34830.00,0.00,774.00,0.00,34830.00,774.00,0.00,0.00,0.00,0.00,0.00,0.00,0.00,0.00,0.00,0.00,0.00,0.00,0.00,0.00,0.00,0.00,0.00,0.00,0.00,0.00,0.00,0.00,0.00,0.00,0.00,0.00,0.00,0.00,0.00,0.00,0.00,0.00,0.00,0.00,0.00,0.00,0.00,0.00,774.00,0.00,0.00,0.00,0.00,0.00,0.00,0.00,0.00,0.00,0.00,3,2,1,0,0.00,0.00,0.00,0.00,0.00,0.00,0.00,0.00,0.00,0.00,0.00,0.00,0.00,0.00,0.00,0.00,0.00,0.00,0.00,0.00,0.00,0.00,0.00,0.00,0.00,0.00,0.00,0.00,0.00,0.00,0.00,0.00,0.00,0.00,0.00,0.00,0.00,0.00,0.00,0.00,0.00,0.00,0.00,0.00,0.00,0.00,0.00,0.00,0.00,0.00,0.00,0.00,0.00,34777.00,0.00,0.00,0.00,0.00,1995.37
0.50,0.00,0.00,0.00,0.00,0.00,4.98,0.00,0.00,94.53,0.00,392.00,0.00,0.00,0.00,0.00,0.00,0.00,13083.00,0.00,0.00,0.00,0.00,0.00,0.00,0.00,0.00,0.00,653500,1140232,1387220,67.98,47684,560504,3707724,181.69,848172,375240,156,615308,100916,7328,28788,0,0,0,0.00,0,0.00,0,0,0.00,26598,7616,36930,0,0,458,0.00,0.00,0.00,0,0.00,0.00,0.00,0.00,0.00,0.00,0.00,0.00,0.00,0.00,0.00,0.00,0.00,0.00,26058.00,0.00,37909.41,0.00,0.00,0.00,0.00,0.00,0.00,0.00,0.00,0.00,0.00,0.00,0.00,0.00,0.00,0.00,0.00,0.00,0.00,0.00,0.00,0.00,0.00,0.00,0.00,0.00,0.00,0.00,0.00,0.00,0.00,0.00,721,3,5,0,0,0,26055.00,0.00,579.00,0.00,26055.00,579.00,0.00,0.00,0.00,0.00,0.00,0.00,0.00,0.00,0.00,0.00,0.00,0.00,0.00,0.00,0.00,0.00,0.00,0.00,0.00,0.00,0.00,0.00,0.00,0.00,0.00,0.00,0.00,0.00,0.00,0.00,0.00,0.00,0.00,0.00,0.00,0.00,0.00,0.00,579.00,0.00,0.00,0.00,0.00,0.00,0.00,0.00,0.00,0.00,0.00,3,2,1,0,0.00,0.00,0.00,0.00,0.00,0.00,0.00,0.00,0.00,0.00,0.00,0.00,0.00,0.00,0.00,0.00,0.00,0.00,0.00,0.00,0.00,0.00,0.00,0.00,0.00,0.00,0.00,0.00,0.00,0.00,0.00,0.00,0.00,0.00,0.00,0.00,0.00,0.00,0.00,0.00,0.00,0.00,0.00,0.00,0.00,0.00,0.00,0.00,0.00,0.00,0.00,0.00,0.00,26058.00,0.00,0.00,0.00,0.00,1995.37
0.00,0.00,0.50,0.00,0.00,0.00,4.50,0.00,0.00,95.00,0.00,312.00,0.00,0.00,0.00,0.00,0.00,0.00,13300.00,0.00,0.00,0.00,0.00,0.00,0.00,0.00,0.00,0.00,653468,1140200,1387252,67.98,47684,560520,3707724,181.69,848172,375240,172,615308,100916,7328,28788,0,0,0,0.00,0,0.00,0,0,0.00,26598,7616,36930,0,0,458,0.00,0.00,0.00,0,0.00,0.00,0.00,0.00,0.00,0.00,0.00,0.00,0.00,0.00,0.00,0.00,0.00,0.00,26423.00,0.00,38433.49,0.00,0.00,0.00,0.00,0.00,0.00,0.00,0.00,1.00,0.00,0.00,0.00,0.00,0.00,0.00,0.00,0.00,0.00,0.00,0.00,0.00,0.00,0.00,0.00,0.00,0.00,0.00,0.00,0.00,0.00,0.00,721,3,5,0,0,0,26460.00,0.00,588.00,0.00,26460.00,588.00,0.00,0.00,0.00,0.00,0.00,0.00,0.00,0.00,0.00,0.00,0.00,0.00,0.00,0.00,0.00,0.00,0.00,0.00,0.00,0.00,0.00,0.00,0.00,0.00,0.00,0.00,0.00,0.00,0.00,0.00,0.00,0.00,0.00,0.00,0.00,0.00,0.00,0.00,588.00,0.00,0.00,0.00,0.00,0.00,0.00,0.00,0.00,0.00,0.00,3,2,1,0,0.00,0.00,0.00,0.00,0.00,0.00,0.00,0.00,0.00,0.00,0.00,0.00,0.00,0.00,0.00,0.00,0.00,0.00,0.00,0.00,0.00,0.00,0.00,0.00,0.00,0.00,0.00,0.00,0.00,0.00,0.00,0.00,0.00,0.00,0.00,0.00,0.00,0.00,0.00,0.00,0.00,0.00,0.00,0.00,0.00,0.00,0.00,0.00,0.00,0.00,0.00,0.00,0.00,26513.00,0.00,0.00,0.00,0.00,1995.37
0.51,0.00,0.00,0.00,0.00,0.00,3.54,0.00,0.00,95.96,0.00,296.00,0.00,0.00,0.00,0.00,0.00,0.00,13652.00,0.00,0.00,0.00,0.00,0.00,0.00,0.00,0.00,0.00,653468,1140200,1387252,67.98,47684,560536,3707724,181.69,848172,375240,188,615308,100916,7328,28788,0,0,0,0.00,0,0.00,0,0,0.00,26598,7616,36930,0,0,458,0.00,0.00,0.00,0,0.00,0.00,0.00,0.00,0.00,0.00,0.00,0.00,0.00,0.00,0.00,0.00,0.00,0.00,27093.00,0.00,39415.30,0.00,0.00,0.00,0.00,0.00,0.00,0.00,0.00,0.00,0.00,0.00,0.00,0.00,0.00,0.00,0.00,0.00,0.00,0.00,0.00,0.00,0.00,0.00,0.00,0.00,0.00,0.00,0.00,0.00,0.00,0.00,721,3,5,0,0,0,27045.00,0.00,601.00,0.00,27045.00,601.00,0.00,0.00,0.00,0.00,0.00,0.00,0.00,0.00,0.00,0.00,0.00,0.00,0.00,0.00,0.00,0.00,0.00,0.00,0.00,0.00,0.00,0.00,0.00,0.00,0.00,0.00,0.00,0.00,0.00,0.00,0.00,0.00,0.00,0.00,0.00,0.00,0.00,0.00,601.00,0.00,0.00,0.00,0.00,0.00,0.00,0.00,0.00,0.00,0.00,3,2,1,0,0.00,0.00,0.00,0.00,0.00,0.00,0.00,0.00,0.00,0.00,0.00,0.00,0.00,0.00,0.00,0.00,0.00,0.00,0.00,0.00,0.00,0.00,0.00,0.00,0.00,0.00,0.00,0.00,0.00,0.00,0.00,0.00,0.00,0.00,0.00,0.00,0.00,0.00,0.00,0.00,0.00,0.00,0.00,0.00,0.00,0.00,0.00,0.00,0.00,0.00,0.00,0.00,0.00,27003.00,0.00,0.00,0.00,0.00,1995.37
0.00,0.00,0.50,3.00,0.50,0.00,3.00,0.00,0.00,93.00,0.00,314.00,0.00,0.00,0.00,12.00,0.00,0.00,11620.00,0.00,0.00,0.00,0.00,2.00,0.00,2.00,0.00,24.00,653376,1140168,1387344,67.98,47692,560548,3707724,181.69,848180,375288,200,615308,100920,7328,28788,0,0,0,0.00,0,0.00,0,0,0.00,26598,7616,36930,0,0,458,0.00,0.00,0.00,0,0.00,0.00,0.00,0.00,0.00,0.00,2.00,0.00,12.00,6.00,0.00,28.00,0.00,0.00,23046.00,0.00,33522.89,0.00,0.00,0.00,0.00,0.00,0.00,0.00,0.00,1.00,0.00,0.00,0.00,0.00,0.00,0.00,0.00,0.00,0.00,0.00,0.00,0.00,0.00,0.00,0.00,0.00,0.00,0.00,0.00,0.00,0.00,0.00,721,3,5,0,0,0,23043.00,0.00,513.00,0.00,23040.00,512.00,0.00,0.00,0.00,0.00,0.00,0.00,0.00,0.00,0.00,0.00,0.00,0.00,0.00,0.00,0.00,0.00,0.00,0.00,0.00,0.00,0.00,0.00,0.00,0.00,0.00,0.00,0.00,0.00,0.00,0.00,0.00,0.00,0.00,0.00,0.00,0.00,0.00,0.00,512.00,0.00,0.00,0.00,0.00,0.00,0.00,0.00,0.00,0.00,0.00,3,2,1,0,0.00,0.00,0.00,0.00,0.00,0.00,0.00,0.00,0.00,0.00,0.00,0.00,0.00,0.00,0.00,0.00,0.00,0.00,0.00,0.00,0.00,0.00,0.00,0.00,0.00,0.00,0.00,0.00,0.00,0.00,0.00,0.00,0.00,0.00,0.00,0.00,0.00,0.00,0.00,0.00,0.00,0.00,0.00,0.00,0.00,0.00,0.00,0.00,0.00,0.00,0.00,0.00,0.00,23046.00,0.00,0.00,0.00,0.00,1995.37
0.50,0.00,0.00,0.00,0.00,0.00,3.02,0.00,0.00,96.48,0.00,293.07,0.00,0.00,0.00,0.00,0.00,0.00,9801.98,0.00,0.00,0.00,0.00,0.00,0.00,0.00,0.00,0.00,653376,1140224,1387344,67.98,47692,560564,3707724,181.69,848180,375344,216,615308,100920,7328,28788,0,0,0,0.00,0,0.00,0,0,0.00,26598,7616,36930,0,0,458,0.00,0.00,0.00,0,0.00,0.00,0.00,0.00,0.00,0.00,0.00,0.00,0.00,0.00,0.00,0.00,0.00,0.00,19480.20,0.00,28329.79,0.00,0.00,0.00,0.00,0.00,0.00,0.00,0.00,0.00,0.00,0.00,0.00,0.00,0.00,0.00,0.00,0.00,0.00,0.00,0.00,0.00,0.00,0.00,0.00,0.00,0.00,0.00,0.00,0.00,0.00,0.00,721,3,5,0,0,0,19475.25,0.00,433.66,0.00,19470.30,432.67,0.00,0.00,0.00,0.00,0.00,0.00,0.00,0.00,0.00,0.00,0.00,0.00,0.00,0.00,0.00,0.00,0.00,0.00,0.00,0.00,0.00,0.00,0.00,0.00,0.00,0.00,0.00,0.00,0.00,0.00,0.00,0.00,0.00,0.00,0.00,0.00,0.00,0.00,432.67,0.00,0.00,0.00,0.00,0.00,0.00,0.00,0.00,0.00,0.00,3,2,1,0,0.00,0.00,0.00,0.00,0.00,0.00,0.00,0.00,0.00,0.00,0.00,0.00,0.00,0.00,0.00,0.00,0.00,0.00,0.00,0.00,0.00,0.00,0.00,0.00,0.00,0.00,0.00,0.00,0.00,0.00,0.00,0.00,0.00,0.00,0.00,0.00,0.00,0.00,0.00,0.00,0.00,0.00,0.00,0.00,0.00,0.00,0.00,0.00,0.00,0.00,0.00,0.00,0.00,19480.20,0.00,0.00,0.00,0.00,1995.37
0.51,0.00,0.00,0.00,0.00,0.00,3.03,0.00,0.00,96.46,0.00,289.00,0.00,0.00,0.00,0.00,0.00,0.00,11548.00,0.00,0.00,0.00,0.00,0.00,0.00,0.00,0.00,0.00,653344,1140192,1387376,67.98,47692,560580,3707724,181.69,848180,375344,232,615308,100920,7328,28788,0,0,0,0.00,0,0.00,0,0,0.00,26598,7616,36930,0,0,458,0.00,0.00,0.00,0,0.00,0.00,0.00,0.00,0.00,0.00,0.00,0.00,0.00,0.00,0.00,0.00,0.00,0.00,22956.00,0.00,33391.94,0.00,0.00,0.00,0.00,0.00,0.00,0.00,0.00,1.00,0.00,0.00,0.00,0.00,0.00,0.00,0.00,0.00,0.00,0.00,0.00,0.00,0.00,0.00,0.00,0.00,0.00,0.00,0.00,0.00,0.00,0.00,721,3,5,0,0,0,22951.00,0.00,511.00,0.00,22950.00,510.00,0.00,0.00,0.00,0.00,0.00,0.00,0.00,0.00,0.00,0.00,0.00,0.00,0.00,0.00,0.00,0.00,0.00,0.00,0.00,0.00,0.00,0.00,0.00,0.00,0.00,0.00,0.00,0.00,0.00,0.00,0.00,0.00,0.00,0.00,0.00,0.00,0.00,0.00,510.00,0.00,0.00,0.00,0.00,0.00,0.00,0.00,0.00,0.00,0.00,3,2,1,0,0.00,0.00,0.00,0.00,0.00,0.00,0.00,0.00,0.00,0.00,0.00,0.00,0.00,0.00,0.00,0.00,0.00,0.00,0.00,0.00,0.00,0.00,0.00,0.00,0.00,0.00,0.00,0.00,0.00,0.00,0.00,0.00,0.00,0.00,0.00,0.00,0.00,0.00,0.00,0.00,0.00,0.00,0.00,0.00,0.00,0.00,0.00,0.00,0.00,0.00,0.00,0.00,0.00,22956.00,0.00,0.00,0.00,0.00,1995.37
0.00,0.00,0.50,0.00,0.00,0.00,3.50,0.00,0.00,96.00,0.00,301.00,0.00,0.00,0.00,0.00,0.00,0.00,10116.00,0.00,0.00,0.00,0.00,0.00,0.00,0.00,0.00,0.00,653408,1140256,1387312,67.98,47692,560596,3707724,181.69,848180,375344,248,615308,100920,7328,28788,0,0,0,0.00,0,0.00,0,0,0.00,26598,7616,36930,0,0,458,0.00,0.00,0.00,0,0.00,0.00,0.00,0.00,0.00,0.00,0.00,0.00,0.00,0.00,0.00,0.00,0.00,0.00,20164.00,0.00,29332.42,0.00,0.00,0.00,0.00,0.00,0.00,0.00,0.00,0.00,0.00,0.00,0.00,0.00,0.00,0.00,0.00,0.00,0.00,0.00,0.00,0.00,0.00,0.00,0.00,0.00,0.00,0.00,0.00,0.00,0.00,0.00,721,3,5,0,0,0,20160.00,0.00,448.00,0.00,20160.00,448.00,0.00,0.00,0.00,0.00,0.00,0.00,0.00,0.00,0.00,0.00,0.00,0.00,0.00,0.00,0.00,0.00,0.00,0.00,0.00,0.00,0.00,0.00,0.00,0.00,0.00,0.00,0.00,0.00,0.00,0.00,0.00,0.00,0.00,0.00,0.00,0.00,0.00,0.00,448.00,0.00,0.00,0.00,0.00,0.00,0.00,0.00,0.00,0.00,0.00,3,2,1,0,0.00,0.00,0.00,0.00,0.00,0.00,0.00,0.00,0.00,0.00,0.00,0.00,0.00,0.00,0.00,0.00,0.00,0.00,0.00,0.00,0.00,0.00,0.00,0.00,0.00,0.00,0.00,0.00,0.00,0.00,0.00,0.00,0.00,0.00,0.00,0.00,0.00,0.00,0.00,0.00,0.00,0.00,0.00,0.00,0.00,0.00,0.00,0.00,0.00,0.00,0.00,0.00,0.00,20164.00,0.00,0.00,0.00,0.00,1995.37
0.00,0.00,0.50,0.00,0.50,0.00,2.50,0.00,0.00,96.50,0.00,289.00,0.00,0.00,0.00,0.00,0.00,0.00,8107.00,0.00,0.00,0.00,0.00,0.00,0.00,0.00,0.00,0.00,653408,1140312,1387312,67.98,47692,560612,3707724,181.69,848180,375400,264,615308,100920,7328,28788,0,0,0,0.00,0,0.00,0,0,0.00,26598,7616,36930,0,0,458,0.00,0.00,0.00,0,0.00,0.00,0.00,0.00,0.00,0.00,0.00,0.00,0.00,0.00,0.00,0.00,0.00,0.00,16069.00,0.00,23374.32,0.00,0.00,0.00,0.00,0.00,0.00,0.00,0.00,1.00,0.00,0.00,0.00,0.00,0.00,0.00,0.00,0.00,0.00,0.00,0.00,0.00,0.00,0.00,0.00,0.00,0.00,0.00,0.00,0.00,0.00,0.00,721,3,5,0,0,0,16065.00,0.00,357.00,0.00,16065.00,357.00,0.00,0.00,0.00,0.00,0.00,0.00,0.00,0.00,0.00,0.00,0.00,0.00,0.00,0.00,0.00,0.00,0.00,0.00,0.00,0.00,0.00,0.00,0.00,0.00,0.00,0.00,0.00,0.00,0.00,0.00,0.00,0.00,0.00,0.00,0.00,0.00,0.00,0.00,357.00,0.00,0.00,0.00,0.00,0.00,0.00,0.00,0.00,0.00,0.00,3,2,1,0,0.00,0.00,0.00,0.00,0.00,0.00,0.00,0.00,0.00,0.00,0.00,0.00,0.00,0.00,0.00,0.00,0.00,0.00,0.00,0.00,0.00,0.00,0.00,0.00,0.00,0.00,0.00,0.00,0.00,0.00,0.00,0.00,0.00,0.00,0.00,0.00,0.00,0.00,0.00,0.00,0.00,0.00,0.00,0.00,0.00,0.00,0.00,0.00,0.00,0.00,0.00,0.00,0.00,16114.00,0.00,0.00,0.00,0.00,1995.37
1.01,0.00,0.00,4.52,0.00,0.00,2.51,0.00,0.00,91.96,0.00,307.00,0.00,0.00,0.00,12.00,0.00,0.00,8916.00,0.00,0.00,0.00,0.00,2.00,0.00,2.00,0.00,24.00,653344,1140248,1387376,67.98,47700,560628,3707724,181.69,848180,375400,280,615308,100920,7328,28788,0,0,0,0.00,0,0.00,0,0,0.00,26598,7616,36930,0,0,458,0.00,0.00,0.00,0,0.00,0.00,0.00,0.00,0.00,0.00,2.00,0.00,12.00,6.00,0.00,50.00,0.00,0.00,17736.00,0.00,25796.96,0.00,0.00,0.00,0.00,0.00,0.00,0.00,0.00,0.00,0.00,0.00,0.00,0.00,0.00,0.00,0.00,0.00,0.00,0.00,0.00,0.00,0.00,0.00,0.00,0.00,0.00,0.00,0.00,0.00,0.00,0.00,721,3,5,0,0,0,17730.00,0.00,394.00,0.00,17730.00,394.00,0.00,0.00,0.00,0.00,0.00,0.00,0.00,0.00,0.00,0.00,0.00,0.00,0.00,0.00,0.00,0.00,0.00,0.00,0.00,0.00,0.00,0.00,0.00,0.00,0.00,0.00,0.00,0.00,0.00,0.00,0.00,0.00,0.00,0.00,0.00,0.00,0.00,0.00,395.00,0.00,0.00,0.00,0.00,0.00,0.00,0.00,0.00,0.00,0.00,3,2,1,0,0.00,0.00,0.00,0.00,0.00,0.00,0.00,0.00,0.00,0.00,0.00,0.00,0.00,0.00,0.00,0.00,0.00,0.00,0.00,0.00,0.00,0.00,0.00,0.00,0.00,0.00,0.00,0.00,0.00,0.00,0.00,0.00,0.00,0.00,0.00,0.00,0.00,0.00,0.00,0.00,0.00,0.00,0.00,0.00,0.00,0.00,0.00,0.00,0.00,0.00,0.00,0.00,0.00,17736.00,0.00,0.00,0.00,0.00,1995.37
0.00,0.00,0.00,0.00,0.00,0.00,3.52,0.00,0.00,96.48,0.00,297.00,0.00,0.00,0.00,0.00,0.00,0.00,10867.00,0.00,0.00,0.00,0.00,0.00,0.00,0.00,0.00,0.00,653500,1140404,1387220,67.98,47700,560644,3707724,181.69,848180,375400,296,615308,100920,7328,28788,0,0,0,0.00,0,0.00,0,0,0.00,26598,7616,36930,0,0,458,0.00,0.00,0.00,0,0.00,0.00,0.00,0.00,0.00,0.00,0.00,0.00,0.00,0.00,0.00,0.00,0.00,0.00,21575.00,0.00,31363.57,0.00,0.00,0.00,0.00,0.00,0.00,0.00,0.00,1.00,0.00,0.00,0.00,0.00,0.00,0.00,0.00,0.00,0.00,0.00,0.00,0.00,0.00,0.00,0.00,0.00,0.00,0.00,0.00,0.00,0.00,0.00,721,3,5,0,0,0,21609.00,0.00,485.00,0.00,21600.00,480.00,0.00,0.00,0.00,0.00,0.00,0.00,0.00,0.00,0.00,0.00,0.00,0.00,0.00,0.00,0.00,0.00,0.00,0.00,0.00,0.00,0.00,0.00,0.00,0.00,0.00,0.00,0.00,0.00,0.00,0.00,0.00,0.00,0.00,0.00,0.00,0.00,0.00,0.00,479.00,0.00,0.00,0.00,0.00,0.00,0.00,0.00,0.00,0.00,0.00,3,2,1,0,0.00,0.00,0.00,0.00,0.00,0.00,0.00,0.00,0.00,0.00,0.00,0.00,0.00,0.00,0.00,0.00,0.00,0.00,0.00,0.00,0.00,0.00,0.00,0.00,0.00,0.00,0.00,0.00,0.00,0.00,0.00,0.00,0.00,0.00,0.00,0.00,0.00,0.00,0.00,0.00,0.00,0.00,0.00,0.00,0.00,0.00,0.00,0.00,0.00,0.00,0.00,0.00,0.00,21575.00,0.00,0.00,0.00,0.00,1995.37
0.00,0.00,0.50,0.00,0.00,0.00,3.02,0.00,0.00,96.48,0.00,298.00,0.00,0.00,0.00,0.00,11.00,0.00,8734.00,0.00,0.00,0.00,0.00,0.00,0.00,0.00,0.00,0.00,653500,1140404,1387220,67.98,47700,560660,3707724,181.69,848180,375400,312,615308,100920,7328,28788,0,0,0,0.00,0,0.00,0,0,0.00,26598,7616,36930,0,0,458,0.00,0.00,0.00,0,0.00,0.00,0.00,0.00,0.00,0.00,0.00,0.00,0.00,0.00,0.00,0.00,0.00,0.00,17422.00,0.00,25338.77,0.00,0.00,0.00,0.00,0.00,0.00,0.00,0.00,2.00,0.00,0.00,0.00,0.00,0.00,0.00,0.00,0.00,0.00,0.00,0.00,0.00,0.00,0.00,0.00,0.00,0.00,0.00,0.00,0.00,0.00,0.00,721,3,5,0,0,0,17416.00,0.00,388.00,0.00,17415.00,387.00,0.00,0.00,0.00,0.00,0.00,0.00,0.00,0.00,0.00,0.00,0.00,0.00,0.00,0.00,0.00,0.00,0.00,0.00,0.00,0.00,0.00,0.00,0.00,0.00,0.00,0.00,0.00,0.00,0.00,0.00,0.00,0.00,0.00,0.00,0.00,0.00,0.00,0.00,387.00,0.00,0.00,0.00,0.00,0.00,0.00,0.00,0.00,0.00,0.00,3,2,1,0,0.00,0.00,0.00,0.00,0.00,0.00,0.00,0.00,0.00,0.00,0.00,0.00,0.00,0.00,0.00,0.00,0.00,0.00,0.00,0.00,0.00,0.00,0.00,0.00,0.00,0.00,0.00,0.00,0.00,0.00,0.00,0.00,0.00,0.00,0.00,0.00,0.00,0.00,0.00,0.00,0.00,0.00,0.00,0.00,0.00,0.00,0.00,0.00,0.00,0.00,0.00,0.00,0.00,17422.00,0.00,0.00,0.00,0.00,1995.37
0.50,0.00,0.50,0.00,0.00,0.00,1.51,0.00,0.00,97.49,0.00,280.00,0.00,0.00,0.00,0.00,0.00,0.00,7396.00,0.00,0.00,0.00,0.00,0.00,0.00,0.00,0.00,0.00,653532,1140484,1387188,67.98,47700,560676,3707724,181.69,848188,375448,328,615324,100920,7328,28788,0,0,0,0.00,0,0.00,0,0,0.00,26598,7616,36930,0,0,458,0.00,0.00,0.00,0,0.00,0.00,0.00,0.00,0.00,0.00,0.00,0.00,0.00,0.00,0.00,0.00,0.00,0.00,14678.00,0.00,21344.90,0.00,0.00,0.00,0.00,0.00,0.00,0.00,0.00,1.00,0.00,0.00,0.00,0.00,0.00,0.00,0.00,0.00,0.00,0.00,0.00,0.00,0.00,0.00,0.00,0.00,0.00,0.00,0.00,0.00,0.00,0.00,721,3,5,0,0,0,14626.00,0.00,326.00,0.00,14625.00,325.00,0.00,0.00,0.00,0.00,0.00,0.00,0.00,0.00,0.00,0.00,0.00,0.00,0.00,0.00,0.00,0.00,0.00,0.00,0.00,0.00,0.00,0.00,0.00,0.00,0.00,0.00,0.00,0.00,0.00,0.00,0.00,0.00,0.00,0.00,0.00,0.00,0.00,0.00,325.00,0.00,0.00,0.00,0.00,0.00,0.00,0.00,0.00,0.00,0.00,3,2,1,0,0.00,0.00,0.00,0.00,0.00,0.00,0.00,0.00,0.00,0.00,0.00,0.00,0.00,0.00,0.00,0.00,0.00,0.00,0.00,0.00,0.00,0.00,0.00,0.00,0.00,0.00,0.00,0.00,0.00,0.00,0.00,0.00,0.00,0.00,0.00,0.00,0.00,0.00,0.00,0.00,0.00,0.00,0.00,0.00,0.00,0.00,0.00,0.00,0.00,0.00,0.00,0.00,0.00,14633.00,0.00,0.00,0.00,0.00,1995.37
0.00,0.00,0.50,0.00,0.50,0.00,1.51,0.00,0.00,97.49,0.00,280.00,0.00,0.00,0.00,0.00,0.00,0.00,6444.00,0.00,0.00,0.00,0.00,0.00,0.00,0.00,0.00,0.00,653532,1140484,1387188,67.98,47700,560688,3707724,181.69,848188,375448,340,615324,100920,7328,28788,0,0,0,0.00,0,0.00,0,0,0.00,26598,7616,36930,0,0,458,0.00,0.00,0.00,0,0.00,0.00,0.00,0.00,0.00,0.00,0.00,0.00,0.00,0.00,0.00,0.00,0.00,0.00,12742.00,0.00,18529.74,0.00,0.00,0.00,0.00,0.00,0.00,0.00,0.00,0.00,0.00,0.00,0.00,0.00,0.00,0.00,0.00,0.00,0.00,0.00,0.00,0.00,0.00,0.00,0.00,0.00,0.00,0.00,0.00,0.00,0.00,0.00,721,3,5,0,0,0,12736.00,0.00,284.00,0.00,12735.00,283.00,0.00,0.00,0.00,0.00,0.00,0.00,0.00,0.00,0.00,0.00,0.00,0.00,0.00,0.00,0.00,0.00,0.00,0.00,0.00,0.00,0.00,0.00,0.00,0.00,0.00,0.00,0.00,0.00,0.00,0.00,0.00,0.00,0.00,0.00,0.00,0.00,0.00,0.00,283.00,0.00,0.00,0.00,0.00,0.00,0.00,0.00,0.00,0.00,0.00,3,2,1,0,0.00,0.00,0.00,0.00,0.00,0.00,0.00,0.00,0.00,0.00,0.00,0.00,0.00,0.00,0.00,0.00,0.00,0.00,0.00,0.00,0.00,0.00,0.00,0.00,0.00,0.00,0.00,0.00,0.00,0.00,0.00,0.00,0.00,0.00,0.00,0.00,0.00,0.00,0.00,0.00,0.00,0.00,0.00,0.00,0.00,0.00,0.00,0.00,0.00,0.00,0.00,0.00,0.00,12743.00,0.00,0.00,0.00,0.00,1995.37
0.00,0.00,0.00,2.50,0.00,0.00,2.50,0.00,0.00,95.00,0.00,300.00,0.00,0.00,0.00,12.00,0.00,0.00,5893.00,0.00,0.00,0.00,0.00,2.00,0.00,2.00,0.00,24.00,653500,1140452,1387220,67.98,47708,560704,3707724,181.69,848188,375448,356,615324,100924,7328,28788,0,0,0,0.00,0,0.00,0,0,0.00,26598,7616,36930,0,0,458,0.00,0.00,0.00,0,0.00,0.00,0.00,0.00,0.00,0.00,2.00,0.00,12.00,6.00,0.00,28.00,0.00,0.00,11709.00,0.00,17023.67,0.00,0.00,0.00,0.00,0.00,0.00,0.00,0.00,1.00,0.00,0.00,0.00,0.00,0.00,0.00,0.00,0.00,0.00,0.00,0.00,0.00,0.00,0.00,0.00,0.00,0.00,0.00,0.00,0.00,0.00,0.00,721,3,5,0,0,0,11700.00,0.00,260.00,0.00,11700.00,260.00,0.00,0.00,0.00,0.00,0.00,0.00,0.00,0.00,0.00,0.00,0.00,0.00,0.00,0.00,0.00,0.00,0.00,0.00,0.00,0.00,0.00,0.00,0.00,0.00,0.00,0.00,0.00,0.00,0.00,0.00,0.00,0.00,0.00,0.00,0.00,0.00,0.00,0.00,260.00,0.00,0.00,0.00,0.00,0.00,0.00,0.00,0.00,0.00,0.00,3,2,1,0,0.00,0.00,0.00,0.00,0.00,0.00,0.00,0.00,0.00,0.00,0.00,0.00,0.00,0.00,0.00,0.00,0.00,0.00,0.00,0.00,0.00,0.00,0.00,0.00,0.00,0.00,0.00,0.00,0.00,0.00,0.00,0.00,0.00,0.00,0.00,0.00,0.00,0.00,0.00,0.00,0.00,0.00,0.00,0.00,0.00,0.00,0.00,0.00,0.00,0.00,0.00,0.00,0.00,11708.00,0.00,0.00,0.00,0.00,1995.37
0.50,0.00,0.50,0.00,0.00,0.00,2.48,0.00,0.00,96.53,0.00,295.00,0.00,0.00,0.00,0.00,0.00,0.00,5012.00,0.00,0.00,0.00,0.00,0.00,0.00,0.00,0.00,0.00,653564,1140564,1387156,67.97,47708,560720,3707724,181.69,848196,375496,372,615324,100924,7328,28788,0,0,0,0.00,0,0.00,0,0,0.00,26598,7616,36930,0,0,458,0.00,0.00,0.00,0,0.00,0.00,0.00,0.00,0.00,0.00,0.00,0.00,0.00,0.00,0.00,0.00,0.00,0.00,9948.00,0.00,14469.85,0.00,0.00,0.00,0.00,0.00,0.00,0.00,0.00,0.00,0.00,0.00,0.00,0.00,0.00,0.00,0.00,0.00,0.00,0.00,0.00,0.00,0.00,0.00,0.00,0.00,0.00,0.00,0.00,0.00,0.00,0.00,721,3,5,0,0,0,9945.00,0.00,221.00,0.00,9945.00,221.00,0.00,0.00,0.00,0.00,0.00,0.00,0.00,0.00,0.00,0.00,0.00,0.00,0.00,0.00,0.00,0.00,0.00,0.00,0.00,0.00,0.00,0.00,0.00,0.00,0.00,0.00,0.00,0.00,0.00,0.00,0.00,0.00,0.00,0.00,0.00,0.00,0.00,0.00,221.00,0.00,0.00,0.00,0.00,0.00,0.00,0.00,0.00,0.00,0.00,3,2,1,0,0.00,0.00,0.00,0.00,0.00,0.00,0.00,0.00,0.00,0.00,0.00,0.00,0.00,0.00,0.00,0.00,0.00,0.00,0.00,0.00,0.00,0.00,0.00,0.00,0.00,0.00,0.00,0.00,0.00,0.00,0.00,0.00,0.00,0.00,0.00,0.00,0.00,0.00,0.00,0.00,0.00,0.00,0.00,0.00,0.00,0.00,0.00,0.00,0.00,0.00,0.00,0.00,0.00,9948.00,0.00,0.00,0.00,0.00,1995.37
0.00,0.00,0.00,0.00,0.00,0.00,1.02,0.00,0.00,98.98,0.00,281.00,0.00,0.00,0.00,0.00,2.00,0.00,4132.00,0.00,0.00,0.00,0.00,0.00,0.00,0.00,0.00,0.00,653532,1140560,1387188,67.98,47708,560736,3707724,181.69,848196,375524,388,615324,100924,7328,28788,0,0,0,0.00,0,0.00,0,0,0.00,26598,7616,36930,0,0,458,0.00,0.00,0.00,0,0.00,0.00,0.00,0.00,0.00,0.00,0.00,0.00,0.00,0.00,0.00,0.00,0.00,0.00,8195.00,0.00,11916.49,0.00,0.00,0.00,0.00,0.00,0.00,0.00,0.00,1.00,0.00,0.00,0.00,0.00,0.00,0.00,0.00,0.00,0.00,0.00,0.00,0.00,0.00,0.00,0.00,0.00,0.00,0.00,0.00,0.00,0.00,0.00,721,3,5,0,0,0,8190.00,0.00,182.00,0.00,8190.00,182.00,0.00,0.00,0.00,0.00,0.00,0.00,0.00,0.00,0.00,0.00,0.00,0.00,0.00,0.00,0.00,0.00,0.00,0.00,0.00,0.00,0.00,0.00,0.00,0.00,0.00,0.00,0.00,0.00,0.00,0.00,0.00,0.00,0.00,0.00,0.00,0.00,0.00,0.00,182.00,0.00,0.00,0.00,0.00,0.00,0.00,0.00,0.00,0.00,0.00,3,2,1,0,0.00,0.00,0.00,0.00,0.00,0.00,0.00,0.00,0.00,0.00,0.00,0.00,0.00,0.00,0.00,0.00,0.00,0.00,0.00,0.00,0.00,0.00,0.00,0.00,0.00,0.00,0.00,0.00,0.00,0.00,0.00,0.00,0.00,0.00,0.00,0.00,0.00,0.00,0.00,0.00,0.00,0.00,0.00,0.00,0.00,0.00,0.00,0.00,0.00,0.00,0.00,0.00,0.00,8195.00,0.00,0.00,0.00,0.00,1995.37
0.00,0.00,0.00,0.00,0.00,0.00,1.01,0.00,0.00,98.99,0.00,267.00,0.00,0.00,0.00,0.00,0.00,0.00,3828.00,0.00,0.00,0.00,0.00,0.00,0.00,0.00,0.00,0.00,653596,1140624,1387124,67.97,47708,560752,3707724,181.69,848196,375524,404,615324,100924,7328,28788,0,0,0,0.00,0,0.00,0,0,0.00,26598,7616,36930,0,0,458,0.00,0.00,0.00,0,0.00,0.00,0.00,0.00,0.00,0.00,0.00,0.00,0.00,0.00,0.00,0.00,0.00,0.00,7608.00,1.00,11065.22,0.04,0.00,0.00,0.00,0.00,0.00,0.00,0.00,0.00,0.00,0.00,0.00,0.00,0.00,0.00,0.00,0.00,0.00,0.00,0.00,0.00,0.00,0.00,0.00,0.00,0.00,0.00,0.00,0.00,0.00,0.00,721,3,5,0,0,0,7605.00,0.00,169.00,0.00,7605.00,169.00,0.00,0.00,0.00,0.00,0.00,0.00,0.00,0.00,0.00,0.00,0.00,0.00,0.00,0.00,0.00,0.00,0.00,0.00,0.00,0.00,0.00,0.00,0.00,0.00,0.00,0.00,0.00,0.00,0.00,0.00,0.00,0.00,0.00,0.00,0.00,0.00,0.00,0.00,169.00,0.00,0.00,0.00,0.00,0.00,0.00,0.00,0.00,0.00,0.00,3,2,1,0,0.00,0.00,0.00,0.00,0.00,0.00,0.00,0.00,0.00,0.00,0.00,0.00,0.00,0.00,0.00,0.00,0.00,0.00,0.00,0.00,0.00,0.00,0.00,0.00,0.00,0.00,0.00,0.00,0.00,0.00,0.00,0.00,0.00,0.00,0.00,0.00,0.00,0.00,0.00,0.00,0.00,0.00,0.00,0.00,0.00,0.00,0.00,0.00,0.00,0.00,0.00,0.00,0.00,7608.00,0.00,0.00,0.00,0.00,1995.37
0.50,0.00,0.50,0.00,0.00,0.00,0.50,0.00,0.00,98.49,0.00,267.00,0.00,0.00,0.00,0.00,0.00,0.00,2980.00,0.00,0.00,0.00,0.00,0.00,0.00,0.00,0.00,0.00,653584,1140612,1387136,67.97,47708,560768,3707724,181.69,848196,375524,420,615324,100924,7328,28788,0,0,0,0.00,0,0.00,0,0,0.00,26598,7616,36930,0,0,458,0.00,0.00,0.00,0,0.00,0.00,0.00,0.00,0.00,0.00,0.00,0.00,0.00,0.00,0.00,0.00,0.00,0.00,5900.00,0.00,8577.34,0.00,0.00,0.00,0.00,0.00,0.00,0.00,0.00,1.00,0.00,0.00,0.00,0.00,0.00,0.00,0.00,0.00,0.00,0.00,0.00,0.00,0.00,0.00,0.00,0.00,0.00,0.00,0.00,0.00,0.00,0.00,721,3,5,0,0,0,5895.00,0.00,131.00,0.00,5895.00,131.00,0.00,0.00,0.00,0.00,0.00,0.00,0.00,0.00,0.00,0.00,0.00,0.00,0.00,0.00,0.00,0.00,0.00,0.00,0.00,0.00,0.00,0.00,0.00,0.00,0.00,0.00,0.00,0.00,0.00,0.00,0.00,0.00,0.00,0.00,0.00,0.00,0.00,0.00,131.00,0.00,0.00,0.00,0.00,0.00,0.00,0.00,0.00,0.00,0.00,3,2,1,0,0.00,0.00,0.00,0.00,0.00,0.00,0.00,0.00,0.00,0.00,0.00,0.00,0.00,0.00,0.00,0.00,0.00,0.00,0.00,0.00,0.00,0.00,0.00,0.00,0.00,0.00,0.00,0.00,0.00,0.00,0.00,0.00,0.00,0.00,0.00,0.00,0.00,0.00,0.00,0.00,0.00,0.00,0.00,0.00,0.00,0.00,0.00,0.00,0.00,0.00,0.00,0.00,0.00,5900.00,0.00,0.00,0.00,0.00,1995.37
0.00,0.00,0.00,4.00,0.50,0.00,1.50,0.00,0.00,94.00,0.00,297.00,0.00,0.00,0.00,12.00,0.00,0.00,4877.00,0.00,0.00,0.00,0.00,2.00,0.00,2.00,0.00,24.00,653656,1140684,1387064,67.97,47716,560784,3707724,181.69,848196,375524,436,615324,100924,7328,28788,0,0,0,0.00,0,0.00,0,0,0.00,26598,7616,36930,0,0,458,0.00,0.00,0.00,0,0.00,0.00,0.00,0.00,0.00,0.00,2.00,0.00,12.00,6.00,0.00,40.00,0.00,0.00,9683.00,0.00,14077.30,0.00,0.00,0.00,0.00,0.00,0.00,0.00,0.00,0.00,0.00,0.00,0.00,0.00,0.00,0.00,0.00,0.00,0.00,0.00,0.00,0.00,0.00,0.00,0.00,0.00,0.00,0.00,0.00,0.00,0.00,0.00,721,3,5,0,0,0,9675.00,0.00,215.00,0.00,9675.00,215.00,0.00,0.00,0.00,0.00,0.00,0.00,0.00,0.00,0.00,0.00,0.00,0.00,0.00,0.00,0.00,0.00,0.00,0.00,0.00,0.00,0.00,0.00,0.00,0.00,0.00,0.00,0.00,0.00,0.00,0.00,0.00,0.00,0.00,0.00,0.00,0.00,0.00,0.00,215.00,0.00,0.00,0.00,0.00,0.00,0.00,0.00,0.00,0.00,0.00,3,2,1,0,0.00,0.00,0.00,0.00,0.00,0.00,0.00,0.00,0.00,0.00,0.00,0.00,0.00,0.00,0.00,0.00,0.00,0.00,0.00,0.00,0.00,0.00,0.00,0.00,0.00,0.00,0.00,0.00,0.00,0.00,0.00,0.00,0.00,0.00,0.00,0.00,0.00,0.00,0.00,0.00,0.00,0.00,0.00,0.00,0.00,0.00,0.00,0.00,0.00,0.00,0.00,0.00,0.00,9683.00,0.00,0.00,0.00,0.00,1995.37
0.50,0.00,0.00,0.00,0.00,0.00,1.00,0.00,0.00,98.50,0.00,239.00,0.00,0.00,0.00,0.00,0.00,0.00,1868.00,0.00,0.00,0.00,0.00,0.00,0.00,0.00,0.00,0.00,653624,1140708,1387096,67.97,47716,560800,3707724,181.69,848196,375580,452,615324,100924,7328,28788,0,0,0,0.00,0,0.00,0,0,0.00,26598,7616,36930,0,0,458,0.00,0.00,0.00,0,0.00,0.00,0.00,0.00,0.00,0.00,0.00,0.00,0.00,0.00,0.00,0.00,0.00,0.00,3696.00,0.00,5369.19,0.00,0.00,0.00,0.00,0.00,0.00,0.00,0.00,1.00,0.00,0.00,0.00,0.00,0.00,0.00,0.00,0.00,0.00,0.00,0.00,0.00,0.00,0.00,0.00,0.00,0.00,0.00,0.00,0.00,0.00,0.00,721,3,5,0,0,0,3690.00,0.00,82.00,0.00,3690.00,82.00,0.00,0.00,0.00,0.00,0.00,0.00,0.00,0.00,0.00,0.00,0.00,0.00,0.00,0.00,0.00,0.00,0.00,0.00,0.00,0.00,0.00,0.00,0.00,0.00,0.00,0.00,0.00,0.00,0.00,0.00,0.00,0.00,0.00,0.00,0.00,0.00,0.00,0.00,82.00,0.00,0.00,0.00,0.00,0.00,0.00,0.00,0.00,0.00,0.00,3,2,1,0,0.00,0.00,0.00,0.00,0.00,0.00,0.00,0.00,0.00,0.00,0.00,0.00,0.00,0.00,0.00,0.00,0.00,0.00,0.00,0.00,0.00,0.00,0.00,0.00,0.00,0.00,0.00,0.00,0.00,0.00,0.00,0.00,0.00,0.00,0.00,0.00,0.00,0.00,0.00,0.00,0.00,0.00,0.00,0.00,0.00,0.00,0.00,0.00,0.00,0.00,0.00,0.00,0.00,3696.00,0.00,0.00,0.00,0.00,1995.37
1.51,0.00,0.50,0.00,0.00,0.00,0.50,0.00,0.00,97.49,0.00,330.00,0.00,0.00,0.00,0.00,5.00,0.00,3068.00,0.00,0.00,0.00,0.00,0.00,0.00,0.00,0.00,0.00,653656,1140760,1387064,67.97,47716,560812,3707724,181.69,848176,375600,464,615304,100924,7328,28788,0,0,0,0.00,0,0.00,0,0,0.00,26598,7616,36930,0,0,458,0.00,0.00,0.00,0,0.00,0.00,0.00,0.00,0.00,0.00,0.00,0.00,0.00,0.00,0.00,0.00,0.00,0.00,6081.00,0.00,8839.29,0.00,0.00,0.00,0.00,0.00,0.00,0.00,0.00,0.00,0.00,0.00,0.00,0.00,0.00,0.00,0.00,0.00,0.00,0.00,0.00,0.00,0.00,0.00,0.00,0.00,0.00,0.00,0.00,0.00,0.00,0.00,721,3,5,0,0,0,6075.00,0.00,135.00,0.00,6075.00,135.00,0.00,0.00,0.00,0.00,0.00,0.00,0.00,0.00,0.00,0.00,0.00,0.00,0.00,0.00,0.00,0.00,0.00,0.00,0.00,0.00,0.00,0.00,0.00,0.00,0.00,0.00,0.00,0.00,0.00,0.00,0.00,0.00,0.00,0.00,0.00,0.00,0.00,0.00,135.00,0.00,0.00,0.00,0.00,0.00,0.00,0.00,0.00,0.00,0.00,3,2,1,0,0.00,0.00,0.00,0.00,0.00,0.00,0.00,0.00,0.00,0.00,0.00,0.00,0.00,0.00,0.00,0.00,0.00,0.00,0.00,0.00,0.00,0.00,0.00,0.00,0.00,0.00,0.00,0.00,0.00,0.00,0.00,0.00,0.00,0.00,0.00,0.00,0.00,0.00,0.00,0.00,0.00,0.00,0.00,0.00,0.00,0.00,0.00,0.00,0.00,0.00,0.00,0.00,0.00,6081.00,0.00,0.00,0.00,0.00,1995.37
0.50,0.00,0.00,0.00,0.00,0.00,0.00,0.00,0.00,99.50,0.00,197.00,0.00,0.00,0.00,0.00,0.00,0.00,836.00,0.00,0.00,0.00,0.00,0.00,0.00,0.00,0.00,0.00,653532,1140636,1387188,67.98,47716,560828,3707724,181.69,848176,375600,480,615304,100924,7328,28788,0,0,0,0.00,0,0.00,0,0,0.00,26598,7616,36930,0,0,458,0.00,0.00,0.00,0,0.00,0.00,0.00,0.00,0.00,0.00,0.00,0.00,0.00,0.00,0.00,0.00,0.00,0.00,1674.00,0.00,2423.05,0.00,0.00,0.00,0.00,0.00,0.00,0.00,0.00,1.00,0.00,0.00,0.00,0.00,0.00,0.00,0.00,0.00,0.00,0.00,0.00,0.00,0.00,0.00,0.00,0.00,0.00,0.00,0.00,0.00,0.00,0.00,721,3,5,0,0,0,1665.00,0.00,37.00,0.00,1665.00,37.00,0.00,0.00,0.00,0.00,0.00,0.00,0.00,0.00,0.00,0.00,0.00,0.00,0.00,0.00,0.00,0.00,0.00,0.00,0.00,0.00,0.00,0.00,0.00,0.00,0.00,0.00,0.00,0.00,0.00,0.00,0.00,0.00,0.00,0.00,0.00,0.00,0.00,0.00,37.00,0.00,0.00,0.00,0.00,0.00,0.00,0.00,0.00,0.00,0.00,3,2,1,0,0.00,0.00,0.00,0.00,0.00,0.00,0.00,0.00,0.00,0.00,0.00,0.00,0.00,0.00,0.00,0.00,0.00,0.00,0.00,0.00,0.00,0.00,0.00,0.00,0.00,0.00,0.00,0.00,0.00,0.00,0.00,0.00,0.00,0.00,0.00,0.00,0.00,0.00,0.00,0.00,0.00,0.00,0.00,0.00,0.00,0.00,0.00,0.00,0.00,0.00,0.00,0.00,0.00,1674.00,0.00,0.00,0.00,0.00,1995.37
0.00,0.00,0.50,0.00,0.00,0.00,0.00,0.00,0.00,99.50,0.00,121.00,0.00,0.00,0.00,0.00,2.00,0.00,356.00,0.00,0.00,0.00,0.00,0.00,0.00,0.00,0.00,0.00,653504,1140608,1387216,67.98,47716,560844,3707724,181.69,848176,375600,496,615304,100924,7328,28788,0,0,0,0.00,0,0.00,0,0,0.00,26598,7616,36930,0,0,458,0.00,0.00,0.00,0,0.00,0.00,0.00,0.00,0.00,0.00,0.00,0.00,0.00,0.00,0.00,0.00,0.00,0.00,687.00,0.00,982.85,0.00,0.00,0.00,0.00,0.00,0.00,0.00,0.00,0.00,0.00,0.00,0.00,0.00,0.00,0.00,0.00,0.00,0.00,0.00,0.00,0.00,0.00,0.00,0.00,0.00,0.00,0.00,0.00,0.00,0.00,0.00,721,3,5,0,0,0,678.00,0.00,16.00,0.00,675.00,15.00,0.00,0.00,0.00,0.00,0.00,0.00,0.00,0.00,0.00,0.00,0.00,0.00,0.00,0.00,0.00,0.00,0.00,0.00,0.00,0.00,0.00,0.00,0.00,0.00,0.00,0.00,0.00,0.00,0.00,0.00,0.00,0.00,0.00,0.00,0.00,0.00,0.00,0.00,15.00,0.00,0.00,0.00,0.00,0.00,0.00,0.00,0.00,0.00,0.00,3,2,1,0,0.00,0.00,0.00,0.00,0.00,0.00,0.00,0.00,0.00,0.00,0.00,0.00,0.00,0.00,0.00,0.00,0.00,0.00,0.00,0.00,0.00,0.00,0.00,0.00,0.00,0.00,0.00,0.00,0.00,0.00,0.00,0.00,0.00,0.00,0.00,0.00,0.00,0.00,0.00,0.00,0.00,0.00,0.00,0.00,0.00,0.00,0.00,0.00,0.00,0.00,0.00,0.00,0.00,687.00,0.00,0.00,0.00,0.00,1995.37
0.00,0.00,0.50,5.00,0.00,0.00,0.00,0.00,0.00,94.50,0.00,73.00,0.00,0.00,0.00,500.00,0.00,0.00,85.00,0.00,0.00,0.00,0.00,4.00,0.00,4.00,0.00,1000.00,653344,1140488,1387376,67.98,47724,560860,3707724,181.69,848216,375596,24,615304,100928,7328,28788,0,0,0,0.00,0,0.00,0,0,0.00,26598,7616,36930,0,0,458,0.00,0.00,0.00,0,0.00,0.00,0.00,0.00,0.00,0.00,4.00,0.00,500.00,125.00,0.00,26.00,0.00,0.00,184.00,0.00,262.19,0.00,0.00,0.00,0.00,0.00,0.00,0.00,0.00,1.00,0.00,0.00,0.00,0.00,0.00,0.00,0.00,0.00,0.00,0.00,0.00,0.00,0.00,0.00,0.00,0.00,0.00,0.00,0.00,0.00,0.00,0.00,721,3,5,0,0,0,182.00,0.00,6.00,0.00,180.00,4.00,0.00,0.00,0.00,0.00,0.00,0.00,0.00,0.00,0.00,0.00,0.00,0.00,0.00,0.00,0.00,0.00,0.00,0.00,0.00,0.00,0.00,0.00,0.00,0.00,0.00,0.00,0.00,0.00,0.00,0.00,0.00,0.00,0.00,0.00,0.00,0.00,0.00,0.00,4.00,0.00,0.00,0.00,0.00,0.00,0.00,0.00,0.00,0.00,0.00,3,2,1,0,0.00,0.00,0.00,0.00,0.00,0.00,0.00,0.00,0.00,0.00,0.00,0.00,0.00,0.00,0.00,0.00,0.00,0.00,0.00,0.00,0.00,0.00,0.00,0.00,0.00,0.00,0.00,0.00,0.00,0.00,0.00,0.00,0.00,0.00,0.00,0.00,0.00,0.00,0.00,0.00,0.00,0.00,0.00,0.00,0.00,0.00,0.00,0.00,0.00,0.00,0.00,0.00,0.00,184.00,0.00,0.00,0.00,0.00,1995.37
0.00,0.00,0.50,0.00,0.00,0.00,0.00,0.00,0.00,99.50,0.00,65.00,0.00,0.00,0.00,0.00,0.00,0.00,76.00,0.00,0.00,0.00,0.00,0.00,0.00,0.00,0.00,0.00,653408,1140608,1387312,67.98,47724,560876,3707724,181.69,848216,375652,44,615304,100928,7328,28788,0,0,0,0.00,0,0.00,0,0,0.00,26598,7616,36930,0,0,458,0.00,0.00,0.00,0,0.00,0.00,0.00,0.00,0.00,0.00,0.00,0.00,0.00,0.00,0.00,0.00,0.00,0.00,136.00,0.00,196.48,0.00,0.00,0.00,0.00,0.00,0.00,0.00,0.00,0.00,0.00,0.00,0.00,0.00,0.00,0.00,0.00,0.00,0.00,0.00,0.00,0.00,0.00,0.00,0.00,0.00,0.00,0.00,0.00,0.00,0.00,0.00,721,3,5,0,0,0,135.00,0.00,3.00,0.00,135.00,3.00,0.00,0.00,0.00,0.00,0.00,0.00,0.00,0.00,0.00,0.00,0.00,0.00,0.00,0.00,0.00,0.00,0.00,0.00,0.00,0.00,0.00,0.00,0.00,0.00,0.00,0.00,0.00,0.00,0.00,0.00,0.00,0.00,0.00,0.00,0.00,0.00,0.00,0.00,3.00,0.00,0.00,0.00,0.00,0.00,0.00,0.00,0.00,0.00,0.00,3,2,1,0,0.00,0.00,0.00,0.00,0.00,0.00,0.00,0.00,0.00,0.00,0.00,0.00,0.00,0.00,0.00,0.00,0.00,0.00,0.00,0.00,0.00,0.00,0.00,0.00,0.00,0.00,0.00,0.00,0.00,0.00,0.00,0.00,0.00,0.00,0.00,0.00,0.00,0.00,0.00,0.00,0.00,0.00,0.00,0.00,0.00,0.00,0.00,0.00,0.00,0.00,0.00,0.00,0.00,136.00,0.00,0.00,0.00,0.00,1995.37
0.50,0.00,0.50,0.00,0.00,0.00,0.00,0.00,0.00,99.00,0.00,43.00,0.00,0.00,0.00,0.00,0.00,0.00,228.00,0.00,0.00,0.00,0.00,0.00,0.00,0.00,0.00,0.00,653524,1140728,1387196,67.98,47724,560892,3707724,181.69,848216,375652,60,615304,100936,7328,28788,0,0,0,0.00,0,0.00,0,0,0.00,26598,7616,36930,0,0,458,0.00,0.00,0.00,0,0.00,0.00,0.00,0.00,0.00,0.00,0.00,0.00,0.00,0.00,0.00,0.00,0.00,0.00,454.00,0.00,654.97,0.00,0.00,0.00,0.00,0.00,0.00,0.00,0.00,1.00,0.00,0.00,0.00,0.00,0.00,0.00,0.00,0.00,0.00,0.00,0.00,0.00,0.00,0.00,0.00,0.00,0.00,0.00,0.00,0.00,0.00,0.00,721,3,5,0,0,0,450.00,0.00,10.00,0.00,450.00,10.00,0.00,0.00,0.00,0.00,0.00,0.00,0.00,0.00,0.00,0.00,0.00,0.00,0.00,0.00,0.00,0.00,0.00,0.00,0.00,0.00,0.00,0.00,0.00,0.00,0.00,0.00,0.00,0.00,0.00,0.00,0.00,0.00,0.00,0.00,0.00,0.00,0.00,0.00,10.00,0.00,0.00,0.00,0.00,0.00,0.00,0.00,0.00,0.00,0.00,3,2,1,0,0.00,0.00,0.00,0.00,0.00,0.00,0.00,0.00,0.00,0.00,0.00,0.00,0.00,0.00,0.00,0.00,0.00,0.00,0.00,0.00,0.00,0.00,0.00,0.00,0.00,0.00,0.00,0.00,0.00,0.00,0.00,0.00,0.00,0.00,0.00,0.00,0.00,0.00,0.00,0.00,0.00,0.00,0.00,0.00,0.00,0.00,0.00,0.00,0.00,0.00,0.00,0.00,0.00,454.00,0.00,0.00,0.00,0.00,1995.37
0.50,0.00,0.00,0.00,0.00,0.00,0.00,0.00,0.00,99.50,0.00,44.00,0.00,0.00,0.00,0.00,0.00,0.00,36.00,0.00,0.00,0.00,0.00,0.00,0.00,0.00,0.00,0.00,653620,1140824,1387100,67.97,47724,560908,3707724,181.69,848216,375652,76,615304,100936,7328,28788,0,0,0,0.00,0,0.00,0,0,0.00,26598,7616,36930,0,0,458,0.00,0.00,0.00,0,0.00,0.00,0.00,0.00,0.00,0.00,0.00,0.00,0.00,0.00,0.00,0.00,0.00,0.00,50.00,0.00,65.77,0.00,0.00,0.00,0.00,0.00,0.00,0.00,0.00,0.00,0.00,0.00,0.00,0.00,0.00,0.00,0.00,0.00,0.00,0.00,0.00,0.00,0.00,0.00,0.00,0.00,0.00,0.00,0.00,0.00,0.00,0.00,721,3,5,0,0,0,45.00,0.00,1.00,0.00,45.00,1.00,0.00,0.00,0.00,0.00,0.00,0.00,0.00,0.00,0.00,0.00,0.00,0.00,0.00,0.00,0.00,0.00,0.00,0.00,0.00,0.00,0.00,0.00,0.00,0.00,0.00,0.00,0.00,0.00,0.00,0.00,0.00,0.00,0.00,0.00,0.00,0.00,0.00,0.00,1.00,0.00,0.00,0.00,0.00,0.00,0.00,0.00,0.00,0.00,0.00,3,2,1,0,0.00,0.00,0.00,0.00,0.00,0.00,0.00,0.00,0.00,0.00,0.00,0.00,0.00,0.00,0.00,0.00,0.00,0.00,0.00,0.00,0.00,0.00,0.00,0.00,0.00,0.00,0.00,0.00,0.00,0.00,0.00,0.00,0.00,0.00,0.00,0.00,0.00,0.00,0.00,0.00,0.00,0.00,0.00,0.00,0.00,0.00,0.00,0.00,0.00,0.00,0.00,0.00,0.00,50.00,0.00,0.00,0.00,0.00,1995.37
0.00,0.00,0.00,0.00,0.00,0.00,0.50,0.00,0.00,99.50,0.00,64.00,0.00,0.00,0.00,0.00,0.00,0.00,2043.00,0.00,0.00,0.00,0.00,0.00,0.00,0.00,0.00,0.00,653588,1140848,1387132,67.97,47724,560924,3707724,181.69,848216,375708,92,615304,100936,7328,28788,0,0,0,0.00,0,0.00,0,0,0.00,26598,7616,36930,0,0,458,0.00,0.00,0.00,0,0.00,0.00,0.00,0.00,0.00,0.00,0.00,0.00,0.00,0.00,0.00,0.00,0.00,0.00,4054.00,0.00,5892.86,0.00,0.00,0.00,0.00,0.00,0.00,0.00,0.00,1.00,0.00,0.00,0.00,0.00,0.00,0.00,0.00,0.00,0.00,0.00,0.00,0.00,0.00,0.00,0.00,0.00,0.00,0.00,0.00,0.00,0.00,0.00,721,3,5,0,0,0,4050.00,0.00,90.00,0.00,4050.00,90.00,0.00,0.00,0.00,0.00,0.00,0.00,0.00,0.00,0.00,0.00,0.00,0.00,0.00,0.00,0.00,0.00,0.00,0.00,0.00,0.00,0.00,0.00,0.00,0.00,0.00,0.00,0.00,0.00,0.00,0.00,0.00,0.00,0.00,0.00,0.00,0.00,0.00,0.00,90.00,0.00,0.00,0.00,0.00,0.00,0.00,0.00,0.00,0.00,0.00,3,2,1,0,0.00,0.00,0.00,0.00,0.00,0.00,0.00,0.00,0.00,0.00,0.00,0.00,0.00,0.00,0.00,0.00,0.00,0.00,0.00,0.00,0.00,0.00,0.00,0.00,0.00,0.00,0.00,0.00,0.00,0.00,0.00,0.00,0.00,0.00,0.00,0.00,0.00,0.00,0.00,0.00,0.00,0.00,0.00,0.00,0.00,0.00,0.00,0.00,0.00,0.00,0.00,0.00,0.00,4054.00,0.00,0.00,0.00,0.00,1995.37
0.50,0.00,0.00,1.50,0.00,0.00,0.50,0.00,0.00,97.50,0.00,98.00,0.00,0.00,0.00,48.00,0.00,0.00,1363.00,0.00,0.00,0.00,0.00,8.00,0.00,8.00,0.00,96.00,653620,1140880,1387100,67.97,47732,560940,3707724,181.69,848216,375708,112,615304,100936,7328,28788,0,0,0,0.00,0,0.00,0,0,0.00,26598,7616,36930,0,0,458,0.00,0.00,0.00,0,0.00,0.00,0.00,0.00,0.00,0.00,8.00,0.00,48.00,6.00,0.00,4.00,0.00,0.00,2702.00,0.00,3928.54,0.00,0.00,0.00,0.00,0.00,0.00,0.00,0.00,0.00,0.00,0.00,0.00,0.00,0.00,0.00,0.00,0.00,0.00,0.00,0.00,0.00,0.00,0.00,0.00,0.00,0.00,0.00,0.00,0.00,0.00,0.00,721,3,5,0,0,0,2700.00,0.00,60.00,0.00,2700.00,60.00,0.00,0.00,0.00,0.00,0.00,0.00,0.00,0.00,0.00,0.00,0.00,0.00,0.00,0.00,0.00,0.00,0.00,0.00,0.00,0.00,0.00,0.00,0.00,0.00,0.00,0.00,0.00,0.00,0.00,0.00,0.00,0.00,0.00,0.00,0.00,0.00,0.00,0.00,60.00,0.00,0.00,0.00,0.00,0.00,0.00,0.00,0.00,0.00,0.00,3,2,1,0,0.00,0.00,0.00,0.00,0.00,0.00,0.00,0.00,0.00,0.00,0.00,0.00,0.00,0.00,0.00,0.00,0.00,0.00,0.00,0.00,0.00,0.00,0.00,0.00,0.00,0.00,0.00,0.00,0.00,0.00,0.00,0.00,0.00,0.00,0.00,0.00,0.00,0.00,0.00,0.00,0.00,0.00,0.00,0.00,0.00,0.00,0.00,0.00,0.00,0.00,0.00,0.00,0.00,2702.00,0.00,0.00,0.00,0.00,1995.37
0.00,0.00,0.50,0.00,0.50,0.00,0.00,0.00,0.00,99.00,0.00,64.00,0.00,0.00,0.00,0.00,0.00,0.00,251.00,0.00,0.00,0.00,0.00,0.00,0.00,0.00,0.00,0.00,653432,1140692,1387288,67.98,47732,560952,3707724,181.69,848216,375708,96,615304,100936,7328,28788,0,0,0,0.00,0,0.00,0,0,0.00,26598,7616,36930,0,0,458,0.00,0.00,0.00,0,0.00,0.00,0.00,0.00,0.00,0.00,0.00,0.00,0.00,0.00,0.00,0.00,0.00,0.00,506.00,0.00,720.85,0.00,0.00,0.00,0.00,0.00,0.00,0.00,0.00,1.00,0.00,0.00,0.00,0.00,0.00,0.00,0.00,0.00,0.00,0.00,0.00,0.00,0.00,0.00,0.00,0.00,0.00,0.00,0.00,0.00,0.00,0.00,721,3,5,0,0,0,495.00,0.00,11.00,0.00,495.00,11.00,0.00,0.00,0.00,0.00,0.00,0.00,0.00,0.00,0.00,0.00,0.00,0.00,0.00,0.00,0.00,0.00,0.00,0.00,0.00,0.00,0.00,0.00,0.00,0.00,0.00,0.00,0.00,0.00,0.00,0.00,0.00,0.00,0.00,0.00,0.00,0.00,0.00,0.00,11.00,0.00,0.00,0.00,0.00,0.00,0.00,0.00,0.00,0.00,0.00,3,2,1,0,0.00,0.00,0.00,0.00,0.00,0.00,0.00,0.00,0.00,0.00,0.00,0.00,0.00,0.00,0.00,0.00,0.00,0.00,0.00,0.00,0.00,0.00,0.00,0.00,0.00,0.00,0.00,0.00,0.00,0.00,0.00,0.00,0.00,0.00,0.00,0.00,0.00,0.00,0.00,0.00,0.00,0.00,0.00,0.00,0.00,0.00,0.00,0.00,0.00,0.00,0.00,0.00,0.00,506.00,0.00,0.00,0.00,0.00,1995.37
0.50,0.00,0.50,0.00,0.00,0.00,0.50,0.00,0.00,98.50,0.00,91.00,0.00,0.00,0.00,0.00,1.00,0.00,1925.00,0.00,0.00,0.00,0.00,0.00,0.00,0.00,0.00,0.00,653340,1140652,1387380,67.98,47732,560968,3707724,181.69,848224,375752,112,615308,100936,7328,28788,0,0,0,0.00,0,0.00,0,0,0.00,26598,7616,36930,0,0,458,0.00,0.00,0.00,0,0.00,0.00,0.00,0.00,0.00,0.00,0.00,0.00,0.00,0.00,0.00,0.00,0.00,0.00,3835.00,0.00,5565.84,0.00,0.00,0.00,0.00,0.00,0.00,0.00,0.00,0.00,0.00,0.00,0.00,0.00,0.00,0.00,0.00,0.00,0.00,0.00,0.00,0.00,0.00,0.00,0.00,0.00,0.00,0.00,0.00,0.00,0.00,0.00,721,3,5,0,0,0,3825.00,0.00,85.00,0.00,3825.00,85.00,0.00,0.00,0.00,0.00,0.00,0.00,0.00,0.00,0.00,0.00,0.00,0.00,0.00,0.00,0.00,0.00,0.00,0.00,0.00,0.00,0.00,0.00,0.00,0.00,0.00,0.00,0.00,0.00,0.00,0.00,0.00,0.00,0.00,0.00,0.00,0.00,0.00,0.00,85.00,0.00,0.00,0.00,0.00,0.00,0.00,0.00,0.00,0.00,0.00,3,2,1,0,0.00,0.00,0.00,0.00,0.00,0.00,0.00,0.00,0.00,0.00,0.00,0.00,0.00,0.00,0.00,0.00,0.00,0.00,0.00,0.00,0.00,0.00,0.00,0.00,0.00,0.00,0.00,0.00,0.00,0.00,0.00,0.00,0.00,0.00,0.00,0.00,0.00,0.00,0.00,0.00,0.00,0.00,0.00,0.00,0.00,0.00,0.00,0.00,0.00,0.00,0.00,0.00,0.00,3835.00,0.00,0.00,0.00,0.00,1995.37
0.00,0.00,0.00,0.00,0.00,0.00,0.00,0.00,0.00,100.00,0.00,40.00,0.00,0.00,0.00,0.00,0.00,0.00,12.00,0.00,0.00,0.00,0.00,0.00,0.00,0.00,0.00,0.00,653340,1140652,1387380,67.98,47732,560984,3707724,181.69,848224,375752,128,615308,100936,7328,28788,0,0,0,0.00,0,0.00,0,0,0.00,26598,7616,36930,0,0,458,0.00,0.00,0.00,0,0.00,0.00,0.00,0.00,0.00,0.00,0.00,0.00,0.00,0.00,0.00,0.00,0.00,0.00,8.00,0.00,0.47,0.00,0.00,0.00,0.00,0.00,0.00,0.00,0.00,1.00,0.00,0.00,0.00,0.00,0.00,0.00,0.00,0.00,0.00,0.00,0.00,0.00,0.00,0.00,0.00,0.00,0.00,0.00,0.00,0.00,0.00,0.00,721,3,5,0,0,0,0.00,0.00,0.00,0.00,0.00,0.00,0.00,0.00,0.00,0.00,0.00,0.00,0.00,0.00,0.00,0.00,0.00,0.00,0.00,0.00,0.00,0.00,0.00,0.00,0.00,0.00,0.00,0.00,0.00,0.00,0.00,0.00,0.00,0.00,0.00,0.00,0.00,0.00,0.00,0.00,0.00,0.00,0.00,0.00,0.00,0.00,0.00,0.00,0.00,0.00,0.00,0.00,0.00,0.00,0.00,3,2,1,0,0.00,0.00,0.00,0.00,0.00,0.00,0.00,0.00,0.00,0.00,0.00,0.00,0.00,0.00,0.00,0.00,0.00,0.00,0.00,0.00,0.00,0.00,0.00,0.00,0.00,0.00,0.00,0.00,0.00,0.00,0.00,0.00,0.00,0.00,0.00,0.00,0.00,0.00,0.00,0.00,0.00,0.00,0.00,0.00,0.00,0.00,0.00,0.00,0.00,0.00,0.00,0.00,0.00,8.00,0.00,0.00,0.00,0.00,1995.37
0.00,0.00,0.00,0.00,0.00,0.00,0.50,0.00,0.00,99.50,0.00,72.00,0.00,0.00,0.00,0.00,0.00,0.00,484.00,0.00,0.00,0.00,0.00,0.00,0.00,0.00,0.00,0.00,653340,1140652,1387380,67.98,47732,561000,3707724,181.69,848224,375752,144,615308,100936,7328,28788,0,0,0,0.00,0,0.00,0,0,0.00,26598,7616,36930,0,0,458,0.00,0.00,0.00,0,0.00,0.00,0.00,0.00,0.00,0.00,0.00,0.00,0.00,0.00,0.00,0.00,0.00,0.00,952.00,0.00,1376.57,0.00,0.00,0.00,0.00,0.00,0.00,0.00,0.00,0.00,0.00,0.00,0.00,0.00,0.00,0.00,0.00,0.00,0.00,0.00,0.00,0.00,0.00,0.00,0.00,0.00,0.00,0.00,0.00,0.00,0.00,0.00,721,3,5,0,0,0,946.00,0.00,22.00,0.00,945.00,21.00,0.00,0.00,0.00,0.00,0.00,0.00,0.00,0.00,0.00,0.00,0.00,0.00,0.00,0.00,0.00,0.00,0.00,0.00,0.00,0.00,0.00,0.00,0.00,0.00,0.00,0.00,0.00,0.00,0.00,0.00,0.00,0.00,0.00,0.00,0.00,0.00,0.00,0.00,21.00,0.00,0.00,0.00,0.00,0.00,0.00,0.00,0.00,0.00,0.00,3,2,1,0,0.00,0.00,0.00,0.00,0.00,0.00,0.00,0.00,0.00,0.00,0.00,0.00,0.00,0.00,0.00,0.00,0.00,0.00,0.00,0.00,0.00,0.00,0.00,0.00,0.00,0.00,0.00,0.00,0.00,0.00,0.00,0.00,0.00,0.00,0.00,0.00,0.00,0.00,0.00,0.00,0.00,0.00,0.00,0.00,0.00,0.00,0.00,0.00,0.00,0.00,0.00,0.00,0.00,952.00,0.00,0.00,0.00,0.00,1995.37
0.00,0.00,0.50,1.50,0.00,0.00,0.00,0.00,0.00,98.00,0.00,71.00,0.00,0.00,0.00,12.00,0.00,0.00,59.00,0.00,0.00,0.00,0.00,2.00,0.00,2.00,0.00,24.00,653308,1140672,1387412,67.99,47740,561016,3707724,181.69,848236,375796,160,615308,100940,7328,28788,0,0,0,0.00,0,0.00,0,0,0.00,26598,7616,36930,0,0,458,0.00,0.00,0.00,0,0.00,0.00,0.00,0.00,0.00,0.00,2.00,0.00,12.00,6.00,0.00,14.00,0.00,0.00,101.00,0.00,131.59,0.00,0.00,0.00,0.00,0.00,0.00,0.00,0.00,1.00,0.00,0.00,0.00,0.00,0.00,0.00,0.00,0.00,0.00,0.00,0.00,0.00,0.00,0.00,0.00,0.00,0.00,0.00,0.00,0.00,0.00,0.00,721,3,5,0,0,0,90.00,0.00,2.00,0.00,90.00,2.00,0.00,0.00,0.00,0.00,0.00,0.00,0.00,0.00,0.00,0.00,0.00,0.00,0.00,0.00,0.00,0.00,0.00,0.00,0.00,0.00,0.00,0.00,0.00,0.00,0.00,0.00,0.00,0.00,0.00,0.00,0.00,0.00,0.00,0.00,0.00,0.00,0.00,0.00,2.00,0.00,0.00,0.00,0.00,0.00,0.00,0.00,0.00,0.00,0.00,3,2,1,0,0.00,0.00,0.00,0.00,0.00,0.00,0.00,0.00,0.00,0.00,0.00,0.00,0.00,0.00,0.00,0.00,0.00,0.00,0.00,0.00,0.00,0.00,0.00,0.00,0.00,0.00,0.00,0.00,0.00,0.00,0.00,0.00,0.00,0.00,0.00,0.00,0.00,0.00,0.00,0.00,0.00,0.00,0.00,0.00,0.00,0.00,0.00,0.00,0.00,0.00,0.00,0.00,0.00,101.00,0.00,0.00,0.00,0.00,1995.37
0.50,0.00,0.00,0.00,0.00,0.00,0.00,0.00,0.00,99.50,0.00,65.00,0.00,0.00,0.00,0.00,0.00,0.00,1156.00,0.00,0.00,0.00,0.00,0.00,0.00,0.00,0.00,0.00,653336,1140700,1387384,67.99,47740,561032,3707724,181.69,848236,375796,176,615308,100940,7328,28788,0,0,0,0.00,0,0.00,0,0,0.00,26598,7616,36930,0,0,458,0.00,0.00,0.00,0,0.00,0.00,0.00,0.00,0.00,0.00,0.00,0.00,0.00,0.00,0.00,0.00,0.00,0.00,2301.00,0.00,3339.81,0.00,0.00,0.00,0.00,0.00,0.00,0.00,0.00,1.00,0.00,0.00,0.00,0.00,0.00,0.00,0.00,0.00,0.00,0.00,0.00,0.00,0.00,0.00,0.00,0.00,0.00,0.00,0.00,0.00,0.00,0.00,721,3,5,0,0,0,2295.00,0.00,51.00,0.00,2295.00,51.00,0.00,0.00,0.00,0.00,0.00,0.00,0.00,0.00,0.00,0.00,0.00,0.00,0.00,0.00,0.00,0.00,0.00,0.00,0.00,0.00,0.00,0.00,0.00,0.00,0.00,0.00,0.00,0.00,0.00,0.00,0.00,0.00,0.00,0.00,0.00,0.00,0.00,0.00,51.00,0.00,0.00,0.00,0.00,0.00,0.00,0.00,0.00,0.00,0.00,3,2,1,0,0.00,0.00,0.00,0.00,0.00,0.00,0.00,0.00,0.00,0.00,0.00,0.00,0.00,0.00,0.00,0.00,0.00,0.00,0.00,0.00,0.00,0.00,0.00,0.00,0.00,0.00,0.00,0.00,0.00,0.00,0.00,0.00,0.00,0.00,0.00,0.00,0.00,0.00,0.00,0.00,0.00,0.00,0.00,0.00,0.00,0.00,0.00,0.00,0.00,0.00,0.00,0.00,0.00,2301.00,0.00,0.00,0.00,0.00,1995.37
0.50,0.00,0.00,0.00,0.00,0.00,0.00,0.00,0.00,99.50,0.00,39.00,0.00,0.00,0.00,0.00,0.00,0.00,36.00,0.00,0.00,0.00,0.00,0.00,0.00,0.00,0.00,0.00,653496,1140860,1387224,67.98,47740,561048,3707724,181.69,848236,375796,192,615308,100940,7328,28788,0,0,0,0.00,0,0.00,0,0,0.00,26598,7616,36930,0,0,458,0.00,0.00,0.00,0,0.00,0.00,0.00,0.00,0.00,0.00,0.00,0.00,0.00,0.00,0.00,0.00,0.00,0.00,50.00,0.00,65.77,0.00,0.00,0.00,0.00,0.00,0.00,0.00,0.00,1.00,0.00,0.00,0.00,0.00,0.00,0.00,0.00,0.00,0.00,0.00,0.00,0.00,0.00,0.00,0.00,0.00,0.00,0.00,0.00,0.00,0.00,0.00,721,3,5,0,0,0,45.00,0.00,1.00,0.00,45.00,1.00,0.00,0.00,0.00,0.00,0.00,0.00,0.00,0.00,0.00,0.00,0.00,0.00,0.00,0.00,0.00,0.00,0.00,0.00,0.00,0.00,0.00,0.00,0.00,0.00,0.00,0.00,0.00,0.00,0.00,0.00,0.00,0.00,0.00,0.00,0.00,0.00,0.00,0.00,1.00,0.00,0.00,0.00,0.00,0.00,0.00,0.00,0.00,0.00,0.00,3,2,1,0,0.00,0.00,0.00,0.00,0.00,0.00,0.00,0.00,0.00,0.00,0.00,0.00,0.00,0.00,0.00,0.00,0.00,0.00,0.00,0.00,0.00,0.00,0.00,0.00,0.00,0.00,0.00,0.00,0.00,0.00,0.00,0.00,0.00,0.00,0.00,0.00,0.00,0.00,0.00,0.00,0.00,0.00,0.00,0.00,0.00,0.00,0.00,0.00,0.00,0.00,0.00,0.00,0.00,50.00,0.00,0.00,0.00,0.00,1995.37
0.00,0.00,0.50,0.00,0.00,0.00,0.00,0.00,0.00,99.50,0.00,51.00,0.00,0.00,0.00,0.00,0.00,0.00,44.00,0.00,0.00,0.00,0.00,0.00,0.00,0.00,0.00,0.00,653400,1140764,1387320,67.98,47740,561064,3707724,181.69,848236,375796,208,615308,100940,7328,28788,0,0,0,0.00,0,0.00,0,0,0.00,26598,7616,36930,0,0,458,0.00,0.00,0.00,0,0.00,0.00,0.00,0.00,0.00,0.00,0.00,0.00,0.00,0.00,0.00,0.00,0.00,0.00,93.00,0.00,131.12,0.00,0.00,0.00,0.00,0.00,0.00,0.00,0.00,0.00,0.00,0.00,0.00,0.00,0.00,0.00,0.00,0.00,0.00,0.00,0.00,0.00,0.00,0.00,0.00,0.00,0.00,0.00,0.00,0.00,0.00,0.00,721,3,5,0,0,0,90.00,0.00,2.00,0.00,90.00,2.00,0.00,0.00,0.00,0.00,0.00,0.00,0.00,0.00,0.00,0.00,0.00,0.00,0.00,0.00,0.00,0.00,0.00,0.00,0.00,0.00,0.00,0.00,0.00,0.00,0.00,0.00,0.00,0.00,0.00,0.00,0.00,0.00,0.00,0.00,0.00,0.00,0.00,0.00,2.00,0.00,0.00,0.00,0.00,0.00,0.00,0.00,0.00,0.00,0.00,3,2,1,0,0.00,0.00,0.00,0.00,0.00,0.00,0.00,0.00,0.00,0.00,0.00,0.00,0.00,0.00,0.00,0.00,0.00,0.00,0.00,0.00,0.00,0.00,0.00,0.00,0.00,0.00,0.00,0.00,0.00,0.00,0.00,0.00,0.00,0.00,0.00,0.00,0.00,0.00,0.00,0.00,0.00,0.00,0.00,0.00,0.00,0.00,0.00,0.00,0.00,0.00,0.00,0.00,0.00,93.00,0.00,0.00,0.00,0.00,1995.37
0.50,0.00,0.00,0.00,0.00,0.00,0.50,0.00,0.00,98.99,0.00,73.00,0.00,0.00,0.00,0.00,0.00,0.00,2716.00,0.00,0.00,0.00,0.00,0.00,0.00,0.00,0.00,0.00,653212,1140632,1387508,67.99,47740,561076,3707724,181.69,848236,375852,220,615308,100940,7328,28788,0,0,0,0.00,0,0.00,0,0,0.00,26598,7616,36930,0,0,458,0.00,0.00,0.00,0,0.00,0.00,0.00,0.00,0.00,0.00,0.00,0.00,0.00,0.00,0.00,0.00,0.00,0.00,5365.00,0.00,7792.10,0.00,0.00,0.00,0.00,0.00,0.00,0.00,0.00,1.00,0.00,0.00,0.00,0.00,0.00,0.00,0.00,0.00,0.00,0.00,0.00,0.00,0.00,0.00,0.00,0.00,0.00,0.00,0.00,0.00,0.00,0.00,721,3,5,0,0,0,5356.00,0.00,119.00,0.00,5355.00,119.00,0.00,0.00,0.00,0.00,0.00,0.00,0.00,0.00,0.00,0.00,0.00,0.00,0.00,0.00,0.00,0.00,0.00,0.00,0.00,0.00,0.00,0.00,0.00,0.00,0.00,0.00,0.00,0.00,0.00,0.00,0.00,0.00,0.00,0.00,0.00,0.00,0.00,0.00,119.00,0.00,0.00,0.00,0.00,0.00,0.00,0.00,0.00,0.00,0.00,3,2,1,0,0.00,0.00,0.00,0.00,0.00,0.00,0.00,0.00,0.00,0.00,0.00,0.00,0.00,0.00,0.00,0.00,0.00,0.00,0.00,0.00,0.00,0.00,0.00,0.00,0.00,0.00,0.00,0.00,0.00,0.00,0.00,0.00,0.00,0.00,0.00,0.00,0.00,0.00,0.00,0.00,0.00,0.00,0.00,0.00,0.00,0.00,0.00,0.00,0.00,0.00,0.00,0.00,0.00,5365.00,0.00,0.00,0.00,0.00,1995.37
0.50,0.00,0.00,2.51,0.00,0.00,0.00,0.00,0.00,96.98,0.00,84.00,0.00,0.00,0.00,12.00,0.00,0.00,1454.00,0.00,0.00,0.00,0.00,2.00,0.00,2.00,0.00,24.00,653276,1140696,1387444,67.99,47748,561092,3707724,181.69,848236,375852,236,615308,100940,7328,28788,0,0,0,0.00,0,0.00,0,0,0.00,26598,7616,36930,0,0,458,0.00,0.00,0.00,0,0.00,0.00,0.00,0.00,0.00,0.00,2.00,0.00,12.00,6.00,0.00,26.00,0.00,0.00,2885.00,0.00,4191.13,0.00,0.00,0.00,0.00,0.00,0.00,0.00,0.00,0.00,0.00,0.00,0.00,0.00,0.00,0.00,0.00,0.00,0.00,0.00,0.00,0.00,0.00,0.00,0.00,0.00,0.00,0.00,0.00,0.00,0.00,0.00,721,3,5,0,0,0,2883.00,0.00,66.00,0.00,2880.00,64.00,0.00,0.00,0.00,0.00,0.00,0.00,0.00,0.00,0.00,0.00,0.00,0.00,0.00,0.00,0.00,0.00,0.00,0.00,0.00,0.00,0.00,0.00,0.00,0.00,0.00,0.00,0.00,0.00,0.00,0.00,0.00,0.00,0.00,0.00,0.00,0.00,0.00,0.00,64.00,0.00,0.00,0.00,0.00,0.00,0.00,1.00,0.00,0.00,0.00,3,2,1,0,0.00,0.00,0.00,0.00,0.00,0.00,0.00,0.00,0.00,0.00,0.00,0.00,0.00,0.00,0.00,0.00,0.00,0.00,0.00,0.00,0.00,0.00,0.00,0.00,0.00,0.00,0.00,0.00,0.00,0.00,0.00,0.00,0.00,0.00,0.00,0.00,0.00,0.00,0.00,0.00,0.00,0.00,0.00,0.00,0.00,0.00,0.00,0.00,0.00,0.00,0.00,0.00,0.00,2885.00,0.00,0.00,0.00,0.00,1995.37
0.00,0.00,0.00,0.00,0.00,0.00,0.00,0.00,0.00,100.00,0.00,46.00,0.00,0.00,0.00,0.00,0.00,0.00,76.00,0.00,0.00,0.00,0.00,0.00,0.00,0.00,0.00,0.00,653276,1140696,1387444,67.99,47748,561108,3707724,181.69,848236,375852,252,615308,100940,7328,28788,0,0,0,0.00,0,0.00,0,0,0.00,26598,7616,36930,0,0,458,0.00,0.00,0.00,0,0.00,0.00,0.00,0.00,0.00,0.00,0.00,0.00,0.00,0.00,0.00,0.00,0.00,0.00,139.00,0.00,196.81,0.00,0.00,0.00,0.00,0.00,0.00,0.00,0.00,1.00,0.00,0.00,0.00,0.00,0.00,0.00,0.00,0.00,0.00,0.00,0.00,0.00,0.00,0.00,0.00,0.00,0.00,0.00,0.00,0.00,0.00,0.00,721,3,5,0,0,0,136.00,0.00,3.00,0.00,135.00,3.00,0.00,0.00,0.00,0.00,0.00,0.00,0.00,0.00,0.00,0.00,0.00,0.00,0.00,0.00,0.00,0.00,0.00,0.00,0.00,0.00,0.00,0.00,0.00,0.00,0.00,0.00,0.00,0.00,0.00,0.00,0.00,0.00,0.00,0.00,0.00,0.00,0.00,0.00,3.00,0.00,0.00,0.00,0.00,0.00,0.00,0.00,0.00,0.00,0.00,3,2,1,0,0.00,0.00,0.00,0.00,0.00,0.00,0.00,0.00,0.00,0.00,0.00,0.00,0.00,0.00,0.00,0.00,0.00,0.00,0.00,0.00,0.00,0.00,0.00,0.00,0.00,0.00,0.00,0.00,0.00,0.00,0.00,0.00,0.00,0.00,0.00,0.00,0.00,0.00,0.00,0.00,0.00,0.00,0.00,0.00,0.00,0.00,0.00,0.00,0.00,0.00,0.00,0.00,0.00,139.00,0.00,0.00,0.00,0.00,1995.37
0.00,0.00,0.50,0.00,0.00,0.00,0.00,0.00,0.00,99.50,0.00,58.00,0.00,0.00,0.00,0.00,0.00,0.00,1254.00,0.00,0.00,0.00,0.00,0.00,0.00,0.00,0.00,0.00,653372,1140848,1387348,67.98,47748,561124,3707724,181.69,848244,375900,268,615308,100940,7328,28788,0,0,0,0.00,0,0.00,0,0,0.00,26598,7616,36930,0,0,458,0.00,0.00,0.00,0,0.00,0.00,0.00,0.00,0.00,0.00,0.00,0.00,0.00,0.00,0.00,0.00,0.00,0.00,2482.00,0.00,3601.64,0.00,0.00,0.00,0.00,0.00,0.00,0.00,0.00,2.00,0.00,0.00,0.00,0.00,0.00,0.00,0.00,0.00,0.00,0.00,0.00,0.00,0.00,0.00,0.00,0.00,0.00,0.00,0.00,0.00,0.00,0.00,721,3,5,0,0,0,2476.00,0.00,55.00,0.00,2475.00,55.00,0.00,0.00,0.00,0.00,0.00,0.00,0.00,0.00,0.00,0.00,0.00,0.00,0.00,0.00,0.00,0.00,0.00,0.00,0.00,0.00,0.00,0.00,0.00,0.00,0.00,0.00,0.00,0.00,0.00,0.00,0.00,0.00,0.00,0.00,0.00,0.00,0.00,0.00,55.00,0.00,0.00,0.00,0.00,0.00,0.00,0.00,0.00,0.00,0.00,3,2,1,0,0.00,0.00,0.00,0.00,0.00,0.00,0.00,0.00,0.00,0.00,0.00,0.00,0.00,0.00,0.00,0.00,0.00,0.00,0.00,0.00,0.00,0.00,0.00,0.00,0.00,0.00,0.00,0.00,0.00,0.00,0.00,0.00,0.00,0.00,0.00,0.00,0.00,0.00,0.00,0.00,0.00,0.00,0.00,0.00,0.00,0.00,0.00,0.00,0.00,0.00,0.00,0.00,0.00,2483.00,0.00,0.00,0.00,0.00,1995.37
0.50,0.00,0.00,0.00,0.00,0.00,0.00,0.00,0.00,99.50,0.00,35.00,0.00,0.00,0.00,0.00,0.00,0.00,4.00,0.00,0.00,0.00,0.00,0.00,0.00,0.00,0.00,0.00,653372,1140848,1387348,67.98,47748,561140,3707724,181.69,848244,375900,284,615308,100940,7328,28788,0,0,0,0.00,0,0.00,0,0,0.00,26598,7616,36930,0,0,458,0.00,0.00,0.00,0,0.00,0.00,0.00,0.00,0.00,0.00,0.00,0.00,0.00,0.00,0.00,0.00,0.00,0.00,12.00,0.00,0.70,0.00,0.00,0.00,0.00,0.00,0.00,0.00,0.00,1.00,0.00,0.00,0.00,0.00,0.00,0.00,0.00,0.00,0.00,0.00,0.00,0.00,0.00,0.00,0.00,0.00,0.00,0.00,0.00,0.00,0.00,0.00,721,3,5,0,0,0,0.00,0.00,0.00,0.00,0.00,0.00,0.00,0.00,0.00,0.00,0.00,0.00,0.00,0.00,0.00,0.00,0.00,0.00,0.00,0.00,0.00,0.00,0.00,0.00,0.00,0.00,0.00,0.00,0.00,0.00,0.00,0.00,0.00,0.00,0.00,0.00,0.00,0.00,0.00,0.00,0.00,0.00,0.00,0.00,0.00,0.00,0.00,0.00,0.00,0.00,0.00,0.00,0.00,0.00,0.00,3,2,1,0,0.00,0.00,0.00,0.00,0.00,0.00,0.00,0.00,0.00,0.00,0.00,0.00,0.00,0.00,0.00,0.00,0.00,0.00,0.00,0.00,0.00,0.00,0.00,0.00,0.00,0.00,0.00,0.00,0.00,0.00,0.00,0.00,0.00,0.00,0.00,0.00,0.00,0.00,0.00,0.00,0.00,0.00,0.00,0.00,0.00,0.00,0.00,0.00,0.00,0.00,0.00,0.00,0.00,11.00,0.00,0.00,0.00,0.00,1995.37
0.50,0.00,0.00,0.00,0.00,0.00,1.49,0.00,0.00,98.01,0.00,86.00,0.00,0.00,0.00,0.00,0.00,0.00,2716.00,0.00,0.00,0.00,0.00,0.00,0.00,0.00,0.00,0.00,653276,1140752,1387444,67.99,47748,561140,3707724,181.69,848244,375900,284,615308,100940,7328,28788,0,0,0,0.00,0,0.00,0,0,0.00,26598,7616,36930,0,0,458,0.00,0.00,0.00,0,0.00,0.00,0.00,0.00,0.00,0.00,0.00,0.00,0.00,0.00,0.00,0.00,0.00,0.00,5362.00,0.00,7791.77,0.00,0.00,0.00,0.00,0.00,0.00,0.00,0.00,0.00,0.00,0.00,0.00,0.00,0.00,0.00,0.00,0.00,0.00,0.00,0.00,0.00,0.00,0.00,0.00,0.00,0.00,0.00,0.00,0.00,0.00,0.00,721,3,5,0,0,0,5355.00,0.00,119.00,0.00,5355.00,119.00,0.00,0.00,0.00,0.00,0.00,0.00,0.00,0.00,0.00,0.00,0.00,0.00,0.00,0.00,0.00,0.00,0.00,0.00,0.00,0.00,0.00,0.00,0.00,0.00,0.00,0.00,0.00,0.00,0.00,0.00,0.00,0.00,0.00,0.00,0.00,0.00,0.00,0.00,119.00,0.00,0.00,0.00,0.00,0.00,0.00,0.00,0.00,0.00,0.00,3,2,1,0,0.00,0.00,0.00,0.00,0.00,0.00,0.00,0.00,0.00,0.00,0.00,0.00,0.00,0.00,0.00,0.00,0.00,0.00,0.00,0.00,0.00,0.00,0.00,0.00,0.00,0.00,0.00,0.00,0.00,0.00,0.00,0.00,0.00,0.00,0.00,0.00,0.00,0.00,0.00,0.00,0.00,0.00,0.00,0.00,0.00,0.00,0.00,0.00,0.00,0.00,0.00,0.00,0.00,5362.00,0.00,0.00,0.00,0.00,1995.37
0.00,0.00,0.50,4.50,0.00,0.00,0.00,0.00,0.00,95.00,0.00,93.00,0.00,0.00,0.00,12.00,0.00,0.00,28.00,0.00,0.00,0.00,0.00,2.00,0.00,2.00,0.00,24.00,653340,1140876,1387380,67.98,47756,561172,3707724,181.69,848252,375948,316,615308,100944,7328,28788,0,0,0,0.00,0,0.00,0,0,0.00,26598,7616,36930,0,0,458,0.00,0.00,0.00,0,0.00,0.00,0.00,0.00,0.00,0.00,2.00,0.00,12.00,6.00,0.00,46.00,0.00,0.00,55.00,0.00,66.06,0.00,0.00,0.00,0.00,0.00,0.00,0.00,0.00,1.00,0.00,0.00,0.00,0.00,0.00,0.00,0.00,0.00,0.00,0.00,0.00,0.00,0.00,0.00,0.00,0.00,0.00,0.00,0.00,0.00,0.00,0.00,721,3,5,0,0,0,45.00,0.00,1.00,0.00,45.00,1.00,0.00,0.00,0.00,0.00,0.00,0.00,0.00,0.00,0.00,0.00,0.00,0.00,0.00,0.00,0.00,0.00,0.00,0.00,0.00,0.00,0.00,0.00,0.00,0.00,0.00,0.00,0.00,0.00,0.00,0.00,0.00,0.00,0.00,0.00,0.00,0.00,0.00,0.00,1.00,0.00,0.00,0.00,0.00,0.00,0.00,0.00,0.00,0.00,0.00,3,2,1,0,0.00,0.00,0.00,0.00,0.00,0.00,0.00,0.00,0.00,0.00,0.00,0.00,0.00,0.00,0.00,0.00,0.00,0.00,0.00,0.00,0.00,0.00,0.00,0.00,0.00,0.00,0.00,0.00,0.00,0.00,0.00,0.00,0.00,0.00,0.00,0.00,0.00,0.00,0.00,0.00,0.00,0.00,0.00,0.00,0.00,0.00,0.00,0.00,0.00,0.00,0.00,0.00,0.00,55.00,0.00,0.00,0.00,0.00,1995.37
0.50,0.00,0.00,0.00,0.00,0.00,0.50,0.00,0.00,99.00,0.00,83.00,0.00,0.00,0.00,0.00,0.00,0.00,1108.00,0.00,0.00,0.00,0.00,0.00,0.00,0.00,0.00,0.00,653184,1140720,1387536,67.99,47756,561188,3707724,181.69,848252,375948,332,615308,100944,7328,28788,0,0,0,0.00,0,0.00,0,0,0.00,26598,7616,36930,0,0,458,0.00,0.00,0.00,0,0.00,0.00,0.00,0.00,0.00,0.00,0.00,0.00,0.00,0.00,0.00,0.00,0.00,0.00,2169.00,0.00,3143.26,0.00,0.00,0.00,0.00,0.00,0.00,0.00,0.00,0.00,0.00,0.00,0.00,0.00,0.00,0.00,0.00,0.00,0.00,0.00,0.00,0.00,0.00,0.00,0.00,0.00,0.00,0.00,0.00,0.00,0.00,0.00,721,3,5,0,0,0,2160.00,0.00,48.00,0.00,2160.00,48.00,0.00,0.00,0.00,0.00,0.00,0.00,0.00,0.00,0.00,0.00,0.00,0.00,0.00,0.00,0.00,0.00,0.00,0.00,0.00,0.00,0.00,0.00,0.00,0.00,0.00,0.00,0.00,0.00,0.00,0.00,0.00,0.00,0.00,0.00,0.00,0.00,0.00,0.00,48.00,0.00,0.00,0.00,0.00,0.00,0.00,0.00,0.00,0.00,0.00,3,2,1,0,0.00,0.00,0.00,0.00,0.00,0.00,0.00,0.00,0.00,0.00,0.00,0.00,0.00,0.00,0.00,0.00,0.00,0.00,0.00,0.00,0.00,0.00,0.00,0.00,0.00,0.00,0.00,0.00,0.00,0.00,0.00,0.00,0.00,0.00,0.00,0.00,0.00,0.00,0.00,0.00,0.00,0.00,0.00,0.00,0.00,0.00,0.00,0.00,0.00,0.00,0.00,0.00,0.00,2169.00,0.00,0.00,0.00,0.00,1995.37
0.00,0.00,0.51,0.00,0.00,0.00,0.51,0.00,0.00,98.99,0.00,127.00,0.00,0.00,0.00,0.00,0.00,0.00,5453.00,0.00,0.00,0.00,0.00,0.00,0.00,0.00,0.00,0.00,653184,1140720,1387536,67.99,47756,561188,3707724,181.69,848252,375948,332,615308,100944,7328,28788,0,0,0,0.00,0,0.00,0,0,0.00,26598,7616,36930,0,0,458,0.00,0.00,0.00,0,0.00,0.00,0.00,0.00,0.00,0.00,0.00,0.00,0.00,0.00,0.00,0.00,0.00,0.00,10812.00,1.00,15714.60,0.04,0.00,0.00,0.00,0.00,0.00,0.00,0.00,1.00,0.00,0.00,0.00,0.00,0.00,0.00,0.00,0.00,0.00,0.00,0.00,0.00,0.00,0.00,0.00,0.00,0.00,0.00,0.00,0.00,0.00,0.00,721,3,5,0,0,0,10801.00,0.00,241.00,0.00,10800.00,240.00,0.00,0.00,0.00,0.00,0.00,0.00,0.00,0.00,0.00,0.00,0.00,0.00,0.00,0.00,0.00,0.00,0.00,0.00,0.00,0.00,0.00,0.00,0.00,0.00,0.00,0.00,0.00,0.00,0.00,0.00,0.00,0.00,0.00,0.00,0.00,0.00,0.00,0.00,240.00,0.00,0.00,0.00,0.00,0.00,0.00,1.00,0.00,0.00,0.00,3,2,1,0,0.00,0.00,0.00,0.00,0.00,0.00,0.00,0.00,0.00,0.00,0.00,0.00,0.00,0.00,0.00,0.00,0.00,0.00,0.00,0.00,0.00,0.00,0.00,0.00,0.00,0.00,0.00,0.00,0.00,0.00,0.00,0.00,0.00,0.00,0.00,0.00,0.00,0.00,0.00,0.00,0.00,0.00,0.00,0.00,0.00,0.00,0.00,0.00,0.00,0.00,0.00,0.00,0.00,10812.00,0.00,0.00,0.00,0.00,1995.37
0.00,0.00,0.00,0.00,0.00,0.00,0.00,0.00,0.00,100.00,0.00,50.00,0.00,0.00,0.00,0.00,0.00,0.00,5.00,0.00,0.00,0.00,0.00,0.00,0.00,0.00,0.00,0.00,653248,1140784,1387472,67.99,47756,561216,3707724,181.69,848252,375948,360,615308,100944,7328,28788,0,0,0,0.00,0,0.00,0,0,0.00,26598,7616,36930,0,0,458,0.00,0.00,0.00,0,0.00,0.00,0.00,0.00,0.00,0.00,0.00,0.00,0.00,0.00,0.00,0.00,0.00,0.00,5.00,0.00,0.29,0.00,0.00,0.00,0.00,0.00,0.00,0.00,0.00,0.00,0.00,0.00,0.00,0.00,0.00,0.00,0.00,0.00,0.00,0.00,0.00,0.00,0.00,0.00,0.00,0.00,0.00,0.00,0.00,0.00,0.00,0.00,721,3,5,0,0,0,0.00,0.00,0.00,0.00,0.00,0.00,0.00,0.00,0.00,0.00,0.00,0.00,0.00,0.00,0.00,0.00,0.00,0.00,0.00,0.00,0.00,0.00,0.00,0.00,0.00,0.00,0.00,0.00,0.00,0.00,0.00,0.00,0.00,0.00,0.00,0.00,0.00,0.00,0.00,0.00,0.00,0.00,0.00,0.00,0.00,0.00,0.00,0.00,0.00,0.00,0.00,0.00,0.00,0.00,0.00,3,2,1,0,0.00,0.00,0.00,0.00,0.00,0.00,0.00,0.00,0.00,0.00,0.00,0.00,0.00,0.00,0.00,0.00,0.00,0.00,0.00,0.00,0.00,0.00,0.00,0.00,0.00,0.00,0.00,0.00,0.00,0.00,0.00,0.00,0.00,0.00,0.00,0.00,0.00,0.00,0.00,0.00,0.00,0.00,0.00,0.00,0.00,0.00,0.00,0.00,0.00,0.00,0.00,0.00,0.00,5.00,0.00,0.00,0.00,0.00,1995.37
0.50,0.00,0.00,0.00,0.00,0.00,0.00,0.00,0.00,99.50,0.00,39.00,0.00,0.00,0.00,0.00,0.00,0.00,4.00,0.00,0.00,0.00,0.00,0.00,0.00,0.00,0.00,0.00,653248,1140840,1387472,67.99,47756,561232,3707724,181.69,848252,376004,376,615308,100944,7328,28788,0,0,0,0.00,0,0.00,0,0,0.00,26598,7616,36930,0,0,458,0.00,0.00,0.00,0,0.00,0.00,0.00,0.00,0.00,0.00,0.00,0.00,0.00,0.00,0.00,0.00,0.00,0.00,4.00,0.00,0.23,0.00,0.00,0.00,0.00,0.00,0.00,0.00,0.00,1.00,0.00,0.00,0.00,0.00,0.00,0.00,0.00,0.00,0.00,0.00,0.00,0.00,0.00,0.00,0.00,0.00,0.00,0.00,0.00,0.00,0.00,0.00,721,3,5,0,0,0,0.00,0.00,0.00,0.00,0.00,0.00,0.00,0.00,0.00,0.00,0.00,0.00,0.00,0.00,0.00,0.00,0.00,0.00,0.00,0.00,0.00,0.00,0.00,0.00,0.00,0.00,0.00,0.00,0.00,0.00,0.00,0.00,0.00,0.00,0.00,0.00,0.00,0.00,0.00,0.00,0.00,0.00,0.00,0.00,0.00,0.00,0.00,0.00,0.00,0.00,0.00,0.00,0.00,0.00,0.00,3,2,1,0,0.00,0.00,0.00,0.00,0.00,0.00,0.00,0.00,0.00,0.00,0.00,0.00,0.00,0.00,0.00,0.00,0.00,0.00,0.00,0.00,0.00,0.00,0.00,0.00,0.00,0.00,0.00,0.00,0.00,0.00,0.00,0.00,0.00,0.00,0.00,0.00,0.00,0.00,0.00,0.00,0.00,0.00,0.00,0.00,0.00,0.00,0.00,0.00,0.00,0.00,0.00,0.00,0.00,4.00,0.00,0.00,0.00,0.00,1995.37
0.00,0.00,0.50,0.50,0.00,0.00,0.50,0.00,0.00,98.51,0.00,62.00,0.00,0.00,0.00,12.00,0.00,0.00,436.00,0.00,0.00,0.00,0.00,2.00,0.00,2.00,0.00,24.00,653088,1140680,1387632,68.00,47764,561248,3707724,181.69,848252,376004,392,615308,100944,7328,28788,0,0,0,0.00,0,0.00,0,0,0.00,26598,7616,36930,0,0,458,0.00,0.00,0.00,0,0.00,0.00,0.00,0.00,0.00,0.00,2.00,0.00,12.00,6.00,0.00,10.00,0.00,0.00,902.00,0.00,1309.59,0.00,0.00,0.00,0.00,0.00,0.00,0.00,0.00,0.00,0.00,0.00,0.00,0.00,0.00,0.00,0.00,0.00,0.00,0.00,0.00,0.00,0.00,0.00,0.00,0.00,0.00,0.00,0.00,0.00,0.00,0.00,721,3,5,0,0,0,900.00,0.00,20.00,0.00,900.00,20.00,0.00,0.00,0.00,0.00,0.00,0.00,0.00,0.00,0.00,0.00,0.00,0.00,0.00,0.00,0.00,0.00,0.00,0.00,0.00,0.00,0.00,0.00,0.00,0.00,0.00,0.00,0.00,0.00,0.00,0.00,0.00,0.00,0.00,0.00,0.00,0.00,0.00,0.00,20.00,0.00,0.00,0.00,0.00,0.00,0.00,0.00,0.00,0.00,0.00,3,2,1,0,0.00,0.00,0.00,0.00,0.00,0.00,0.00,0.00,0.00,0.00,0.00,0.00,0.00,0.00,0.00,0.00,0.00,0.00,0.00,0.00,0.00,0.00,0.00,0.00,0.00,0.00,0.00,0.00,0.00,0.00,0.00,0.00,0.00,0.00,0.00,0.00,0.00,0.00,0.00,0.00,0.00,0.00,0.00,0.00,0.00,0.00,0.00,0.00,0.00,0.00,0.00,0.00,0.00,947.00,0.00,0.00,0.00,0.00,1995.37
0.00,0.00,0.00,0.00,0.00,0.00,0.50,0.00,0.00,99.50,0.00,64.00,0.00,0.00,0.00,0.00,0.00,0.00,2452.00,0.00,0.00,0.00,0.00,0.00,0.00,0.00,0.00,0.00,653088,1140680,1387632,68.00,47764,561248,3707724,181.69,848252,376004,392,615308,100944,7328,28788,0,0,0,0.00,0,0.00,0,0,0.00,26598,7616,36930,0,0,458,0.00,0.00,0.00,0,0.00,0.00,0.00,0.00,0.00,0.00,0.00,0.00,0.00,0.00,0.00,0.00,0.00,0.00,4827.00,0.00,7006.88,0.00,0.00,0.00,0.00,0.00,0.00,0.00,0.00,1.00,0.00,0.00,0.00,0.00,0.00,0.00,0.00,0.00,0.00,0.00,0.00,0.00,0.00,0.00,0.00,0.00,0.00,0.00,0.00,0.00,0.00,0.00,721,3,5,0,0,0,4823.00,0.00,111.00,0.00,4815.00,107.00,0.00,0.00,0.00,0.00,0.00,0.00,0.00,0.00,0.00,0.00,0.00,0.00,0.00,0.00,0.00,0.00,0.00,0.00,0.00,0.00,0.00,0.00,0.00,0.00,0.00,0.00,0.00,0.00,0.00,0.00,0.00,0.00,0.00,0.00,0.00,0.00,0.00,0.00,107.00,0.00,0.00,0.00,0.00,0.00,0.00,0.00,0.00,0.00,0.00,3,2,1,0,0.00,0.00,0.00,0.00,0.00,0.00,0.00,0.00,0.00,0.00,0.00,0.00,0.00,0.00,0.00,0.00,0.00,0.00,0.00,0.00,0.00,0.00,0.00,0.00,0.00,0.00,0.00,0.00,0.00,0.00,0.00,0.00,0.00,0.00,0.00,0.00,0.00,0.00,0.00,0.00,0.00,0.00,0.00,0.00,0.00,0.00,0.00,0.00,0.00,0.00,0.00,0.00,0.00,4782.00,0.00,0.00,0.00,0.00,1995.37
0.50,0.00,0.50,0.00,0.00,0.00,0.00,0.00,0.00,99.00,0.00,44.00,0.00,0.00,0.00,0.00,0.00,0.00,6.00,0.00,0.00,0.00,0.00,0.00,0.00,0.00,0.00,0.00,653088,1140736,1387632,68.00,47764,561280,3707724,181.69,848260,376052,424,615308,100944,7328,28788,0,0,0,0.00,0,0.00,0,0,0.00,26598,7616,36930,0,0,458,0.00,0.00,0.00,0,0.00,0.00,0.00,0.00,0.00,0.00,0.00,0.00,0.00,0.00,0.00,0.00,0.00,0.00,3.00,0.00,0.18,0.00,0.00,0.00,0.00,0.00,0.00,0.00,0.00,0.00,0.00,0.00,0.00,0.00,0.00,0.00,0.00,0.00,0.00,0.00,0.00,0.00,0.00,0.00,0.00,0.00,0.00,0.00,0.00,0.00,0.00,0.00,721,3,5,0,0,0,0.00,0.00,0.00,0.00,0.00,0.00,0.00,0.00,0.00,0.00,0.00,0.00,0.00,0.00,0.00,0.00,0.00,0.00,0.00,0.00,0.00,0.00,0.00,0.00,0.00,0.00,0.00,0.00,0.00,0.00,0.00,0.00,0.00,0.00,0.00,0.00,0.00,0.00,0.00,0.00,0.00,0.00,0.00,0.00,0.00,0.00,0.00,0.00,0.00,0.00,0.00,0.00,0.00,0.00,0.00,3,2,1,0,0.00,0.00,0.00,0.00,0.00,0.00,0.00,0.00,0.00,0.00,0.00,0.00,0.00,0.00,0.00,0.00,0.00,0.00,0.00,0.00,0.00,0.00,0.00,0.00,0.00,0.00,0.00,0.00,0.00,0.00,0.00,0.00,0.00,0.00,0.00,0.00,0.00,0.00,0.00,0.00,0.00,0.00,0.00,0.00,0.00,0.00,0.00,0.00,0.00,0.00,0.00,0.00,0.00,3.00,0.00,0.00,0.00,0.00,1995.37
0.00,0.00,0.00,0.00,0.50,0.00,0.00,0.00,0.00,99.50,0.00,51.00,0.00,0.00,0.00,0.00,0.00,0.00,84.00,0.00,0.00,0.00,0.00,0.00,0.00,0.00,0.00,0.00,652964,1140612,1387756,68.00,47764,561296,3707724,181.69,848260,376052,440,615308,100948,7328,28788,0,0,0,0.00,0,0.00,0,0,0.00,26598,7616,36930,0,0,458,0.00,0.00,0.00,0,0.00,0.00,0.00,0.00,0.00,0.00,0.00,0.00,0.00,0.00,0.00,0.00,0.00,0.00,141.00,0.00,196.77,0.00,0.00,0.00,0.00,0.00,0.00,0.00,0.00,1.00,0.00,0.00,0.00,0.00,0.00,0.00,0.00,0.00,0.00,0.00,0.00,0.00,0.00,0.00,0.00,0.00,0.00,0.00,0.00,0.00,0.00,0.00,721,3,5,0,0,0,135.00,0.00,3.00,0.00,135.00,3.00,0.00,0.00,0.00,0.00,0.00,0.00,0.00,0.00,0.00,0.00,0.00,0.00,0.00,0.00,0.00,0.00,0.00,0.00,0.00,0.00,0.00,0.00,0.00,0.00,0.00,0.00,0.00,0.00,0.00,0.00,0.00,0.00,0.00,0.00,0.00,0.00,0.00,0.00,3.00,0.00,0.00,0.00,0.00,0.00,0.00,0.00,0.00,0.00,0.00,3,2,1,0,0.00,0.00,0.00,0.00,0.00,0.00,0.00,0.00,0.00,0.00,0.00,0.00,0.00,0.00,0.00,0.00,0.00,0.00,0.00,0.00,0.00,0.00,0.00,0.00,0.00,0.00,0.00,0.00,0.00,0.00,0.00,0.00,0.00,0.00,0.00,0.00,0.00,0.00,0.00,0.00,0.00,0.00,0.00,0.00,0.00,0.00,0.00,0.00,0.00,0.00,0.00,0.00,0.00,141.00,0.00,0.00,0.00,0.00,1995.37
0.50,0.00,0.00,0.00,0.00,0.00,0.00,0.00,0.00,99.50,0.00,43.00,0.00,0.00,0.00,0.00,0.00,0.00,4.00,0.00,0.00,0.00,0.00,0.00,0.00,0.00,0.00,0.00,652964,1140612,1387756,68.00,47764,561312,3707724,181.69,848260,376052,456,615308,100948,7328,28788,0,0,0,0.00,0,0.00,0,0,0.00,26598,7616,36930,0,0,458,0.00,0.00,0.00,0,0.00,0.00,0.00,0.00,0.00,0.00,0.00,0.00,0.00,0.00,0.00,0.00,0.00,0.00,7.00,0.00,0.41,0.00,0.00,0.00,0.00,0.00,0.00,0.00,0.00,0.00,0.00,0.00,0.00,0.00,0.00,0.00,0.00,0.00,0.00,0.00,0.00,0.00,0.00,0.00,0.00,0.00,0.00,0.00,0.00,0.00,0.00,0.00,721,3,5,0,0,0,0.00,0.00,0.00,0.00,0.00,0.00,0.00,0.00,0.00,0.00,0.00,0.00,0.00,0.00,0.00,0.00,0.00,0.00,0.00,0.00,0.00,0.00,0.00,0.00,0.00,0.00,0.00,0.00,0.00,0.00,0.00,0.00,0.00,0.00,0.00,0.00,0.00,0.00,0.00,0.00,0.00,0.00,0.00,0.00,0.00,0.00,0.00,0.00,0.00,0.00,0.00,0.00,0.00,0.00,0.00,3,2,1,0,0.00,0.00,0.00,0.00,0.00,0.00,0.00,0.00,0.00,0.00,0.00,0.00,0.00,0.00,0.00,0.00,0.00,0.00,0.00,0.00,0.00,0.00,0.00,0.00,0.00,0.00,0.00,0.00,0.00,0.00,0.00,0.00,0.00,0.00,0.00,0.00,0.00,0.00,0.00,0.00,0.00,0.00,0.00,0.00,0.00,0.00,0.00,0.00,0.00,0.00,0.00,0.00,0.00,7.00,0.00,0.00,0.00,0.00,1995.37
0.51,0.00,0.00,1.54,0.00,0.00,3.59,0.00,0.00,94.36,0.00,330.00,0.00,0.00,0.00,176.00,4.00,0.00,18789.00,0.00,0.00,0.00,0.00,32.00,0.00,32.00,0.00,352.00,685912,1160636,1354808,66.39,47784,545548,3732764,182.91,831432,359652,32,597828,100876,7360,28764,0,0,0,0.00,0,0.00,0,0,0.00,26499,7616,36851,0,0,460,0.00,0.00,0.00,0,0.00,0.00,0.00,0.00,0.00,0.00,32.00,0.00,176.00,5.50,0.27,10.25,1.62,5.20,36993.00,0.00,53819.50,0.00,0.00,0.00,0.00,0.00,0.00,0.00,0.00,1.00,0.00,0.00,0.00,0.00,0.00,0.00,0.00,0.00,0.00,0.00,0.00,0.00,0.00,0.00,0.00,0.00,0.00,0.00,0.00,0.00,0.00,0.00,721,3,5,0,0,0,36990.00,0.00,822.00,0.00,36990.00,822.00,0.00,0.00,0.00,0.00,0.00,0.00,0.00,0.00,0.00,0.00,0.00,0.00,0.00,0.00,0.00,0.00,0.00,0.00,0.00,0.00,0.00,0.00,0.00,0.00,0.00,0.00,0.00,0.00,0.00,0.00,0.00,0.00,0.00,0.00,0.00,0.00,0.00,0.00,823.00,0.00,0.00,0.00,0.00,0.00,0.00,0.00,0.00,0.00,0.00,3,2,1,0,0.00,0.00,0.00,0.00,0.00,0.00,0.00,0.00,0.00,0.00,0.00,0.00,0.00,0.00,0.00,0.00,0.00,0.00,0.00,0.00,0.00,0.00,0.00,0.00,0.00,0.00,0.00,0.00,0.00,0.00,0.00,0.00,0.00,0.00,0.00,0.00,0.00,0.00,0.00,0.00,0.00,0.00,0.00,0.00,0.00,0.00,0.00,0.00,0.00,0.00,0.00,0.00,0.00,36993.00,0.00,0.00,0.00,0.00,1995.37
0.00,0.00,0.50,0.00,0.50,0.00,4.00,0.00,0.00,95.00,0.00,314.00,0.00,0.00,0.00,0.00,3.00,0.00,15492.00,0.00,0.00,0.00,0.00,0.00,0.00,0.00,0.00,0.00,685788,1160512,1354932,66.39,47784,545564,3732764,182.91,831476,359652,40,597836,100880,7360,28764,0,0,0,0.00,0,0.00,0,0,0.00,26499,7616,36851,0,0,460,0.00,0.00,0.00,0,0.00,0.00,0.00,0.00,0.00,0.00,0.00,0.00,0.00,0.00,0.00,0.00,0.00,0.00,30739.00,0.00,44719.94,0.00,0.00,0.00,0.00,0.00,0.00,0.00,0.00,0.00,0.00,0.00,0.00,0.00,0.00,0.00,0.00,0.00,0.00,0.00,0.00,0.00,0.00,0.00,0.00,0.00,0.00,0.00,0.00,0.00,0.00,0.00,721,3,5,0,0,0,30736.00,0.00,684.00,0.00,30735.00,683.00,0.00,0.00,0.00,0.00,0.00,0.00,0.00,0.00,0.00,0.00,0.00,0.00,0.00,0.00,0.00,0.00,0.00,0.00,0.00,0.00,0.00,0.00,0.00,0.00,0.00,0.00,0.00,0.00,0.00,0.00,0.00,0.00,0.00,0.00,0.00,0.00,0.00,0.00,682.00,0.00,0.00,0.00,0.00,0.00,0.00,0.00,0.00,0.00,0.00,3,2,1,0,0.00,0.00,0.00,0.00,0.00,0.00,0.00,0.00,0.00,0.00,0.00,0.00,0.00,0.00,0.00,0.00,0.00,0.00,0.00,0.00,0.00,0.00,0.00,0.00,0.00,0.00,0.00,0.00,0.00,0.00,0.00,0.00,0.00,0.00,0.00,0.00,0.00,0.00,0.00,0.00,0.00,0.00,0.00,0.00,0.00,0.00,0.00,0.00,0.00,0.00,0.00,0.00,0.00,30739.00,0.00,0.00,0.00,0.00,1995.37
0.00,0.00,0.00,0.00,0.00,0.00,4.55,0.00,0.00,95.45,0.00,322.00,0.00,0.00,0.00,0.00,0.00,0.00,15404.00,0.00,0.00,0.00,0.00,0.00,0.00,0.00,0.00,0.00,685756,1160480,1354964,66.40,47784,545576,3732764,182.91,831476,359652,52,597836,100880,7360,28764,0,0,0,0.00,0,0.00,0,0,0.00,26499,7616,36851,0,0,460,0.00,0.00,0.00,0,0.00,0.00,0.00,0.00,0.00,0.00,0.00,0.00,0.00,0.00,0.00,0.00,0.00,0.00,30698.00,0.00,44653.78,0.00,0.00,0.00,0.00,0.00,0.00,0.00,0.00,1.00,0.00,0.00,0.00,0.00,0.00,0.00,0.00,0.00,0.00,0.00,0.00,0.00,0.00,0.00,0.00,0.00,0.00,0.00,0.00,0.00,0.00,0.00,721,3,5,0,0,0,30691.00,0.00,683.00,0.00,30690.00,682.00,0.00,0.00,0.00,0.00,0.00,0.00,0.00,0.00,0.00,0.00,0.00,0.00,0.00,0.00,0.00,0.00,0.00,0.00,0.00,0.00,0.00,0.00,0.00,0.00,0.00,0.00,0.00,0.00,0.00,0.00,0.00,0.00,0.00,0.00,0.00,0.00,0.00,0.00,682.00,0.00,0.00,0.00,0.00,0.00,0.00,0.00,0.00,0.00,0.00,3,2,1,0,0.00,0.00,0.00,0.00,0.00,0.00,0.00,0.00,0.00,0.00,0.00,0.00,0.00,0.00,0.00,0.00,0.00,0.00,0.00,0.00,0.00,0.00,0.00,0.00,0.00,0.00,0.00,0.00,0.00,0.00,0.00,0.00,0.00,0.00,0.00,0.00,0.00,0.00,0.00,0.00,0.00,0.00,0.00,0.00,0.00,0.00,0.00,0.00,0.00,0.00,0.00,0.00,0.00,30653.00,0.00,0.00,0.00,0.00,1995.37
0.50,0.00,0.50,0.00,0.00,0.00,4.48,0.00,0.00,94.53,0.00,330.00,0.00,0.00,0.00,0.00,0.00,0.00,14732.00,0.00,0.00,0.00,0.00,0.00,0.00,0.00,0.00,0.00,685756,1160528,1354964,66.40,47784,545592,3732764,182.91,831484,359700,68,597836,100880,7360,28764,0,0,0,0.00,0,0.00,0,0,0.00,26499,7616,36851,0,0,460,0.00,0.00,0.00,0,0.00,0.00,0.00,0.00,0.00,0.00,0.00,0.00,0.00,0.00,0.00,0.00,0.00,0.00,29211.00,0.00,42492.74,0.00,0.00,0.00,0.00,0.00,0.00,0.00,0.00,0.00,0.00,0.00,0.00,0.00,0.00,0.00,0.00,0.00,0.00,0.00,0.00,0.00,0.00,0.00,0.00,0.00,0.00,0.00,0.00,0.00,0.00,0.00,721,3,5,0,0,0,29205.00,0.00,649.00,0.00,29205.00,649.00,0.00,0.00,0.00,0.00,0.00,0.00,0.00,0.00,0.00,0.00,0.00,0.00,0.00,0.00,0.00,0.00,0.00,0.00,0.00,0.00,0.00,0.00,0.00,0.00,0.00,0.00,0.00,0.00,0.00,0.00,0.00,0.00,0.00,0.00,0.00,0.00,0.00,0.00,649.00,0.00,0.00,0.00,0.00,0.00,0.00,0.00,0.00,0.00,0.00,3,2,1,0,0.00,0.00,0.00,0.00,0.00,0.00,0.00,0.00,0.00,0.00,0.00,0.00,0.00,0.00,0.00,0.00,0.00,0.00,0.00,0.00,0.00,0.00,0.00,0.00,0.00,0.00,0.00,0.00,0.00,0.00,0.00,0.00,0.00,0.00,0.00,0.00,0.00,0.00,0.00,0.00,0.00,0.00,0.00,0.00,0.00,0.00,0.00,0.00,0.00,0.00,0.00,0.00,0.00,29256.00,0.00,0.00,0.00,0.00,1995.37
0.00,0.00,0.00,0.00,0.50,0.00,5.50,0.00,0.00,94.00,0.00,331.00,0.00,0.00,0.00,0.00,0.00,0.00,17900.00,0.00,0.00,0.00,0.00,0.00,0.00,0.00,0.00,0.00,685724,1160496,1354996,66.40,47784,545608,3732764,182.91,831484,359700,84,597836,100880,7360,28764,0,0,0,0.00,0,0.00,0,0,0.00,26499,7616,36851,0,0,460,0.00,0.00,0.00,0,0.00,0.00,0.00,0.00,0.00,0.00,0.00,0.00,0.00,0.00,0.00,0.00,0.00,0.00,35604.00,0.00,51790.17,0.00,0.00,0.00,0.00,0.00,0.00,0.00,0.00,1.00,0.00,0.00,0.00,0.00,0.00,0.00,0.00,0.00,0.00,0.00,0.00,0.00,0.00,0.00,0.00,0.00,0.00,0.00,0.00,0.00,0.00,0.00,721,3,5,0,0,0,35595.00,0.00,791.00,0.00,35595.00,791.00,0.00,0.00,0.00,0.00,0.00,0.00,0.00,0.00,0.00,0.00,0.00,0.00,0.00,0.00,0.00,0.00,0.00,0.00,0.00,0.00,0.00,0.00,0.00,0.00,0.00,0.00,0.00,0.00,0.00,0.00,0.00,0.00,0.00,0.00,0.00,0.00,0.00,0.00,791.00,0.00,0.00,0.00,0.00,0.00,0.00,0.00,0.00,0.00,0.00,3,2,1,0,0.00,0.00,0.00,0.00,0.00,0.00,0.00,0.00,0.00,0.00,0.00,0.00,0.00,0.00,0.00,0.00,0.00,0.00,0.00,0.00,0.00,0.00,0.00,0.00,0.00,0.00,0.00,0.00,0.00,0.00,0.00,0.00,0.00,0.00,0.00,0.00,0.00,0.00,0.00,0.00,0.00,0.00,0.00,0.00,0.00,0.00,0.00,0.00,0.00,0.00,0.00,0.00,0.00,35604.00,0.00,0.00,0.00,0.00,1995.37
0.00,0.00,0.50,1.51,0.00,0.00,4.52,0.00,0.00,93.47,0.00,331.00,0.00,0.00,0.00,52.00,0.00,0.00,15493.00,0.00,0.00,0.00,0.00,2.00,0.00,2.00,0.00,104.00,685600,1160372,1355120,66.40,47792,545624,3732764,182.91,831484,359700,140,597836,100880,7360,28764,0,0,0,0.00,0,0.00,0,0,0.00,26499,7616,36851,0,0,460,0.00,0.00,0.00,0,0.00,0.00,0.00,0.00,0.00,0.00,2.00,0.00,52.00,26.00,0.00,14.00,0.00,0.00,30786.00,0.00,44784.32,0.00,0.00,0.00,0.00,0.00,0.00,0.00,0.00,0.00,0.00,0.00,0.00,0.00,0.00,0.00,0.00,0.00,0.00,0.00,0.00,0.00,0.00,0.00,0.00,0.00,0.00,0.00,0.00,0.00,0.00,0.00,721,3,5,0,0,0,30780.00,0.00,684.00,0.00,30780.00,684.00,0.00,0.00,0.00,0.00,0.00,0.00,0.00,0.00,0.00,0.00,0.00,0.00,0.00,0.00,0.00,0.00,0.00,0.00,0.00,0.00,0.00,0.00,0.00,0.00,0.00,0.00,0.00,0.00,0.00,0.00,0.00,0.00,0.00,0.00,0.00,0.00,0.00,0.00,684.00,0.00,0.00,0.00,0.00,0.00,0.00,0.00,0.00,0.00,0.00,3,2,1,0,0.00,0.00,0.00,0.00,0.00,0.00,0.00,0.00,0.00,0.00,0.00,0.00,0.00,0.00,0.00,0.00,0.00,0.00,0.00,0.00,0.00,0.00,0.00,0.00,0.00,0.00,0.00,0.00,0.00,0.00,0.00,0.00,0.00,0.00,0.00,0.00,0.00,0.00,0.00,0.00,0.00,0.00,0.00,0.00,0.00,0.00,0.00,0.00,0.00,0.00,0.00,0.00,0.00,30786.00,0.00,0.00,0.00,0.00,1995.37
0.49,0.00,0.00,0.00,0.49,0.00,6.31,0.00,0.00,92.72,0.00,329.00,0.00,0.00,0.00,0.00,0.00,0.00,12461.00,0.00,0.00,0.00,0.00,0.00,0.00,0.00,0.00,0.00,685820,1160592,1354900,66.39,47792,545640,3732764,182.91,831484,359700,156,597836,100880,7360,28764,0,0,0,0.00,0,0.00,0,0,0.00,26499,7616,36851,0,0,460,0.00,0.00,0.00,0,0.00,0.00,0.00,0.00,0.00,0.00,0.00,0.00,0.00,0.00,0.00,0.00,0.00,0.00,24760.00,0.00,36011.08,0.00,0.00,0.00,0.00,0.00,0.00,0.00,0.00,1.00,0.00,0.00,0.00,0.00,0.00,0.00,0.00,0.00,0.00,0.00,0.00,0.00,0.00,0.00,0.00,0.00,0.00,0.00,0.00,0.00,0.00,0.00,721,3,5,0,0,0,24750.00,0.00,550.00,0.00,24750.00,550.00,0.00,0.00,0.00,0.00,0.00,0.00,0.00,0.00,0.00,0.00,0.00,0.00,0.00,0.00,0.00,0.00,0.00,0.00,0.00,0.00,0.00,0.00,0.00,0.00,0.00,0.00,0.00,0.00,0.00,0.00,0.00,0.00,0.00,0.00,0.00,0.00,0.00,0.00,550.00,0.00,0.00,0.00,0.00,0.00,0.00,0.00,0.00,0.00,0.00,3,2,1,0,0.00,0.00,0.00,0.00,0.00,0.00,0.00,0.00,0.00,0.00,0.00,0.00,0.00,0.00,0.00,0.00,0.00,0.00,0.00,0.00,0.00,0.00,0.00,0.00,0.00,0.00,0.00,0.00,0.00,0.00,0.00,0.00,0.00,0.00,0.00,0.00,0.00,0.00,0.00,0.00,0.00,0.00,0.00,0.00,0.00,0.00,0.00,0.00,0.00,0.00,0.00,0.00,0.00,24760.00,0.00,0.00,0.00,0.00,1995.37
0.00,0.00,0.51,0.00,0.00,0.00,4.04,0.00,0.00,95.45,0.00,308.00,0.00,0.00,0.00,0.00,0.00,0.00,14669.00,0.00,0.00,0.00,0.00,0.00,0.00,0.00,0.00,0.00,685788,1160616,1354932,66.39,47792,545656,3732764,182.91,831488,359752,172,597836,100880,7360,28764,0,0,0,0.00,0,0.00,0,0,0.00,26499,7616,36851,0,0,460,0.00,0.00,0.00,0,0.00,0.00,0.00,0.00,0.00,0.00,0.00,0.00,0.00,0.00,0.00,0.00,0.00,0.00,29121.00,0.00,42361.79,0.00,0.00,0.00,0.00,0.00,0.00,0.00,0.00,0.00,0.00,0.00,0.00,0.00,0.00,0.00,0.00,0.00,0.00,0.00,0.00,0.00,0.00,0.00,0.00,0.00,0.00,0.00,0.00,0.00,0.00,0.00,721,3,5,0,0,0,29115.00,0.00,647.00,0.00,29115.00,647.00,0.00,0.00,0.00,0.00,0.00,0.00,0.00,0.00,0.00,0.00,0.00,0.00,0.00,0.00,0.00,0.00,0.00,0.00,0.00,0.00,0.00,0.00,0.00,0.00,0.00,0.00,0.00,0.00,0.00,0.00,0.00,0.00,0.00,0.00,0.00,0.00,0.00,0.00,648.00,0.00,0.00,0.00,0.00,0.00,0.00,0.00,0.00,0.00,0.00,3,2,1,0,0.00,0.00,0.00,0.00,0.00,0.00,0.00,0.00,0.00,0.00,0.00,0.00,0.00,0.00,0.00,0.00,0.00,0.00,0.00,0.00,0.00,0.00,0.00,0.00,0.00,0.00,0.00,0.00,0.00,0.00,0.00,0.00,0.00,0.00,0.00,0.00,0.00,0.00,0.00,0.00,0.00,0.00,0.00,0.00,0.00,0.00,0.00,0.00,0.00,0.00,0.00,0.00,0.00,29121.00,0.00,0.00,0.00,0.00,1995.37
0.49,0.00,0.49,0.00,0.00,0.00,4.93,0.00,0.00,94.09,0.00,314.00,0.00,0.00,0.00,0.00,0.00,0.00,11468.00,0.00,0.00,0.00,0.00,0.00,0.00,0.00,0.00,0.00,685788,1160616,1354932,66.39,47792,545672,3732764,182.91,831488,359752,188,597836,100880,7360,28764,0,0,0,0.00,0,0.00,0,0,0.00,26499,7616,36851,0,0,460,0.00,0.00,0.00,0,0.00,0.00,0.00,0.00,0.00,0.00,0.00,0.00,0.00,0.00,0.00,0.00,0.00,0.00,22823.00,0.00,33195.60,0.00,0.00,0.00,0.00,0.00,0.00,0.00,0.00,1.00,0.00,0.00,0.00,0.00,0.00,0.00,0.00,0.00,0.00,0.00,0.00,0.00,0.00,0.00,0.00,0.00,0.00,0.00,0.00,0.00,0.00,0.00,721,3,5,0,0,0,22815.00,0.00,507.00,0.00,22815.00,507.00,0.00,0.00,0.00,0.00,0.00,0.00,0.00,0.00,0.00,0.00,0.00,0.00,0.00,0.00,0.00,0.00,0.00,0.00,0.00,0.00,0.00,0.00,0.00,0.00,0.00,0.00,0.00,0.00,0.00,0.00,0.00,0.00,0.00,0.00,0.00,0.00,0.00,0.00,506.00,0.00,0.00,0.00,0.00,0.00,0.00,0.00,0.00,0.00,0.00,3,2,1,0,0.00,0.00,0.00,0.00,0.00,0.00,0.00,0.00,0.00,0.00,0.00,0.00,0.00,0.00,0.00,0.00,0.00,0.00,0.00,0.00,0.00,0.00,0.00,0.00,0.00,0.00,0.00,0.00,0.00,0.00,0.00,0.00,0.00,0.00,0.00,0.00,0.00,0.00,0.00,0.00,0.00,0.00,0.00,0.00,0.00,0.00,0.00,0.00,0.00,0.00,0.00,0.00,0.00,22823.00,0.00,0.00,0.00,0.00,1995.37
0.50,0.00,0.00,0.00,0.50,0.00,3.48,0.00,0.00,95.52,0.00,310.00,0.00,0.00,0.00,0.00,0.00,0.00,10516.00,0.00,0.00,0.00,0.00,0.00,0.00,0.00,0.00,0.00,685788,1160616,1354932,66.39,47792,545688,3732764,182.91,831488,359752,204,597836,100880,7360,28764,0,0,0,0.00,0,0.00,0,0,0.00,26499,7616,36851,0,0,460,0.00,0.00,0.00,0,0.00,0.00,0.00,0.00,0.00,0.00,0.00,0.00,0.00,0.00,0.00,0.00,0.00,0.00,20841.00,0.00,30314.64,0.00,0.00,0.00,0.00,0.00,0.00,0.00,0.00,0.00,0.00,0.00,0.00,0.00,0.00,0.00,0.00,0.00,0.00,0.00,0.00,0.00,0.00,0.00,0.00,0.00,0.00,0.00,0.00,0.00,0.00,0.00,721,3,5,0,0,0,20835.00,0.00,463.00,0.00,20835.00,463.00,0.00,0.00,0.00,0.00,0.00,0.00,0.00,0.00,0.00,0.00,0.00,0.00,0.00,0.00,0.00,0.00,0.00,0.00,0.00,0.00,0.00,0.00,0.00,0.00,0.00,0.00,0.00,0.00,0.00,0.00,0.00,0.00,0.00,0.00,0.00,0.00,0.00,0.00,463.00,0.00,0.00,0.00,0.00,0.00,0.00,0.00,0.00,0.00,0.00,3,2,1,0,0.00,0.00,0.00,0.00,0.00,0.00,0.00,0.00,0.00,0.00,0.00,0.00,0.00,0.00,0.00,0.00,0.00,0.00,0.00,0.00,0.00,0.00,0.00,0.00,0.00,0.00,0.00,0.00,0.00,0.00,0.00,0.00,0.00,0.00,0.00,0.00,0.00,0.00,0.00,0.00,0.00,0.00,0.00,0.00,0.00,0.00,0.00,0.00,0.00,0.00,0.00,0.00,0.00,20796.00,0.00,0.00,0.00,0.00,1995.37
0.50,0.00,0.00,2.49,0.00,0.00,4.48,0.00,0.00,92.54,0.00,329.00,0.00,0.00,0.00,12.00,0.00,0.00,12308.00,0.00,0.00,0.00,0.00,2.00,0.00,2.00,0.00,24.00,685724,1160608,1354996,66.40,47800,545700,3732764,182.91,831496,359800,216,597836,100880,7360,28764,0,0,0,0.00,0,0.00,0,0,0.00,26499,7616,36851,0,0,460,0.00,0.00,0.00,0,0.00,0.00,0.00,0.00,0.00,0.00,2.00,0.00,12.00,6.00,0.00,28.00,0.00,0.00,24486.00,0.00,35618.01,0.00,0.00,0.00,0.00,0.00,0.00,0.00,0.00,1.00,0.00,0.00,0.00,0.00,0.00,0.00,0.00,0.00,0.00,0.00,0.00,0.00,0.00,0.00,0.00,0.00,0.00,0.00,0.00,0.00,0.00,0.00,721,3,5,0,0,0,24480.00,0.00,544.00,0.00,24480.00,544.00,0.00,0.00,0.00,0.00,0.00,0.00,0.00,0.00,0.00,0.00,0.00,0.00,0.00,0.00,0.00,0.00,0.00,0.00,0.00,0.00,0.00,0.00,0.00,0.00,0.00,0.00,0.00,0.00,0.00,0.00,0.00,0.00,0.00,0.00,0.00,0.00,0.00,0.00,544.00,0.00,0.00,0.00,0.00,0.00,0.00,0.00,0.00,0.00,0.00,3,2,1,0,0.00,0.00,0.00,0.00,0.00,0.00,0.00,0.00,0.00,0.00,0.00,0.00,0.00,0.00,0.00,0.00,0.00,0.00,0.00,0.00,0.00,0.00,0.00,0.00,0.00,0.00,0.00,0.00,0.00,0.00,0.00,0.00,0.00,0.00,0.00,0.00,0.00,0.00,0.00,0.00,0.00,0.00,0.00,0.00,0.00,0.00,0.00,0.00,0.00,0.00,0.00,0.00,0.00,24486.00,0.00,0.00,0.00,0.00,1995.37
0.50,0.00,0.00,0.00,0.00,0.00,4.46,0.00,0.00,95.05,0.00,301.00,0.00,0.00,0.00,0.00,0.00,0.00,9388.00,0.00,0.00,0.00,0.00,0.00,0.00,0.00,0.00,0.00,685756,1160640,1354964,66.40,47800,545716,3732764,182.91,831496,359800,232,597836,100880,7360,28764,0,0,0,0.00,0,0.00,0,0,0.00,26499,7616,36851,0,0,460,0.00,0.00,0.00,0,0.00,0.00,0.00,0.00,0.00,0.00,0.00,0.00,0.00,0.00,0.00,0.00,0.00,0.00,18680.00,0.00,27171.85,0.00,0.00,0.00,0.00,0.00,0.00,0.00,0.00,0.00,0.00,0.00,0.00,0.00,0.00,0.00,0.00,0.00,0.00,0.00,0.00,0.00,0.00,0.00,0.00,0.00,0.00,0.00,0.00,0.00,0.00,0.00,721,3,5,0,0,0,18675.00,0.00,415.00,0.00,18675.00,415.00,0.00,0.00,0.00,0.00,0.00,0.00,0.00,0.00,0.00,0.00,0.00,0.00,0.00,0.00,0.00,0.00,0.00,0.00,0.00,0.00,0.00,0.00,0.00,0.00,0.00,0.00,0.00,0.00,0.00,0.00,0.00,0.00,0.00,0.00,0.00,0.00,0.00,0.00,415.00,0.00,0.00,0.00,0.00,0.00,0.00,0.00,0.00,0.00,0.00,3,2,1,0,0.00,0.00,0.00,0.00,0.00,0.00,0.00,0.00,0.00,0.00,0.00,0.00,0.00,0.00,0.00,0.00,0.00,0.00,0.00,0.00,0.00,0.00,0.00,0.00,0.00,0.00,0.00,0.00,0.00,0.00,0.00,0.00,0.00,0.00,0.00,0.00,0.00,0.00,0.00,0.00,0.00,0.00,0.00,0.00,0.00,0.00,0.00,0.00,0.00,0.00,0.00,0.00,0.00,18680.00,0.00,0.00,0.00,0.00,1995.37
0.48,0.00,0.48,0.00,0.48,0.00,4.83,0.00,0.00,93.72,0.00,310.89,0.00,0.00,0.00,0.00,0.00,0.00,8043.56,0.00,0.00,0.00,0.00,0.00,0.00,0.00,0.00,0.00,685664,1160548,1355056,66.40,47800,545732,3732764,182.91,831496,359800,248,597836,100880,7360,28764,0,0,0,0.00,0,0.00,0,0,0.00,26499,7616,36851,0,0,460,0.00,0.00,0.00,0,0.00,0.00,0.00,0.00,0.00,0.00,0.00,0.00,0.00,0.00,0.00,0.00,0.00,0.00,16040.59,0.00,23337.19,0.00,0.00,0.00,0.00,0.00,0.00,0.00,0.00,0.99,0.00,0.00,0.00,0.00,0.00,0.00,0.00,0.00,0.00,0.00,0.00,0.00,0.00,0.00,0.00,0.00,0.00,0.00,0.00,0.00,0.00,0.00,721,3,5,0,0,0,16039.60,0.00,356.44,0.00,16039.60,356.44,0.00,0.00,0.00,0.00,0.00,0.00,0.00,0.00,0.00,0.00,0.00,0.00,0.00,0.00,0.00,0.00,0.00,0.00,0.00,0.00,0.00,0.00,0.00,0.00,0.00,0.00,0.00,0.00,0.00,0.00,0.00,0.00,0.00,0.00,0.00,0.00,0.00,0.00,356.44,0.00,0.00,0.00,0.00,0.00,0.00,0.00,0.00,0.00,0.00,3,2,1,0,0.00,0.00,0.00,0.00,0.00,0.00,0.00,0.00,0.00,0.00,0.00,0.00,0.00,0.00,0.00,0.00,0.00,0.00,0.00,0.00,0.00,0.00,0.00,0.00,0.00,0.00,0.00,0.00,0.00,0.00,0.00,0.00,0.00,0.00,0.00,0.00,0.00,0.00,0.00,0.00,0.00,0.00,0.00,0.00,0.00,0.00,0.00,0.00,0.00,0.00,0.00,0.00,0.00,16040.59,0.00,0.00,0.00,0.00,1995.37
0.00,0.00,0.00,0.00,0.00,0.00,4.93,0.00,0.00,95.07,0.00,313.00,0.00,0.00,0.00,0.00,0.00,0.00,8756.00,0.00,0.00,0.00,0.00,0.00,0.00,0.00,0.00,0.00,685664,1160608,1355056,66.40,47800,545748,3732764,182.91,831496,359856,264,597836,100884,7360,28764,0,0,0,0.00,0,0.00,0,0,0.00,26499,7616,36851,0,0,460,0.00,0.00,0.00,0,0.00,0.00,0.00,0.00,0.00,0.00,0.00,0.00,0.00,0.00,0.00,0.00,0.00,0.00,17333.00,0.00,25207.82,0.00,0.00,0.00,0.00,0.00,0.00,0.00,0.00,0.00,0.00,0.00,0.00,0.00,0.00,0.00,0.00,0.00,0.00,0.00,0.00,0.00,0.00,0.00,0.00,0.00,0.00,0.00,0.00,0.00,0.00,0.00,721,3,5,0,0,0,17325.00,0.00,385.00,0.00,17325.00,385.00,0.00,0.00,0.00,0.00,0.00,0.00,0.00,0.00,0.00,0.00,0.00,0.00,0.00,0.00,0.00,0.00,0.00,0.00,0.00,0.00,0.00,0.00,0.00,0.00,0.00,0.00,0.00,0.00,0.00,0.00,0.00,0.00,0.00,0.00,0.00,0.00,0.00,0.00,385.00,0.00,0.00,0.00,0.00,0.00,0.00,0.00,0.00,0.00,0.00,3,2,1,0,0.00,0.00,0.00,0.00,0.00,0.00,0.00,0.00,0.00,0.00,0.00,0.00,0.00,0.00,0.00,0.00,0.00,0.00,0.00,0.00,0.00,0.00,0.00,0.00,0.00,0.00,0.00,0.00,0.00,0.00,0.00,0.00,0.00,0.00,0.00,0.00,0.00,0.00,0.00,0.00,0.00,0.00,0.00,0.00,0.00,0.00,0.00,0.00,0.00,0.00,0.00,0.00,0.00,17333.00,0.00,0.00,0.00,0.00,1995.37
0.00,0.00,0.00,0.00,0.00,0.00,3.54,0.00,0.00,96.46,0.00,309.00,0.00,0.00,0.00,0.00,0.00,0.00,11140.00,0.00,0.00,0.00,0.00,0.00,0.00,0.00,0.00,0.00,685664,1160608,1355056,66.40,47800,545764,3732764,182.91,831496,359856,280,597836,100884,7360,28764,0,0,0,0.00,0,0.00,0,0,0.00,26499,7616,36851,0,0,460,0.00,0.00,0.00,0,0.00,0.00,0.00,0.00,0.00,0.00,0.00,0.00,0.00,0.00,0.00,0.00,0.00,0.00,22284.00,0.00,32409.98,0.00,0.00,0.00,0.00,0.00,0.00,0.00,0.00,1.00,0.00,0.00,0.00,0.00,0.00,0.00,0.00,0.00,0.00,0.00,0.00,0.00,0.00,0.00,0.00,0.00,0.00,0.00,0.00,0.00,0.00,0.00,721,3,5,0,0,0,22304.00,0.00,495.00,0.00,22303.00,495.00,0.00,0.00,0.00,0.00,0.00,0.00,0.00,0.00,0.00,0.00,0.00,0.00,0.00,0.00,0.00,0.00,0.00,0.00,0.00,0.00,0.00,0.00,0.00,0.00,0.00,0.00,0.00,0.00,0.00,0.00,0.00,0.00,0.00,0.00,0.00,0.00,0.00,0.00,496.00,0.00,0.00,0.00,0.00,0.00,0.00,0.00,0.00,0.00,0.00,3,2,1,0,0.00,0.00,0.00,0.00,0.00,0.00,0.00,0.00,0.00,0.00,0.00,0.00,0.00,0.00,0.00,0.00,0.00,0.00,0.00,0.00,0.00,0.00,0.00,0.00,0.00,0.00,0.00,0.00,0.00,0.00,0.00,0.00,0.00,0.00,0.00,0.00,0.00,0.00,0.00,0.00,0.00,0.00,0.00,0.00,0.00,0.00,0.00,0.00,0.00,0.00,0.00,0.00,0.00,22419.00,0.00,0.00,0.00,0.00,1995.37
0.51,0.00,0.51,5.08,0.00,0.00,1.52,0.00,0.00,92.39,0.00,298.00,0.00,0.00,0.00,12.00,0.00,0.00,8724.00,0.00,0.00,0.00,0.00,2.00,0.00,2.00,0.00,24.00,685632,1160576,1355088,66.40,47808,545780,3732764,182.91,831496,359856,296,597836,100884,7360,28764,0,0,0,0.00,0,0.00,0,0,0.00,26499,7616,36851,0,0,460,0.00,0.00,0.00,0,0.00,0.00,0.00,0.00,0.00,0.00,2.00,0.00,12.00,6.00,0.00,54.00,0.00,0.00,17197.00,0.00,25011.34,0.00,0.00,0.00,0.00,0.00,0.00,0.00,0.00,0.00,0.00,0.00,0.00,0.00,0.00,0.00,0.00,0.00,0.00,0.00,0.00,0.00,0.00,0.00,0.00,0.00,0.00,0.00,0.00,0.00,0.00,0.00,721,3,5,0,0,0,17161.00,0.00,382.00,0.00,17162.00,382.00,0.00,0.00,0.00,0.00,0.00,0.00,0.00,0.00,0.00,0.00,0.00,0.00,0.00,0.00,0.00,0.00,0.00,0.00,0.00,0.00,0.00,0.00,0.00,0.00,0.00,0.00,0.00,0.00,0.00,0.00,0.00,0.00,0.00,0.00,0.00,0.00,0.00,0.00,381.00,0.00,0.00,0.00,0.00,0.00,0.00,0.00,0.00,0.00,0.00,3,2,1,0,0.00,0.00,0.00,0.00,0.00,0.00,0.00,0.00,0.00,0.00,0.00,0.00,0.00,0.00,0.00,0.00,0.00,0.00,0.00,0.00,0.00,0.00,0.00,0.00,0.00,0.00,0.00,0.00,0.00,0.00,0.00,0.00,0.00,0.00,0.00,0.00,0.00,0.00,0.00,0.00,0.00,0.00,0.00,0.00,0.00,0.00,0.00,0.00,0.00,0.00,0.00,0.00,0.00,17063.00,0.00,0.00,0.00,0.00,1995.37
0.50,0.00,0.00,0.00,0.50,0.00,3.00,0.00,0.00,96.00,0.00,299.00,0.00,0.00,0.00,0.00,0.00,0.00,10725.00,0.00,0.00,0.00,0.00,0.00,0.00,0.00,0.00,0.00,685664,1160664,1355056,66.40,47808,545796,3732764,182.91,831504,359904,312,597836,100884,7360,28764,0,0,0,0.00,0,0.00,0,0,0.00,26499,7616,36851,0,0,460,0.00,0.00,0.00,0,0.00,0.00,0.00,0.00,0.00,0.00,0.00,0.00,0.00,0.00,0.00,0.00,0.00,0.00,21292.00,0.00,30969.44,0.00,0.00,0.00,0.00,0.00,0.00,0.00,0.00,1.00,0.00,0.00,0.00,0.00,0.00,0.00,0.00,0.00,0.00,0.00,0.00,0.00,0.00,0.00,0.00,0.00,0.00,0.00,0.00,0.00,0.00,0.00,721,3,5,0,0,0,21285.00,0.00,473.00,0.00,21285.00,473.00,0.00,0.00,0.00,0.00,0.00,0.00,0.00,0.00,0.00,0.00,0.00,0.00,0.00,0.00,0.00,0.00,0.00,0.00,0.00,0.00,0.00,0.00,0.00,0.00,0.00,0.00,0.00,0.00,0.00,0.00,0.00,0.00,0.00,0.00,0.00,0.00,0.00,0.00,473.00,0.00,0.00,0.00,0.00,0.00,0.00,0.00,0.00,0.00,0.00,3,2,1,0,0.00,0.00,0.00,0.00,0.00,0.00,0.00,0.00,0.00,0.00,0.00,0.00,0.00,0.00,0.00,0.00,0.00,0.00,0.00,0.00,0.00,0.00,0.00,0.00,0.00,0.00,0.00,0.00,0.00,0.00,0.00,0.00,0.00,0.00,0.00,0.00,0.00,0.00,0.00,0.00,0.00,0.00,0.00,0.00,0.00,0.00,0.00,0.00,0.00,0.00,0.00,0.00,0.00,21291.00,0.00,0.00,0.00,0.00,1995.37
0.00,0.00,0.00,0.00,0.00,0.00,3.98,0.00,0.00,96.02,0.00,306.00,0.00,0.00,0.00,0.00,0.00,0.00,8821.00,0.00,0.00,0.00,0.00,0.00,0.00,0.00,0.00,0.00,685664,1160664,1355056,66.40,47808,545812,3732764,182.91,831504,359904,328,597836,100884,7360,28764,0,0,0,0.00,0,0.00,0,0,0.00,26499,7616,36851,0,0,460,0.00,0.00,0.00,0,0.00,0.00,0.00,0.00,0.00,0.00,0.00,0.00,0.00,0.00,0.00,0.00,0.00,0.00,17511.00,0.00,25469.59,0.00,0.00,0.00,0.00,0.00,0.00,0.00,0.00,0.00,0.00,0.00,0.00,0.00,0.00,0.00,0.00,0.00,0.00,0.00,0.00,0.00,0.00,0.00,0.00,0.00,0.00,0.00,0.00,0.00,0.00,0.00,721,3,5,0,1,0,17540.00,0.00,389.00,0.00,17539.00,389.00,0.00,0.00,0.00,0.00,0.00,0.00,0.00,0.00,0.00,0.00,0.00,0.00,0.00,0.00,0.00,0.00,0.00,0.00,0.00,0.00,0.00,0.00,0.00,0.00,0.00,0.00,0.00,0.00,0.00,0.00,0.00,0.00,0.00,0.00,0.00,0.00,0.00,0.00,390.00,0.00,0.00,0.00,0.00,0.00,0.00,0.00,0.00,0.00,0.00,3,2,1,0,0.00,0.00,0.00,0.00,0.00,0.00,0.00,0.00,0.00,0.00,0.00,0.00,0.00,0.00,0.00,0.00,0.00,0.00,0.00,0.00,0.00,0.00,0.00,0.00,0.00,0.00,0.00,0.00,0.00,0.00,0.00,0.00,0.00,0.00,0.00,0.00,0.00,0.00,0.00,0.00,0.00,0.00,0.00,0.00,0.00,0.00,0.00,0.00,0.00,0.00,0.00,0.00,0.00,17556.00,0.00,0.00,0.00,0.00,1995.37
0.50,0.00,0.00,0.00,0.50,0.00,2.49,0.00,0.00,96.52,0.00,292.00,0.00,0.00,0.00,0.00,0.00,0.00,8052.00,0.00,0.00,0.00,0.00,0.00,0.00,0.00,0.00,0.00,685632,1160632,1355088,66.40,47808,545828,3732764,182.91,831504,359904,344,597836,100884,7360,28764,0,0,0,0.00,0,0.00,0,0,0.00,26499,7616,36851,0,0,460,0.00,0.00,0.00,0,0.00,0.00,0.00,0.00,0.00,0.00,0.00,0.00,0.00,0.00,0.00,0.00,0.00,0.00,16028.00,0.00,23309.08,0.00,0.00,0.00,0.00,0.00,0.00,0.00,0.00,1.00,0.00,0.00,0.00,0.00,0.00,0.00,0.00,0.00,0.00,0.00,0.00,0.00,0.00,0.00,0.00,0.00,0.00,0.00,0.00,0.00,0.00,0.00,721,3,5,0,0,0,15985.00,0.00,356.00,0.00,15986.00,356.00,0.00,0.00,0.00,0.00,0.00,0.00,0.00,0.00,0.00,0.00,0.00,0.00,0.00,0.00,0.00,0.00,0.00,0.00,0.00,0.00,0.00,0.00,0.00,0.00,0.00,0.00,0.00,0.00,0.00,0.00,0.00,0.00,0.00,0.00,0.00,0.00,0.00,0.00,355.00,0.00,0.00,0.00,0.00,0.00,0.00,0.00,0.00,0.00,0.00,3,2,1,0,0.00,0.00,0.00,0.00,0.00,0.00,0.00,0.00,0.00,0.00,0.00,0.00,0.00,0.00,0.00,0.00,0.00,0.00,0.00,0.00,0.00,0.00,0.00,0.00,0.00,0.00,0.00,0.00,0.00,0.00,0.00,0.00,0.00,0.00,0.00,0.00,0.00,0.00,0.00,0.00,0.00,0.00,0.00,0.00,0.00,0.00,0.00,0.00,0.00,0.00,0.00,0.00,0.00,15983.00,0.00,0.00,0.00,0.00,1995.37
0.50,0.00,0.00,0.00,0.00,0.00,2.01,0.00,0.00,97.49,0.00,283.00,0.00,0.00,0.00,0.00,0.00,0.00,5780.00,0.00,0.00,0.00,0.00,0.00,0.00,0.00,0.00,0.00,685600,1160600,1355120,66.40,47808,545840,3732764,182.91,831504,359904,356,597836,100884,7360,28764,0,0,0,0.00,0,0.00,0,0,0.00,26499,7616,36851,0,0,460,0.00,0.00,0.00,0,0.00,0.00,0.00,0.00,0.00,0.00,0.00,0.00,0.00,0.00,0.00,0.00,0.00,0.00,11478.00,0.00,16695.95,0.00,0.00,0.00,0.00,0.00,0.00,0.00,0.00,0.00,0.00,0.00,0.00,0.00,0.00,0.00,0.00,0.00,0.00,0.00,0.00,0.00,0.00,0.00,0.00,0.00,0.00,0.00,0.00,0.00,0.00,0.00,721,3,5,0,0,0,11475.00,0.00,255.00,0.00,11475.00,255.00,0.00,0.00,0.00,0.00,0.00,0.00,0.00,0.00,0.00,0.00,0.00,0.00,0.00,0.00,0.00,0.00,0.00,0.00,0.00,0.00,0.00,0.00,0.00,0.00,0.00,0.00,0.00,0.00,0.00,0.00,0.00,0.00,0.00,0.00,0.00,0.00,0.00,0.00,255.00,0.00,0.00,0.00,0.00,0.00,0.00,0.00,0.00,0.00,0.00,3,2,1,0,0.00,0.00,0.00,0.00,0.00,0.00,0.00,0.00,0.00,0.00,0.00,0.00,0.00,0.00,0.00,0.00,0.00,0.00,0.00,0.00,0.00,0.00,0.00,0.00,0.00,0.00,0.00,0.00,0.00,0.00,0.00,0.00,0.00,0.00,0.00,0.00,0.00,0.00,0.00,0.00,0.00,0.00,0.00,0.00,0.00,0.00,0.00,0.00,0.00,0.00,0.00,0.00,0.00,11523.00,0.00,0.00,0.00,0.00,1995.37
0.00,0.00,0.00,5.03,0.00,0.00,2.01,0.00,0.00,92.96,0.00,296.00,0.00,0.00,0.00,12.00,0.00,0.00,5876.00,0.00,0.00,0.00,0.00,2.00,0.00,2.00,0.00,24.00,685540,1160596,1355180,66.41,47816,545856,3732764,182.91,831504,359960,372,597836,100884,7360,28764,0,0,0,0.00,0,0.00,0,0,0.00,26499,7616,36851,0,0,460,0.00,0.00,0.00,0,0.00,0.00,0.00,0.00,0.00,0.00,2.00,0.00,12.00,6.00,0.00,50.00,0.00,0.00,11705.00,0.00,17023.44,0.00,0.00,0.00,0.00,0.00,0.00,0.00,0.00,1.00,0.00,0.00,0.00,0.00,0.00,0.00,0.00,0.00,0.00,0.00,0.00,0.00,0.00,0.00,0.00,0.00,0.00,0.00,0.00,0.00,0.00,0.00,721,3,5,0,0,0,11700.00,0.00,260.00,0.00,11700.00,260.00,0.00,0.00,0.00,0.00,0.00,0.00,0.00,0.00,0.00,0.00,0.00,0.00,0.00,0.00,0.00,0.00,0.00,0.00,0.00,0.00,0.00,0.00,0.00,0.00,0.00,0.00,0.00,0.00,0.00,0.00,0.00,0.00,0.00,0.00,0.00,0.00,0.00,0.00,260.00,0.00,0.00,0.00,0.00,0.00,0.00,0.00,0.00,0.00,0.00,3,2,1,0,0.00,0.00,0.00,0.00,0.00,0.00,0.00,0.00,0.00,0.00,0.00,0.00,0.00,0.00,0.00,0.00,0.00,0.00,0.00,0.00,0.00,0.00,0.00,0.00,0.00,0.00,0.00,0.00,0.00,0.00,0.00,0.00,0.00,0.00,0.00,0.00,0.00,0.00,0.00,0.00,0.00,0.00,0.00,0.00,0.00,0.00,0.00,0.00,0.00,0.00,0.00,0.00,0.00,11660.00,0.00,0.00,0.00,0.00,1995.37
0.00,0.00,0.00,0.00,0.00,0.00,3.02,0.00,0.00,96.98,0.00,300.00,0.00,0.00,0.00,0.00,2.00,0.00,6284.00,0.00,0.00,0.00,0.00,0.00,0.00,0.00,0.00,0.00,685540,1160624,1355180,66.41,47816,545872,3732764,182.91,831512,359980,388,597836,100884,7360,28764,0,0,0,0.00,0,0.00,0,0,0.00,26499,7616,36851,0,0,460,0.00,0.00,0.00,0,0.00,0.00,0.00,0.00,0.00,0.00,0.00,0.00,0.00,0.00,0.00,0.00,0.00,0.00,12427.00,0.00,18071.13,0.00,0.00,0.00,0.00,0.00,0.00,0.00,0.00,0.00,0.00,0.00,0.00,0.00,0.00,0.00,0.00,0.00,0.00,0.00,0.00,0.00,0.00,0.00,0.00,0.00,0.00,0.00,0.00,0.00,0.00,0.00,721,3,5,0,0,0,12465.00,0.00,277.00,0.00,12465.00,277.00,0.00,0.00,0.00,0.00,0.00,0.00,0.00,0.00,0.00,0.00,0.00,0.00,0.00,0.00,0.00,0.00,0.00,0.00,0.00,0.00,0.00,0.00,0.00,0.00,0.00,0.00,0.00,0.00,0.00,0.00,0.00,0.00,0.00,0.00,0.00,0.00,0.00,0.00,277.00,0.00,0.00,0.00,0.00,0.00,0.00,0.00,0.00,0.00,0.00,3,2,1,0,0.00,0.00,0.00,0.00,0.00,0.00,0.00,0.00,0.00,0.00,0.00,0.00,0.00,0.00,0.00,0.00,0.00,0.00,0.00,0.00,0.00,0.00,0.00,0.00,0.00,0.00,0.00,0.00,0.00,0.00,0.00,0.00,0.00,0.00,0.00,0.00,0.00,0.00,0.00,0.00,0.00,0.00,0.00,0.00,0.00,0.00,0.00,0.00,0.00,0.00,0.00,0.00,0.00,12472.00,0.00,0.00,0.00,0.00,1995.37
0.00,0.00,0.50,0.00,0.50,0.00,1.49,0.00,0.00,97.51,0.00,278.00,0.00,0.00,0.00,0.00,0.00,0.00,4380.00,0.00,0.00,0.00,0.00,0.00,0.00,0.00,0.00,0.00,685540,1160624,1355180,66.41,47816,545888,3732764,182.91,831512,359980,404,597836,100888,7360,28764,0,0,0,0.00,0,0.00,0,0,0.00,26499,7616,36851,0,0,460,0.00,0.00,0.00,0,0.00,0.00,0.00,0.00,0.00,0.00,0.00,0.00,0.00,0.00,0.00,0.00,0.00,0.00,8651.00,0.00,12571.61,0.00,0.00,0.00,0.00,0.00,0.00,0.00,0.00,3.00,0.00,0.00,0.00,0.00,0.00,0.00,0.00,0.00,0.00,0.00,0.00,0.00,0.00,0.00,0.00,0.00,0.00,0.00,0.00,0.00,0.00,0.00,721,3,5,0,0,0,8595.00,0.00,191.00,0.00,8595.00,191.00,0.00,0.00,0.00,0.00,0.00,0.00,0.00,0.00,0.00,0.00,0.00,0.00,0.00,0.00,0.00,0.00,0.00,0.00,0.00,0.00,0.00,0.00,0.00,0.00,0.00,0.00,0.00,0.00,0.00,0.00,0.00,0.00,0.00,0.00,0.00,0.00,0.00,0.00,191.00,0.00,0.00,0.00,0.00,0.00,0.00,0.00,0.00,0.00,0.00,3,2,1,0,0.00,0.00,0.00,0.00,0.00,0.00,0.00,0.00,0.00,0.00,0.00,0.00,0.00,0.00,0.00,0.00,0.00,0.00,0.00,0.00,0.00,0.00,0.00,0.00,0.00,0.00,0.00,0.00,0.00,0.00,0.00,0.00,0.00,0.00,0.00,0.00,0.00,0.00,0.00,0.00,0.00,0.00,0.00,0.00,0.00,0.00,0.00,0.00,0.00,0.00,0.00,0.00,0.00,8606.00,0.00,0.00,0.00,0.00,1995.37
0.50,0.00,0.00,0.00,0.00,0.00,1.01,0.00,0.00,98.49,0.00,282.00,0.00,0.00,0.00,0.00,0.00,0.00,3260.00,0.00,0.00,0.00,0.00,0.00,0.00,0.00,0.00,0.00,685540,1160624,1355180,66.41,47816,545904,3732764,182.91,831512,359980,420,597836,100888,7360,28764,0,0,0,0.00,0,0.00,0,0,0.00,26499,7616,36851,0,0,460,0.00,0.00,0.00,0,0.00,0.00,0.00,0.00,0.00,0.00,0.00,0.00,0.00,0.00,0.00,0.00,0.00,0.00,6484.00,0.00,9428.44,0.00,0.00,0.00,0.00,0.00,0.00,0.00,0.00,0.00,0.00,0.00,0.00,0.00,0.00,0.00,0.00,0.00,0.00,0.00,0.00,0.00,0.00,0.00,0.00,0.00,0.00,0.00,0.00,0.00,0.00,0.00,721,3,5,0,0,0,6480.00,0.00,144.00,0.00,6480.00,144.00,0.00,0.00,0.00,0.00,0.00,0.00,0.00,0.00,0.00,0.00,0.00,0.00,0.00,0.00,0.00,0.00,0.00,0.00,0.00,0.00,0.00,0.00,0.00,0.00,0.00,0.00,0.00,0.00,0.00,0.00,0.00,0.00,0.00,0.00,0.00,0.00,0.00,0.00,144.00,0.00,0.00,0.00,0.00,0.00,0.00,0.00,0.00,0.00,0.00,3,2,1,0,0.00,0.00,0.00,0.00,0.00,0.00,0.00,0.00,0.00,0.00,0.00,0.00,0.00,0.00,0.00,0.00,0.00,0.00,0.00,0.00,0.00,0.00,0.00,0.00,0.00,0.00,0.00,0.00,0.00,0.00,0.00,0.00,0.00,0.00,0.00,0.00,0.00,0.00,0.00,0.00,0.00,0.00,0.00,0.00,0.00,0.00,0.00,0.00,0.00,0.00,0.00,0.00,0.00,6484.00,0.00,0.00,0.00,0.00,1995.37
0.00,0.00,0.51,0.00,0.00,0.00,1.01,0.00,0.00,98.48,0.00,284.00,0.00,0.00,0.00,0.00,0.00,0.00,4212.00,0.00,0.00,0.00,0.00,0.00,0.00,0.00,0.00,0.00,685540,1160624,1355180,66.41,47816,545920,3732764,182.91,831512,359980,436,597836,100888,7360,28764,0,0,0,0.00,0,0.00,0,0,0.00,26499,7616,36851,0,0,460,0.00,0.00,0.00,0,0.00,0.00,0.00,0.00,0.00,0.00,0.00,0.00,0.00,0.00,0.00,0.00,0.00,0.00,8418.00,0.00,12243.75,0.00,0.00,0.00,0.00,0.00,0.00,0.00,0.00,1.00,0.00,0.00,0.00,0.00,0.00,0.00,0.00,0.00,0.00,0.00,0.00,0.00,0.00,0.00,0.00,0.00,0.00,0.00,0.00,0.00,0.00,0.00,721,3,5,0,0,0,8415.00,0.00,187.00,0.00,8415.00,187.00,0.00,0.00,0.00,0.00,0.00,0.00,0.00,0.00,0.00,0.00,0.00,0.00,0.00,0.00,0.00,0.00,0.00,0.00,0.00,0.00,0.00,0.00,0.00,0.00,0.00,0.00,0.00,0.00,0.00,0.00,0.00,0.00,0.00,0.00,0.00,0.00,0.00,0.00,187.00,0.00,0.00,0.00,0.00,0.00,0.00,0.00,0.00,0.00,0.00,3,2,1,0,0.00,0.00,0.00,0.00,0.00,0.00,0.00,0.00,0.00,0.00,0.00,0.00,0.00,0.00,0.00,0.00,0.00,0.00,0.00,0.00,0.00,0.00,0.00,0.00,0.00,0.00,0.00,0.00,0.00,0.00,0.00,0.00,0.00,0.00,0.00,0.00,0.00,0.00,0.00,0.00,0.00,0.00,0.00,0.00,0.00,0.00,0.00,0.00,0.00,0.00,0.00,0.00,0.00,8418.00,0.00,0.00,0.00,0.00,1995.37
0.50,0.00,0.00,1.00,0.00,0.00,1.50,0.00,0.00,97.00,0.00,295.00,0.00,0.00,0.00,12.00,0.00,0.00,3644.00,0.00,0.00,0.00,0.00,2.00,0.00,2.00,0.00,24.00,685604,1160744,1355116,66.40,47824,545936,3732764,182.91,831516,360032,452,597836,100888,7360,28764,0,0,0,0.00,0,0.00,0,0,0.00,26499,7616,36851,0,0,460,0.00,0.00,0.00,0,0.00,0.00,0.00,0.00,0.00,0.00,2.00,0.00,12.00,6.00,0.00,14.00,0.00,0.00,7205.00,0.00,10476.07,0.00,0.00,0.00,0.00,0.00,0.00,0.00,0.00,0.00,0.00,0.00,0.00,0.00,0.00,0.00,0.00,0.00,0.00,0.00,0.00,0.00,0.00,0.00,0.00,0.00,0.00,0.00,0.00,0.00,0.00,0.00,721,3,5,0,0,0,7200.00,0.00,160.00,0.00,7200.00,160.00,0.00,0.00,0.00,0.00,0.00,0.00,0.00,0.00,0.00,0.00,0.00,0.00,0.00,0.00,0.00,0.00,0.00,0.00,0.00,0.00,0.00,0.00,0.00,0.00,0.00,0.00,0.00,0.00,0.00,0.00,0.00,0.00,0.00,0.00,0.00,0.00,0.00,0.00,160.00,0.00,0.00,0.00,0.00,0.00,0.00,0.00,0.00,0.00,0.00,3,2,1,0,0.00,0.00,0.00,0.00,0.00,0.00,0.00,0.00,0.00,0.00,0.00,0.00,0.00,0.00,0.00,0.00,0.00,0.00,0.00,0.00,0.00,0.00,0.00,0.00,0.00,0.00,0.00,0.00,0.00,0.00,0.00,0.00,0.00,0.00,0.00,0.00,0.00,0.00,0.00,0.00,0.00,0.00,0.00,0.00,0.00,0.00,0.00,0.00,0.00,0.00,0.00,0.00,0.00,7205.00,0.00,0.00,0.00,0.00,1995.37
0.00,0.00,0.00,0.00,0.50,0.00,1.01,0.00,0.00,98.49,0.00,277.00,0.00,0.00,0.00,0.00,0.00,0.00,3709.00,0.00,0.00,0.00,0.00,0.00,0.00,0.00,0.00,0.00,685352,1160492,1355368,66.42,47824,545952,3732764,182.91,831516,360032,468,597836,100888,7360,28764,0,0,0,0.00,0,0.00,0,0,0.00,26499,7616,36851,0,0,460,0.00,0.00,0.00,0,0.00,0.00,0.00,0.00,0.00,0.00,0.00,0.00,0.00,0.00,0.00,0.00,0.00,0.00,7343.00,0.00,10672.67,0.00,0.00,0.00,0.00,0.00,0.00,0.00,0.00,1.00,0.00,0.00,0.00,0.00,0.00,0.00,0.00,0.00,0.00,0.00,0.00,0.00,0.00,0.00,0.00,0.00,0.00,0.00,0.00,0.00,0.00,0.00,721,3,5,0,0,0,7335.00,0.00,163.00,0.00,7335.00,163.00,0.00,0.00,0.00,0.00,0.00,0.00,0.00,0.00,0.00,0.00,0.00,0.00,0.00,0.00,0.00,0.00,0.00,0.00,0.00,0.00,0.00,0.00,0.00,0.00,0.00,0.00,0.00,0.00,0.00,0.00,0.00,0.00,0.00,0.00,0.00,0.00,0.00,0.00,163.00,0.00,0.00,0.00,0.00,0.00,0.00,0.00,0.00,0.00,0.00,3,2,1,0,0.00,0.00,0.00,0.00,0.00,0.00,0.00,0.00,0.00,0.00,0.00,0.00,0.00,0.00,0.00,0.00,0.00,0.00,0.00,0.00,0.00,0.00,0.00,0.00,0.00,0.00,0.00,0.00,0.00,0.00,0.00,0.00,0.00,0.00,0.00,0.00,0.00,0.00,0.00,0.00,0.00,0.00,0.00,0.00,0.00,0.00,0.00,0.00,0.00,0.00,0.00,0.00,0.00,7343.00,0.00,0.00,0.00,0.00,1995.37
0.51,0.00,0.51,0.00,0.00,0.00,0.00,0.00,0.00,98.99,0.00,275.00,0.00,0.00,0.00,0.00,11.00,0.00,1574.00,0.00,0.00,0.00,0.00,0.00,0.00,0.00,0.00,0.00,685352,1160492,1355368,66.42,47824,545964,3732764,182.91,831516,360032,480,597852,100888,7360,28764,0,0,0,0.00,0,0.00,0,0,0.00,26499,7616,36851,0,0,460,0.00,0.00,0.00,0,0.00,0.00,0.00,0.00,0.00,0.00,0.00,0.00,0.00,0.00,0.00,0.00,0.00,0.00,3109.00,0.00,4517.92,0.00,0.00,0.00,0.00,0.00,0.00,0.00,0.00,0.00,0.00,0.00,0.00,0.00,0.00,0.00,0.00,0.00,0.00,0.00,0.00,0.00,0.00,0.00,0.00,0.00,0.00,0.00,0.00,0.00,0.00,0.00,721,3,5,0,0,0,3105.00,0.00,69.00,0.00,3105.00,69.00,0.00,0.00,0.00,0.00,0.00,0.00,0.00,0.00,0.00,0.00,0.00,0.00,0.00,0.00,0.00,0.00,0.00,0.00,0.00,0.00,0.00,0.00,0.00,0.00,0.00,0.00,0.00,0.00,0.00,0.00,0.00,0.00,0.00,0.00,0.00,0.00,0.00,0.00,69.00,0.00,0.00,0.00,0.00,0.00,0.00,0.00,0.00,0.00,0.00,3,2,1,0,0.00,0.00,0.00,0.00,0.00,0.00,0.00,0.00,0.00,0.00,0.00,0.00,0.00,0.00,0.00,0.00,0.00,0.00,0.00,0.00,0.00,0.00,0.00,0.00,0.00,0.00,0.00,0.00,0.00,0.00,0.00,0.00,0.00,0.00,0.00,0.00,0.00,0.00,0.00,0.00,0.00,0.00,0.00,0.00,0.00,0.00,0.00,0.00,0.00,0.00,0.00,0.00,0.00,3109.00,0.00,0.00,0.00,0.00,1995.37
0.00,0.00,0.51,0.00,0.00,0.00,0.00,0.00,0.00,99.49,0.00,287.00,0.00,0.00,0.00,0.00,0.00,0.00,1657.00,0.00,0.00,0.00,0.00,0.00,0.00,0.00,0.00,0.00,685352,1160548,1355368,66.42,47824,545980,3732764,182.91,831516,360088,496,597852,100888,7360,28764,0,0,0,0.00,0,0.00,0,0,0.00,26499,7616,36851,0,0,460,0.00,0.00,0.00,0,0.00,0.00,0.00,0.00,0.00,0.00,0.00,0.00,0.00,0.00,0.00,0.00,0.00,0.00,3290.00,0.00,4779.87,0.00,0.00,0.00,0.00,0.00,0.00,0.00,0.00,1.00,0.00,0.00,0.00,0.00,0.00,0.00,0.00,0.00,0.00,0.00,0.00,0.00,0.00,0.00,0.00,0.00,0.00,0.00,0.00,0.00,0.00,0.00,721,3,5,0,0,0,3285.00,0.00,73.00,0.00,3285.00,73.00,0.00,0.00,0.00,0.00,0.00,0.00,0.00,0.00,0.00,0.00,0.00,0.00,0.00,0.00,0.00,0.00,0.00,0.00,0.00,0.00,0.00,0.00,0.00,0.00,0.00,0.00,0.00,0.00,0.00,0.00,0.00,0.00,0.00,0.00,0.00,0.00,0.00,0.00,73.00,0.00,0.00,0.00,0.00,0.00,0.00,0.00,0.00,0.00,0.00,3,2,1,0,0.00,0.00,0.00,0.00,0.00,0.00,0.00,0.00,0.00,0.00,0.00,0.00,0.00,0.00,0.00,0.00,0.00,0.00,0.00,0.00,0.00,0.00,0.00,0.00,0.00,0.00,0.00,0.00,0.00,0.00,0.00,0.00,0.00,0.00,0.00,0.00,0.00,0.00,0.00,0.00,0.00,0.00,0.00,0.00,0.00,0.00,0.00,0.00,0.00,0.00,0.00,0.00,0.00,3290.00,0.00,0.00,0.00,0.00,1995.37
0.50,0.00,0.00,0.00,0.00,0.00,0.00,0.00,0.00,99.50,0.00,145.00,0.00,0.00,0.00,0.00,1.00,0.00,556.00,0.00,0.00,0.00,0.00,0.00,0.00,0.00,0.00,0.00,685352,1160548,1355368,66.42,47824,545996,3732764,182.91,831516,360088,512,597852,100888,7360,28764,0,0,0,0.00,0,0.00,0,0,0.00,26499,7616,36851,0,0,460,0.00,0.00,0.00,0,0.00,0.00,0.00,0.00,0.00,0.00,0.00,0.00,0.00,0.00,0.00,0.00,0.00,0.00,1085.00,0.00,1571.66,0.00,0.00,0.00,0.00,0.00,0.00,0.00,0.00,0.00,0.00,0.00,0.00,0.00,0.00,0.00,0.00,0.00,0.00,0.00,0.00,0.00,0.00,0.00,0.00,0.00,0.00,0.00,0.00,0.00,0.00,0.00,721,3,5,0,0,0,1080.00,0.00,24.00,0.00,1080.00,24.00,0.00,0.00,0.00,0.00,0.00,0.00,0.00,0.00,0.00,0.00,0.00,0.00,0.00,0.00,0.00,0.00,0.00,0.00,0.00,0.00,0.00,0.00,0.00,0.00,0.00,0.00,0.00,0.00,0.00,0.00,0.00,0.00,0.00,0.00,0.00,0.00,0.00,0.00,24.00,0.00,0.00,0.00,0.00,0.00,0.00,0.00,0.00,0.00,0.00,3,2,1,0,0.00,0.00,0.00,0.00,0.00,0.00,0.00,0.00,0.00,0.00,0.00,0.00,0.00,0.00,0.00,0.00,0.00,0.00,0.00,0.00,0.00,0.00,0.00,0.00,0.00,0.00,0.00,0.00,0.00,0.00,0.00,0.00,0.00,0.00,0.00,0.00,0.00,0.00,0.00,0.00,0.00,0.00,0.00,0.00,0.00,0.00,0.00,0.00,0.00,0.00,0.00,0.00,0.00,1085.00,0.00,0.00,0.00,0.00,1995.37
0.00,0.00,0.50,1.00,0.00,0.00,0.50,0.00,0.00,98.00,0.00,103.00,0.00,0.00,0.00,12.00,0.00,0.00,940.00,0.00,0.00,0.00,0.00,2.00,0.00,2.00,0.00,24.00,685352,1160548,1355368,66.42,47832,546012,3732764,182.91,831516,360088,528,597852,100888,7360,28764,0,0,0,0.00,0,0.00,0,0,0.00,26499,7616,36851,0,0,460,0.00,0.00,0.00,0,0.00,0.00,0.00,0.00,0.00,0.00,2.00,0.00,12.00,6.00,0.00,12.00,0.00,0.00,1851.00,0.00,2685.06,0.00,0.00,0.00,0.00,0.00,0.00,0.00,0.00,1.00,0.00,0.00,0.00,0.00,0.00,0.00,0.00,0.00,0.00,0.00,0.00,0.00,0.00,0.00,0.00,0.00,0.00,0.00,0.00,0.00,0.00,0.00,721,3,5,0,0,0,1846.00,0.00,42.00,0.00,1845.00,41.00,0.00,0.00,0.00,0.00,0.00,0.00,0.00,0.00,0.00,0.00,0.00,0.00,0.00,0.00,0.00,0.00,0.00,0.00,0.00,0.00,0.00,0.00,0.00,0.00,0.00,0.00,0.00,0.00,0.00,0.00,0.00,0.00,0.00,0.00,0.00,0.00,0.00,0.00,41.00,0.00,0.00,0.00,0.00,0.00,0.00,0.00,0.00,0.00,0.00,3,2,1,0,0.00,0.00,0.00,0.00,0.00,0.00,0.00,0.00,0.00,0.00,0.00,0.00,0.00,0.00,0.00,0.00,0.00,0.00,0.00,0.00,0.00,0.00,0.00,0.00,0.00,0.00,0.00,0.00,0.00,0.00,0.00,0.00,0.00,0.00,0.00,0.00,0.00,0.00,0.00,0.00,0.00,0.00,0.00,0.00,0.00,0.00,0.00,0.00,0.00,0.00,0.00,0.00,0.00,1851.00,0.00,0.00,0.00,0.00,1995.37
0.00,0.00,0.50,0.00,0.00,0.00,0.00,0.00,0.00,99.50,0.00,47.00,0.00,0.00,0.00,504.00,0.00,0.00,44.00,0.00,0.00,0.00,0.00,2.00,0.00,2.00,0.00,1008.00,685480,1160680,1355240,66.41,47832,546012,3732764,182.91,831536,360088,24,597852,100888,7360,28764,0,0,0,0.00,0,0.00,0,0,0.00,26499,7616,36851,0,0,460,0.00,0.00,0.00,0,0.00,0.00,0.00,0.00,0.00,0.00,2.00,0.00,504.00,252.00,0.00,36.00,0.00,0.00,93.00,0.00,131.12,0.00,0.00,0.00,0.00,0.00,0.00,0.00,0.00,0.00,0.00,0.00,0.00,0.00,0.00,0.00,0.00,0.00,0.00,0.00,0.00,0.00,0.00,0.00,0.00,0.00,0.00,0.00,0.00,0.00,0.00,0.00,721,3,5,0,0,0,90.00,0.00,2.00,0.00,90.00,2.00,0.00,0.00,0.00,0.00,0.00,0.00,0.00,0.00,0.00,0.00,0.00,0.00,0.00,0.00,0.00,0.00,0.00,0.00,0.00,0.00,0.00,0.00,0.00,0.00,0.00,0.00,0.00,0.00,0.00,0.00,0.00,0.00,0.00,0.00,0.00,0.00,0.00,0.00,2.00,0.00,0.00,0.00,0.00,0.00,0.00,0.00,0.00,0.00,0.00,3,2,1,0,0.00,0.00,0.00,0.00,0.00,0.00,0.00,0.00,0.00,0.00,0.00,0.00,0.00,0.00,0.00,0.00,0.00,0.00,0.00,0.00,0.00,0.00,0.00,0.00,0.00,0.00,0.00,0.00,0.00,0.00,0.00,0.00,0.00,0.00,0.00,0.00,0.00,0.00,0.00,0.00,0.00,0.00,0.00,0.00,0.00,0.00,0.00,0.00,0.00,0.00,0.00,0.00,0.00,93.00,0.00,0.00,0.00,0.00,1995.37
0.00,0.00,0.00,0.00,0.00,0.00,0.50,0.00,0.00,99.50,0.00,77.00,0.00,0.00,0.00,0.00,0.00,0.00,2748.00,0.00,0.00,0.00,0.00,0.00,0.00,0.00,0.00,0.00,685352,1160552,1355368,66.42,47832,546012,3732764,182.91,831536,360088,24,597852,100888,7360,28764,0,0,0,0.00,0,0.00,0,0,0.00,26499,7616,36851,0,0,460,0.00,0.00,0.00,0,0.00,0.00,0.00,0.00,0.00,0.00,0.00,0.00,0.00,0.00,0.00,0.00,0.00,0.00,5449.00,0.00,7922.54,0.00,0.00,0.00,0.00,0.00,0.00,0.00,0.00,1.00,0.00,0.00,0.00,0.00,0.00,0.00,0.00,0.00,0.00,0.00,0.00,0.00,0.00,0.00,0.00,0.00,0.00,0.00,0.00,0.00,0.00,0.00,721,3,5,0,0,0,5445.00,0.00,121.00,0.00,5445.00,121.00,0.00,0.00,0.00,0.00,0.00,0.00,0.00,0.00,0.00,0.00,0.00,0.00,0.00,0.00,0.00,0.00,0.00,0.00,0.00,0.00,0.00,0.00,0.00,0.00,0.00,0.00,0.00,0.00,0.00,0.00,0.00,0.00,0.00,0.00,0.00,0.00,0.00,0.00,121.00,0.00,0.00,0.00,0.00,0.00,0.00,0.00,0.00,0.00,0.00,3,2,1,0,0.00,0.00,0.00,0.00,0.00,0.00,0.00,0.00,0.00,0.00,0.00,0.00,0.00,0.00,0.00,0.00,0.00,0.00,0.00,0.00,0.00,0.00,0.00,0.00,0.00,0.00,0.00,0.00,0.00,0.00,0.00,0.00,0.00,0.00,0.00,0.00,0.00,0.00,0.00,0.00,0.00,0.00,0.00,0.00,0.00,0.00,0.00,0.00,0.00,0.00,0.00,0.00,0.00,5449.00,0.00,0.00,0.00,0.00,1995.37
0.50,0.00,0.00,0.00,0.00,0.00,0.00,0.00,0.00,99.50,0.00,65.00,0.00,0.00,0.00,0.00,0.00,0.00,484.00,0.00,0.00,0.00,0.00,0.00,0.00,0.00,0.00,0.00,685352,1160612,1355368,66.42,47832,546060,3732764,182.91,831544,360136,76,597852,100892,7360,28764,0,0,0,0.00,0,0.00,0,0,0.00,26499,7616,36851,0,0,460,0.00,0.00,0.00,0,0.00,0.00,0.00,0.00,0.00,0.00,0.00,0.00,0.00,0.00,0.00,0.00,0.00,0.00,948.00,0.00,1375.12,0.00,0.00,0.00,0.00,0.00,0.00,0.00,0.00,0.00,0.00,0.00,0.00,0.00,0.00,0.00,0.00,0.00,0.00,0.00,0.00,0.00,0.00,0.00,0.00,0.00,0.00,0.00,0.00,0.00,0.00,0.00,721,3,5,0,0,0,945.00,0.00,21.00,0.00,945.00,21.00,0.00,0.00,0.00,0.00,0.00,0.00,0.00,0.00,0.00,0.00,0.00,0.00,0.00,0.00,0.00,0.00,0.00,0.00,0.00,0.00,0.00,0.00,0.00,0.00,0.00,0.00,0.00,0.00,0.00,0.00,0.00,0.00,0.00,0.00,0.00,0.00,0.00,0.00,21.00,0.00,0.00,0.00,0.00,0.00,0.00,0.00,0.00,0.00,0.00,3,2,1,0,0.00,0.00,0.00,0.00,0.00,0.00,0.00,0.00,0.00,0.00,0.00,0.00,0.00,0.00,0.00,0.00,0.00,0.00,0.00,0.00,0.00,0.00,0.00,0.00,0.00,0.00,0.00,0.00,0.00,0.00,0.00,0.00,0.00,0.00,0.00,0.00,0.00,0.00,0.00,0.00,0.00,0.00,0.00,0.00,0.00,0.00,0.00,0.00,0.00,0.00,0.00,0.00,0.00,948.00,0.00,0.00,0.00,0.00,1995.37
0.00,0.00,0.00,0.00,0.00,0.00,0.00,0.00,0.00,100.00,0.00,27.00,0.00,0.00,0.00,0.00,0.00,0.00,3.00,0.00,0.00,0.00,0.00,0.00,0.00,0.00,0.00,0.00,685228,1160488,1355492,66.42,47832,546076,3732764,182.91,831544,360136,92,597852,100892,7360,28764,0,0,0,0.00,0,0.00,0,0,0.00,26499,7616,36851,0,0,460,0.00,0.00,0.00,0,0.00,0.00,0.00,0.00,0.00,0.00,0.00,0.00,0.00,0.00,0.00,0.00,0.00,0.00,3.00,0.00,0.18,0.00,0.00,0.00,0.00,0.00,0.00,0.00,0.00,1.00,0.00,0.00,0.00,0.00,0.00,0.00,0.00,0.00,0.00,0.00,0.00,0.00,0.00,0.00,0.00,0.00,0.00,0.00,0.00,0.00,0.00,0.00,721,3,5,0,0,0,0.00,0.00,0.00,0.00,0.00,0.00,0.00,0.00,0.00,0.00,0.00,0.00,0.00,0.00,0.00,0.00,0.00,0.00,0.00,0.00,0.00,0.00,0.00,0.00,0.00,0.00,0.00,0.00,0.00,0.00,0.00,0.00,0.00,0.00,0.00,0.00,0.00,0.00,0.00,0.00,0.00,0.00,0.00,0.00,0.00,0.00,0.00,0.00,0.00,0.00,0.00,0.00,0.00,0.00,0.00,3,2,1,0,0.00,0.00,0.00,0.00,0.00,0.00,0.00,0.00,0.00,0.00,0.00,0.00,0.00,0.00,0.00,0.00,0.00,0.00,0.00,0.00,0.00,0.00,0.00,0.00,0.00,0.00,0.00,0.00,0.00,0.00,0.00,0.00,0.00,0.00,0.00,0.00,0.00,0.00,0.00,0.00,0.00,0.00,0.00,0.00,0.00,0.00,0.00,0.00,0.00,0.00,0.00,0.00,0.00,3.00,0.00,0.00,0.00,0.00,1995.37
0.50,0.00,0.50,2.50,0.00,0.00,0.00,0.00,0.00,96.50,0.00,54.00,0.00,0.00,0.00,20.00,0.00,0.00,1099.00,0.00,0.00,0.00,0.00,2.00,0.00,2.00,0.00,40.00,685228,1160488,1355492,66.42,47840,546068,3732764,182.91,831544,360136,92,597852,100892,7360,28764,0,0,0,0.00,0,0.00,0,0,0.00,26499,7616,36851,0,0,460,0.00,0.00,0.00,0,0.00,0.00,0.00,0.00,0.00,0.00,2.00,0.00,20.00,10.00,0.00,26.00,0.00,0.00,2164.00,0.00,3142.97,0.00,0.00,0.00,0.00,0.00,0.00,0.00,0.00,0.00,0.00,0.00,0.00,0.00,0.00,0.00,0.00,0.00,0.00,0.00,0.00,0.00,0.00,0.00,0.00,0.00,0.00,0.00,0.00,0.00,0.00,0.00,721,3,5,0,0,0,2160.00,0.00,48.00,0.00,2160.00,48.00,0.00,0.00,0.00,0.00,0.00,0.00,0.00,0.00,0.00,0.00,0.00,0.00,0.00,0.00,0.00,0.00,0.00,0.00,0.00,0.00,0.00,0.00,0.00,0.00,0.00,0.00,0.00,0.00,0.00,0.00,0.00,0.00,0.00,0.00,0.00,0.00,0.00,0.00,48.00,0.00,0.00,0.00,0.00,0.00,0.00,0.00,0.00,0.00,0.00,3,2,1,0,0.00,0.00,0.00,0.00,0.00,0.00,0.00,0.00,0.00,0.00,0.00,0.00,0.00,0.00,0.00,0.00,0.00,0.00,0.00,0.00,0.00,0.00,0.00,0.00,0.00,0.00,0.00,0.00,0.00,0.00,0.00,0.00,0.00,0.00,0.00,0.00,0.00,0.00,0.00,0.00,0.00,0.00,0.00,0.00,0.00,0.00,0.00,0.00,0.00,0.00,0.00,0.00,0.00,2164.00,0.00,0.00,0.00,0.00,1995.37
1.00,0.00,0.50,0.00,0.00,0.00,0.00,0.00,0.00,98.50,0.00,73.00,0.00,0.00,0.00,44.00,5.00,0.00,10.00,0.00,0.00,0.00,0.00,10.00,0.00,10.00,0.00,88.00,685228,1160544,1355492,66.42,47840,546104,3732764,182.91,831524,360192,80,597832,100892,7360,28764,0,0,0,0.00,0,0.00,0,0,0.00,26499,7616,36851,0,0,460,0.00,0.00,0.00,0,0.00,0.00,0.00,0.00,0.00,0.00,10.00,0.00,44.00,4.40,0.84,95.60,11.20,11.20,6.00,0.00,0.35,0.00,0.00,0.00,0.00,0.00,0.00,0.00,0.00,1.00,0.00,0.00,0.00,0.00,0.00,0.00,0.00,0.00,0.00,0.00,0.00,0.00,0.00,0.00,0.00,0.00,0.00,0.00,0.00,0.00,0.00,0.00,721,3,5,0,0,0,0.00,0.00,0.00,0.00,0.00,0.00,0.00,0.00,0.00,0.00,0.00,0.00,0.00,0.00,0.00,0.00,0.00,0.00,0.00,0.00,0.00,0.00,0.00,0.00,0.00,0.00,0.00,0.00,0.00,0.00,0.00,0.00,0.00,0.00,0.00,0.00,0.00,0.00,0.00,0.00,0.00,0.00,0.00,0.00,0.00,0.00,0.00,0.00,0.00,0.00,0.00,0.00,0.00,0.00,0.00,3,2,1,0,0.00,0.00,0.00,0.00,0.00,0.00,0.00,0.00,0.00,0.00,0.00,0.00,0.00,0.00,0.00,0.00,0.00,0.00,0.00,0.00,0.00,0.00,0.00,0.00,0.00,0.00,0.00,0.00,0.00,0.00,0.00,0.00,0.00,0.00,0.00,0.00,0.00,0.00,0.00,0.00,0.00,0.00,0.00,0.00,0.00,0.00,0.00,0.00,0.00,0.00,0.00,0.00,0.00,6.00,0.00,0.00,0.00,0.00,1995.37
0.00,0.00,0.00,0.00,0.00,0.00,0.00,0.00,0.00,100.00,0.00,34.00,0.00,0.00,0.00,0.00,0.00,0.00,5.00,0.00,0.00,0.00,0.00,0.00,0.00,0.00,0.00,0.00,685228,1160544,1355492,66.42,47840,546120,3732764,182.91,831524,360192,96,597832,100892,7360,28764,0,0,0,0.00,0,0.00,0,0,0.00,26499,7616,36851,0,0,460,0.00,0.00,0.00,0,0.00,0.00,0.00,0.00,0.00,0.00,0.00,0.00,0.00,0.00,0.00,0.00,0.00,0.00,5.00,1.00,0.29,0.04,0.00,0.00,0.00,0.00,0.00,0.00,0.00,0.00,0.00,0.00,0.00,0.00,0.00,0.00,0.00,0.00,0.00,0.00,0.00,0.00,0.00,0.00,0.00,0.00,0.00,0.00,0.00,0.00,0.00,0.00,721,3,5,0,0,0,0.00,0.00,0.00,0.00,0.00,0.00,0.00,0.00,0.00,0.00,0.00,0.00,0.00,0.00,0.00,0.00,0.00,0.00,0.00,0.00,0.00,0.00,0.00,0.00,0.00,0.00,0.00,0.00,0.00,0.00,0.00,0.00,0.00,0.00,0.00,0.00,0.00,0.00,0.00,0.00,0.00,0.00,0.00,0.00,0.00,0.00,0.00,0.00,0.00,0.00,0.00,0.00,0.00,0.00,0.00,3,2,1,0,0.00,0.00,0.00,0.00,0.00,0.00,0.00,0.00,0.00,0.00,0.00,0.00,0.00,0.00,0.00,0.00,0.00,0.00,0.00,0.00,0.00,0.00,0.00,0.00,0.00,0.00,0.00,0.00,0.00,0.00,0.00,0.00,0.00,0.00,0.00,0.00,0.00,0.00,0.00,0.00,0.00,0.00,0.00,0.00,0.00,0.00,0.00,0.00,0.00,0.00,0.00,0.00,0.00,5.00,0.00,0.00,0.00,0.00,1995.37
0.50,0.00,0.00,0.00,0.00,0.00,0.00,0.00,0.00,99.50,0.00,30.00,0.00,0.00,0.00,0.00,0.00,0.00,12.00,0.00,0.00,0.00,0.00,0.00,0.00,0.00,0.00,0.00,685384,1160756,1355336,66.41,47840,546136,3732764,182.91,831528,360244,112,597832,100892,7360,28764,0,0,0,0.00,0,0.00,0,0,0.00,26499,7616,36851,0,0,460,0.00,0.00,0.00,0,0.00,0.00,0.00,0.00,0.00,0.00,0.00,0.00,0.00,0.00,0.00,0.00,0.00,0.00,6.00,0.00,0.35,0.00,0.00,0.00,0.00,0.00,0.00,0.00,0.00,1.00,0.00,0.00,0.00,0.00,0.00,0.00,0.00,0.00,0.00,0.00,0.00,0.00,0.00,0.00,0.00,0.00,0.00,0.00,0.00,0.00,0.00,0.00,721,3,5,0,0,0,0.00,0.00,0.00,0.00,0.00,0.00,0.00,0.00,0.00,0.00,0.00,0.00,0.00,0.00,0.00,0.00,0.00,0.00,0.00,0.00,0.00,0.00,0.00,0.00,0.00,0.00,0.00,0.00,0.00,0.00,0.00,0.00,0.00,0.00,0.00,0.00,0.00,0.00,0.00,0.00,0.00,0.00,0.00,0.00,0.00,0.00,0.00,0.00,0.00,0.00,0.00,0.00,0.00,0.00,0.00,3,2,1,0,0.00,0.00,0.00,0.00,0.00,0.00,0.00,0.00,0.00,0.00,0.00,0.00,0.00,0.00,0.00,0.00,0.00,0.00,0.00,0.00,0.00,0.00,0.00,0.00,0.00,0.00,0.00,0.00,0.00,0.00,0.00,0.00,0.00,0.00,0.00,0.00,0.00,0.00,0.00,0.00,0.00,0.00,0.00,0.00,0.00,0.00,0.00,0.00,0.00,0.00,0.00,0.00,0.00,8.00,0.00,0.00,0.00,0.00,1995.37
0.50,0.00,0.50,0.00,0.00,0.00,0.00,0.00,0.00,99.00,0.00,36.00,0.00,0.00,0.00,0.00,0.00,0.00,28.00,0.00,0.00,0.00,0.00,0.00,0.00,0.00,0.00,0.00,685448,1160820,1355272,66.41,47840,546152,3732764,182.91,831528,360244,128,597832,100892,7360,28764,0,0,0,0.00,0,0.00,0,0,0.00,26499,7616,36851,0,0,460,0.00,0.00,0.00,0,0.00,0.00,0.00,0.00,0.00,0.00,0.00,0.00,0.00,0.00,0.00,0.00,0.00,0.00,51.00,0.00,65.87,0.00,0.00,0.00,0.00,0.00,0.00,0.00,0.00,0.00,0.00,0.00,0.00,0.00,0.00,0.00,0.00,0.00,0.00,0.00,0.00,0.00,0.00,0.00,0.00,0.00,0.00,0.00,0.00,0.00,0.00,0.00,721,3,5,0,0,0,48.00,0.00,2.00,0.00,45.00,1.00,0.00,0.00,0.00,0.00,0.00,0.00,0.00,0.00,0.00,0.00,0.00,0.00,0.00,0.00,0.00,0.00,0.00,0.00,0.00,0.00,0.00,0.00,0.00,0.00,0.00,0.00,0.00,0.00,0.00,0.00,0.00,0.00,0.00,0.00,0.00,0.00,0.00,0.00,1.00,0.00,0.00,0.00,0.00,0.00,0.00,0.00,0.00,0.00,0.00,3,2,1,0,0.00,0.00,0.00,0.00,0.00,0.00,0.00,0.00,0.00,0.00,0.00,0.00,0.00,0.00,0.00,0.00,0.00,0.00,0.00,0.00,0.00,0.00,0.00,0.00,0.00,0.00,0.00,0.00,0.00,0.00,0.00,0.00,0.00,0.00,0.00,0.00,0.00,0.00,0.00,0.00,0.00,0.00,0.00,0.00,0.00,0.00,0.00,0.00,0.00,0.00,0.00,0.00,0.00,49.00,0.00,0.00,0.00,0.00,1995.37
0.00,0.00,0.50,1.51,0.00,0.00,0.00,0.00,0.00,97.99,0.00,64.00,0.00,0.00,0.00,12.00,0.00,0.00,1412.00,0.00,0.00,0.00,0.00,2.00,0.00,2.00,0.00,24.00,685352,1160724,1355368,66.42,47848,546168,3732764,182.91,831528,360244,148,597832,100896,7360,28764,0,0,0,0.00,0,0.00,0,0,0.00,26499,7616,36851,0,0,460,0.00,0.00,0.00,0,0.00,0.00,0.00,0.00,0.00,0.00,2.00,0.00,12.00,6.00,0.00,14.00,0.00,0.00,2798.00,0.00,4059.90,0.00,0.00,0.00,0.00,0.00,0.00,0.00,0.00,1.00,0.00,0.00,0.00,0.00,0.00,0.00,0.00,0.00,0.00,0.00,0.00,0.00,0.00,0.00,0.00,0.00,0.00,0.00,0.00,0.00,0.00,0.00,721,3,5,0,0,0,2792.00,0.00,64.00,0.00,2790.00,62.00,0.00,0.00,0.00,0.00,0.00,0.00,0.00,0.00,0.00,0.00,0.00,0.00,0.00,0.00,0.00,0.00,0.00,0.00,0.00,0.00,0.00,0.00,0.00,0.00,0.00,0.00,0.00,0.00,0.00,0.00,0.00,0.00,0.00,0.00,0.00,0.00,0.00,0.00,62.00,0.00,0.00,0.00,0.00,0.00,0.00,0.00,0.00,0.00,0.00,3,2,1,0,0.00,0.00,0.00,0.00,0.00,0.00,0.00,0.00,0.00,0.00,0.00,0.00,0.00,0.00,0.00,0.00,0.00,0.00,0.00,0.00,0.00,0.00,0.00,0.00,0.00,0.00,0.00,0.00,0.00,0.00,0.00,0.00,0.00,0.00,0.00,0.00,0.00,0.00,0.00,0.00,0.00,0.00,0.00,0.00,0.00,0.00,0.00,0.00,0.00,0.00,0.00,0.00,0.00,2798.00,0.00,0.00,0.00,0.00,1995.37
0.50,0.00,0.00,0.00,0.00,0.00,0.00,0.00,0.00,99.50,0.00,37.00,0.00,0.00,0.00,0.00,0.00,0.00,4.00,0.00,0.00,0.00,0.00,0.00,0.00,0.00,0.00,0.00,685228,1160656,1355492,66.42,47848,546184,3732764,182.91,831536,360292,164,597832,100896,7360,28764,0,0,0,0.00,0,0.00,0,0,0.00,26499,7616,36851,0,0,460,0.00,0.00,0.00,0,0.00,0.00,0.00,0.00,0.00,0.00,0.00,0.00,0.00,0.00,0.00,0.00,0.00,0.00,2.00,0.00,0.12,0.00,0.00,0.00,0.00,0.00,0.00,0.00,0.00,0.00,0.00,0.00,0.00,0.00,0.00,0.00,0.00,0.00,0.00,0.00,0.00,0.00,0.00,0.00,0.00,0.00,0.00,0.00,0.00,0.00,0.00,0.00,721,3,5,0,0,0,0.00,0.00,0.00,0.00,0.00,0.00,0.00,0.00,0.00,0.00,0.00,0.00,0.00,0.00,0.00,0.00,0.00,0.00,0.00,0.00,0.00,0.00,0.00,0.00,0.00,0.00,0.00,0.00,0.00,0.00,0.00,0.00,0.00,0.00,0.00,0.00,0.00,0.00,0.00,0.00,0.00,0.00,0.00,0.00,0.00,0.00,0.00,0.00,0.00,0.00,0.00,0.00,0.00,0.00,0.00,3,2,1,0,0.00,0.00,0.00,0.00,0.00,0.00,0.00,0.00,0.00,0.00,0.00,0.00,0.00,0.00,0.00,0.00,0.00,0.00,0.00,0.00,0.00,0.00,0.00,0.00,0.00,0.00,0.00,0.00,0.00,0.00,0.00,0.00,0.00,0.00,0.00,0.00,0.00,0.00,0.00,0.00,0.00,0.00,0.00,0.00,0.00,0.00,0.00,0.00,0.00,0.00,0.00,0.00,0.00,2.00,0.00,0.00,0.00,0.00,1995.37
0.50,0.00,0.00,0.00,0.00,0.00,1.00,0.00,0.00,98.51,0.00,71.00,0.00,0.00,0.00,0.00,0.00,0.00,1547.00,0.00,0.00,0.00,0.00,0.00,0.00,0.00,0.00,0.00,685356,1160784,1355364,66.42,47848,546200,3732764,182.91,831536,360292,180,597832,100896,7360,28764,0,0,0,0.00,0,0.00,0,0,0.00,26499,7616,36851,0,0,460,0.00,0.00,0.00,0,0.00,0.00,0.00,0.00,0.00,0.00,0.00,0.00,0.00,0.00,0.00,0.00,0.00,0.00,3065.00,0.00,4452.50,0.00,0.00,0.00,0.00,0.00,0.00,0.00,0.00,1.00,0.00,0.00,0.00,0.00,0.00,0.00,0.00,0.00,0.00,0.00,0.00,0.00,0.00,0.00,0.00,0.00,0.00,0.00,0.00,0.00,0.00,0.00,721,3,5,0,0,0,3060.00,0.00,68.00,0.00,3060.00,68.00,0.00,0.00,0.00,0.00,0.00,0.00,0.00,0.00,0.00,0.00,0.00,0.00,0.00,0.00,0.00,0.00,0.00,0.00,0.00,0.00,0.00,0.00,0.00,0.00,0.00,0.00,0.00,0.00,0.00,0.00,0.00,0.00,0.00,0.00,0.00,0.00,0.00,0.00,68.00,0.00,0.00,0.00,0.00,0.00,0.00,0.00,0.00,0.00,0.00,3,2,1,0,0.00,0.00,0.00,0.00,0.00,0.00,0.00,0.00,0.00,0.00,0.00,0.00,0.00,0.00,0.00,0.00,0.00,0.00,0.00,0.00,0.00,0.00,0.00,0.00,0.00,0.00,0.00,0.00,0.00,0.00,0.00,0.00,0.00,0.00,0.00,0.00,0.00,0.00,0.00,0.00,0.00,0.00,0.00,0.00,0.00,0.00,0.00,0.00,0.00,0.00,0.00,0.00,0.00,3065.00,0.00,0.00,0.00,0.00,1995.37
0.50,0.00,0.00,0.00,0.00,0.00,0.50,0.00,0.00,99.00,0.00,62.00,0.00,0.00,0.00,0.00,0.00,0.00,1540.00,0.00,0.00,0.00,0.00,0.00,0.00,0.00,0.00,0.00,685292,1160720,1355428,66.42,47848,546216,3732764,182.91,831536,360292,196,597832,100896,7360,28764,0,0,0,0.00,0,0.00,0,0,0.00,26499,7616,36851,0,0,460,0.00,0.00,0.00,0,0.00,0.00,0.00,0.00,0.00,0.00,0.00,0.00,0.00,0.00,0.00,0.00,0.00,0.00,3063.00,0.00,4452.69,0.00,0.00,0.00,0.00,0.00,0.00,0.00,0.00,1.00,0.00,0.00,0.00,0.00,0.00,0.00,0.00,0.00,0.00,0.00,0.00,0.00,0.00,0.00,0.00,0.00,0.00,0.00,0.00,0.00,0.00,0.00,721,3,5,0,0,0,3060.00,0.00,68.00,0.00,3060.00,68.00,0.00,0.00,0.00,0.00,0.00,0.00,0.00,0.00,0.00,0.00,0.00,0.00,0.00,0.00,0.00,0.00,0.00,0.00,0.00,0.00,0.00,0.00,0.00,0.00,0.00,0.00,0.00,0.00,0.00,0.00,0.00,0.00,0.00,0.00,0.00,0.00,0.00,0.00,68.00,0.00,0.00,0.00,0.00,0.00,0.00,0.00,0.00,0.00,0.00,3,2,1,0,0.00,0.00,0.00,0.00,0.00,0.00,0.00,0.00,0.00,0.00,0.00,0.00,0.00,0.00,0.00,0.00,0.00,0.00,0.00,0.00,0.00,0.00,0.00,0.00,0.00,0.00,0.00,0.00,0.00,0.00,0.00,0.00,0.00,0.00,0.00,0.00,0.00,0.00,0.00,0.00,0.00,0.00,0.00,0.00,0.00,0.00,0.00,0.00,0.00,0.00,0.00,0.00,0.00,3063.00,0.00,0.00,0.00,0.00,1995.37
0.00,0.00,0.50,0.00,0.00,0.00,1.00,0.00,0.00,98.51,0.00,48.00,0.00,0.00,0.00,0.00,0.00,0.00,1348.00,0.00,0.00,0.00,0.00,0.00,0.00,0.00,0.00,0.00,685292,1160720,1355428,66.42,47848,546216,3732764,182.91,831536,360292,196,597832,100896,7360,28764,0,0,0,0.00,0,0.00,0,0,0.00,26499,7616,36851,0,0,460,0.00,0.00,0.00,0,0.00,0.00,0.00,0.00,0.00,0.00,0.00,0.00,0.00,0.00,0.00,0.00,0.00,0.00,2656.00,0.00,3863.00,0.00,0.00,0.00,0.00,0.00,0.00,0.00,0.00,1.00,0.00,0.00,0.00,0.00,0.00,0.00,0.00,0.00,0.00,0.00,0.00,0.00,0.00,0.00,0.00,0.00,0.00,0.00,0.00,0.00,0.00,0.00,721,3,5,0,0,0,2655.00,0.00,59.00,0.00,2655.00,59.00,0.00,0.00,0.00,0.00,0.00,0.00,0.00,0.00,0.00,0.00,0.00,0.00,0.00,0.00,0.00,0.00,0.00,0.00,0.00,0.00,0.00,0.00,0.00,0.00,0.00,0.00,0.00,0.00,0.00,0.00,0.00,0.00,0.00,0.00,0.00,0.00,0.00,0.00,59.00,0.00,0.00,0.00,0.00,0.00,0.00,0.00,0.00,0.00,0.00,3,2,1,0,0.00,0.00,0.00,0.00,0.00,0.00,0.00,0.00,0.00,0.00,0.00,0.00,0.00,0.00,0.00,0.00,0.00,0.00,0.00,0.00,0.00,0.00,0.00,0.00,0.00,0.00,0.00,0.00,0.00,0.00,0.00,0.00,0.00,0.00,0.00,0.00,0.00,0.00,0.00,0.00,0.00,0.00,0.00,0.00,0.00,0.00,0.00,0.00,0.00,0.00,0.00,0.00,0.00,2656.00,0.00,0.00,0.00,0.00,1995.37
0.50,0.00,0.50,0.00,0.00,0.00,0.00,0.00,0.00,99.00,0.00,65.00,0.00,0.00,0.00,0.00,0.00,0.00,1252.00,0.00,0.00,0.00,0.00,0.00,0.00,0.00,0.00,0.00,685292,1160776,1355428,66.42,47848,546244,3732764,182.91,831536,360348,224,597832,100896,7360,28764,0,0,0,0.00,0,0.00,0,0,0.00,26499,7616,36851,0,0,460,0.00,0.00,0.00,0,0.00,0.00,0.00,0.00,0.00,0.00,0.00,0.00,0.00,0.00,0.00,0.00,0.00,0.00,2480.00,0.00,3601.34,0.00,0.00,0.00,0.00,0.00,0.00,0.00,0.00,0.00,0.00,0.00,0.00,0.00,0.00,0.00,0.00,0.00,0.00,0.00,0.00,0.00,0.00,0.00,0.00,0.00,0.00,0.00,0.00,0.00,0.00,0.00,721,3,5,0,0,0,2475.00,0.00,55.00,0.00,2475.00,55.00,0.00,0.00,0.00,0.00,0.00,0.00,0.00,0.00,0.00,0.00,0.00,0.00,0.00,0.00,0.00,0.00,0.00,0.00,0.00,0.00,0.00,0.00,0.00,0.00,0.00,0.00,0.00,0.00,0.00,0.00,0.00,0.00,0.00,0.00,0.00,0.00,0.00,0.00,55.00,0.00,0.00,0.00,0.00,0.00,0.00,0.00,0.00,0.00,0.00,3,2,1,0,0.00,0.00,0.00,0.00,0.00,0.00,0.00,0.00,0.00,0.00,0.00,0.00,0.00,0.00,0.00,0.00,0.00,0.00,0.00,0.00,0.00,0.00,0.00,0.00,0.00,0.00,0.00,0.00,0.00,0.00,0.00,0.00,0.00,0.00,0.00,0.00,0.00,0.00,0.00,0.00,0.00,0.00,0.00,0.00,0.00,0.00,0.00,0.00,0.00,0.00,0.00,0.00,0.00,2480.00,0.00,0.00,0.00,0.00,1995.37
0.50,0.00,0.00,2.50,0.00,0.00,0.00,0.00,0.00,97.00,0.00,65.00,0.00,0.00,0.00,12.00,0.00,0.00,4.00,0.00,0.00,0.00,0.00,2.00,0.00,2.00,0.00,24.00,685416,1160900,1355304,66.41,47856,546260,3732764,182.91,831536,360348,240,597832,100896,7360,28764,0,0,0,0.00,0,0.00,0,0,0.00,26499,7616,36851,0,0,460,0.00,0.00,0.00,0,0.00,0.00,0.00,0.00,0.00,0.00,2.00,0.00,12.00,6.00,0.00,24.00,0.00,0.00,9.00,0.00,0.53,0.00,0.00,0.00,0.00,0.00,0.00,0.00,0.00,1.00,0.00,0.00,0.00,0.00,0.00,0.00,0.00,0.00,0.00,0.00,0.00,0.00,0.00,0.00,0.00,0.00,0.00,0.00,0.00,0.00,0.00,0.00,721,3,5,0,0,0,0.00,0.00,0.00,0.00,0.00,0.00,0.00,0.00,0.00,0.00,0.00,0.00,0.00,0.00,0.00,0.00,0.00,0.00,0.00,0.00,0.00,0.00,0.00,0.00,0.00,0.00,0.00,0.00,0.00,0.00,0.00,0.00,0.00,0.00,0.00,0.00,0.00,0.00,0.00,0.00,0.00,0.00,0.00,0.00,0.00,0.00,0.00,0.00,0.00,0.00,0.00,0.00,0.00,0.00,0.00,3,2,1,0,0.00,0.00,0.00,0.00,0.00,0.00,0.00,0.00,0.00,0.00,0.00,0.00,0.00,0.00,0.00,0.00,0.00,0.00,0.00,0.00,0.00,0.00,0.00,0.00,0.00,0.00,0.00,0.00,0.00,0.00,0.00,0.00,0.00,0.00,0.00,0.00,0.00,0.00,0.00,0.00,0.00,0.00,0.00,0.00,0.00,0.00,0.00,0.00,0.00,0.00,0.00,0.00,0.00,9.00,0.00,0.00,0.00,0.00,1995.37
0.00,0.00,0.50,0.00,0.50,0.00,0.00,0.00,0.00,99.00,0.00,41.00,0.00,0.00,0.00,0.00,1.00,0.00,11.00,0.00,0.00,0.00,0.00,0.00,0.00,0.00,0.00,0.00,685448,1160932,1355272,66.41,47856,546276,3732764,182.91,831536,360348,256,597836,100896,7360,28764,0,0,0,0.00,0,0.00,0,0,0.00,26499,7616,36851,0,0,460,0.00,0.00,0.00,0,0.00,0.00,0.00,0.00,0.00,0.00,0.00,0.00,0.00,0.00,0.00,0.00,0.00,0.00,6.00,0.00,0.35,0.00,0.00,0.00,0.00,0.00,0.00,0.00,0.00,0.00,0.00,0.00,0.00,0.00,0.00,0.00,0.00,0.00,0.00,0.00,0.00,0.00,0.00,0.00,0.00,0.00,0.00,0.00,0.00,0.00,0.00,0.00,721,3,5,0,0,0,0.00,0.00,0.00,0.00,0.00,0.00,0.00,0.00,0.00,0.00,0.00,0.00,0.00,0.00,0.00,0.00,0.00,0.00,0.00,0.00,0.00,0.00,0.00,0.00,0.00,0.00,0.00,0.00,0.00,0.00,0.00,0.00,0.00,0.00,0.00,0.00,0.00,0.00,0.00,0.00,0.00,0.00,0.00,0.00,0.00,0.00,0.00,0.00,0.00,0.00,0.00,0.00,0.00,0.00,0.00,3,2,1,0,0.00,0.00,0.00,0.00,0.00,0.00,0.00,0.00,0.00,0.00,0.00,0.00,0.00,0.00,0.00,0.00,0.00,0.00,0.00,0.00,0.00,0.00,0.00,0.00,0.00,0.00,0.00,0.00,0.00,0.00,0.00,0.00,0.00,0.00,0.00,0.00,0.00,0.00,0.00,0.00,0.00,0.00,0.00,0.00,0.00,0.00,0.00,0.00,0.00,0.00,0.00,0.00,0.00,6.00,0.00,0.00,0.00,0.00,1995.37
0.50,0.00,0.00,0.00,0.00,0.00,0.00,0.00,0.00,99.50,0.00,37.00,0.00,0.00,0.00,0.00,0.00,0.00,4.00,0.00,0.00,0.00,0.00,0.00,0.00,0.00,0.00,0.00,685324,1160864,1355396,66.42,47856,546292,3732764,182.91,831544,360396,272,597836,100896,7360,28764,0,0,0,0.00,0,0.00,0,0,0.00,26499,7616,36851,0,0,460,0.00,0.00,0.00,0,0.00,0.00,0.00,0.00,0.00,0.00,0.00,0.00,0.00,0.00,0.00,0.00,0.00,0.00,7.00,0.00,0.41,0.00,0.00,0.00,0.00,0.00,0.00,0.00,0.00,1.00,0.00,0.00,0.00,0.00,0.00,0.00,0.00,0.00,0.00,0.00,0.00,0.00,0.00,0.00,0.00,0.00,0.00,0.00,0.00,0.00,0.00,0.00,721,3,5,0,0,0,0.00,0.00,0.00,0.00,0.00,0.00,0.00,0.00,0.00,0.00,0.00,0.00,0.00,0.00,0.00,0.00,0.00,0.00,0.00,0.00,0.00,0.00,0.00,0.00,0.00,0.00,0.00,0.00,0.00,0.00,0.00,0.00,0.00,0.00,0.00,0.00,0.00,0.00,0.00,0.00,0.00,0.00,0.00,0.00,0.00,0.00,0.00,0.00,0.00,0.00,0.00,0.00,0.00,0.00,0.00,3,2,1,0,0.00,0.00,0.00,0.00,0.00,0.00,0.00,0.00,0.00,0.00,0.00,0.00,0.00,0.00,0.00,0.00,0.00,0.00,0.00,0.00,0.00,0.00,0.00,0.00,0.00,0.00,0.00,0.00,0.00,0.00,0.00,0.00,0.00,0.00,0.00,0.00,0.00,0.00,0.00,0.00,0.00,0.00,0.00,0.00,0.00,0.00,0.00,0.00,0.00,0.00,0.00,0.00,0.00,7.00,0.00,0.00,0.00,0.00,1995.37
0.00,0.00,0.50,0.00,0.00,0.00,0.50,0.00,0.00,99.00,0.00,50.00,0.00,0.00,0.00,0.00,0.00,0.00,363.00,0.00,0.00,0.00,0.00,0.00,0.00,0.00,0.00,0.00,685324,1160864,1355396,66.42,47856,546292,3732764,182.91,831544,360396,272,597836,100896,7360,28764,0,0,0,0.00,0,0.00,0,0,0.00,26499,7616,36851,0,0,460,0.00,0.00,0.00,0,0.00,0.00,0.00,0.00,0.00,0.00,0.00,0.00,0.00,0.00,0.00,0.00,0.00,0.00,722.00,0.00,1047.70,0.00,0.00,0.00,0.00,0.00,0.00,0.00,0.00,0.00,0.00,0.00,0.00,0.00,0.00,0.00,0.00,0.00,0.00,0.00,0.00,0.00,0.00,0.00,0.00,0.00,0.00,0.00,0.00,0.00,0.00,0.00,721,3,5,0,0,0,720.00,0.00,16.00,0.00,720.00,16.00,0.00,0.00,0.00,0.00,0.00,0.00,0.00,0.00,0.00,0.00,0.00,0.00,0.00,0.00,0.00,0.00,0.00,0.00,0.00,0.00,0.00,0.00,0.00,0.00,0.00,0.00,0.00,0.00,0.00,0.00,0.00,0.00,0.00,0.00,0.00,0.00,0.00,0.00,16.00,0.00,0.00,0.00,0.00,0.00,0.00,0.00,0.00,0.00,0.00,3,2,1,0,0.00,0.00,0.00,0.00,0.00,0.00,0.00,0.00,0.00,0.00,0.00,0.00,0.00,0.00,0.00,0.00,0.00,0.00,0.00,0.00,0.00,0.00,0.00,0.00,0.00,0.00,0.00,0.00,0.00,0.00,0.00,0.00,0.00,0.00,0.00,0.00,0.00,0.00,0.00,0.00,0.00,0.00,0.00,0.00,0.00,0.00,0.00,0.00,0.00,0.00,0.00,0.00,0.00,722.00,0.00,0.00,0.00,0.00,1995.37
0.50,0.00,0.00,0.00,0.00,0.00,0.00,0.00,0.00,99.50,0.00,40.00,0.00,0.00,0.00,0.00,0.00,0.00,12.00,0.00,0.00,0.00,0.00,0.00,0.00,0.00,0.00,0.00,685388,1160932,1355332,66.41,47856,546324,3732764,182.91,831544,360396,304,597836,100900,7360,28764,0,0,0,0.00,0,0.00,0,0,0.00,26499,7616,36851,0,0,460,0.00,0.00,0.00,0,0.00,0.00,0.00,0.00,0.00,0.00,0.00,0.00,0.00,0.00,0.00,0.00,0.00,0.00,7.00,0.00,0.41,0.00,0.00,0.00,0.00,0.00,0.00,0.00,0.00,0.00,0.00,0.00,0.00,0.00,0.00,0.00,0.00,0.00,0.00,0.00,0.00,0.00,0.00,0.00,0.00,0.00,0.00,0.00,0.00,0.00,0.00,0.00,721,3,5,0,0,0,0.00,0.00,0.00,0.00,0.00,0.00,0.00,0.00,0.00,0.00,0.00,0.00,0.00,0.00,0.00,0.00,0.00,0.00,0.00,0.00,0.00,0.00,0.00,0.00,0.00,0.00,0.00,0.00,0.00,0.00,0.00,0.00,0.00,0.00,0.00,0.00,0.00,0.00,0.00,0.00,0.00,0.00,0.00,0.00,0.00,0.00,0.00,0.00,0.00,0.00,0.00,0.00,0.00,0.00,0.00,3,2,1,0,0.00,0.00,0.00,0.00,0.00,0.00,0.00,0.00,0.00,0.00,0.00,0.00,0.00,0.00,0.00,0.00,0.00,0.00,0.00,0.00,0.00,0.00,0.00,0.00,0.00,0.00,0.00,0.00,0.00,0.00,0.00,0.00,0.00,0.00,0.00,0.00,0.00,0.00,0.00,0.00,0.00,0.00,0.00,0.00,0.00,0.00,0.00,0.00,0.00,0.00,0.00,0.00,0.00,7.00,0.00,0.00,0.00,0.00,1995.37
0.00,0.00,0.50,4.50,0.00,0.00,0.00,0.00,0.00,95.00,0.00,35.00,0.00,0.00,0.00,12.00,0.00,0.00,4.00,0.00,0.00,0.00,0.00,2.00,0.00,2.00,0.00,24.00,685388,1160988,1355332,66.41,47864,546340,3732764,182.91,831552,360444,320,597836,100900,7360,28764,0,0,0,0.00,0,0.00,0,0,0.00,26499,7616,36851,0,0,460,0.00,0.00,0.00,0,0.00,0.00,0.00,0.00,0.00,0.00,2.00,0.00,12.00,6.00,0.00,46.00,0.00,0.00,1.00,0.00,0.06,0.00,0.00,0.00,0.00,0.00,0.00,0.00,0.00,1.00,0.00,0.00,0.00,0.00,0.00,0.00,0.00,0.00,0.00,0.00,0.00,0.00,0.00,0.00,0.00,0.00,0.00,0.00,0.00,0.00,0.00,0.00,721,3,5,0,0,0,0.00,0.00,0.00,0.00,0.00,0.00,0.00,0.00,0.00,0.00,0.00,0.00,0.00,0.00,0.00,0.00,0.00,0.00,0.00,0.00,0.00,0.00,0.00,0.00,0.00,0.00,0.00,0.00,0.00,0.00,0.00,0.00,0.00,0.00,0.00,0.00,0.00,0.00,0.00,0.00,0.00,0.00,0.00,0.00,0.00,0.00,0.00,0.00,0.00,0.00,0.00,0.00,0.00,0.00,0.00,3,2,1,0,0.00,0.00,0.00,0.00,0.00,0.00,0.00,0.00,0.00,0.00,0.00,0.00,0.00,0.00,0.00,0.00,0.00,0.00,0.00,0.00,0.00,0.00,0.00,0.00,0.00,0.00,0.00,0.00,0.00,0.00,0.00,0.00,0.00,0.00,0.00,0.00,0.00,0.00,0.00,0.00,0.00,0.00,0.00,0.00,0.00,0.00,0.00,0.00,0.00,0.00,0.00,0.00,0.00,1.00,0.00,0.00,0.00,0.00,1995.37
0.00,0.00,0.00,0.00,0.00,0.00,0.00,0.00,0.00,100.00,0.00,27.00,0.00,0.00,0.00,0.00,0.00,0.00,4.00,0.00,0.00,0.00,0.00,0.00,0.00,0.00,0.00,0.00,685388,1160988,1355332,66.41,47864,546340,3732764,182.91,831552,360444,320,597836,100900,7360,28764,0,0,0,0.00,0,0.00,0,0,0.00,26499,7616,36851,0,0,460,0.00,0.00,0.00,0,0.00,0.00,0.00,0.00,0.00,0.00,0.00,0.00,0.00,0.00,0.00,0.00,0.00,0.00,3.00,0.00,0.21,0.00,0.00,0.00,0.00,0.00,0.00,0.00,0.00,2.00,0.00,0.00,0.00,0.00,0.00,0.00,0.00,0.00,0.00,0.00,0.00,0.00,0.00,0.00,0.00,0.00,0.00,0.00,0.00,0.00,0.00,0.00,721,3,5,0,0,0,0.00,0.00,0.00,0.00,0.00,0.00,0.00,0.00,0.00,0.00,0.00,0.00,0.00,0.00,0.00,0.00,0.00,0.00,0.00,0.00,0.00,0.00,0.00,0.00,0.00,0.00,0.00,0.00,0.00,0.00,0.00,0.00,0.00,0.00,0.00,0.00,0.00,0.00,0.00,0.00,0.00,0.00,0.00,0.00,0.00,0.00,0.00,0.00,0.00,0.00,0.00,0.00,0.00,0.00,0.00,3,2,1,0,0.00,0.00,0.00,0.00,0.00,0.00,0.00,0.00,0.00,0.00,0.00,0.00,0.00,0.00,0.00,0.00,0.00,0.00,0.00,0.00,0.00,0.00,0.00,0.00,0.00,0.00,0.00,0.00,0.00,0.00,0.00,0.00,0.00,0.00,0.00,0.00,0.00,0.00,0.00,0.00,0.00,0.00,0.00,0.00,0.00,0.00,0.00,0.00,0.00,0.00,0.00,0.00,0.00,3.00,0.00,0.00,0.00,0.00,1995.37
0.50,0.00,0.50,0.00,0.00,0.00,0.00,0.00,0.00,99.00,0.00,48.00,0.00,0.00,0.00,0.00,0.00,0.00,43.00,0.00,0.00,0.00,0.00,0.00,0.00,0.00,0.00,0.00,685292,1160892,1355428,66.42,47864,546368,3732764,182.91,831552,360444,348,597836,100900,7360,28764,0,0,0,0.00,0,0.00,0,0,0.00,26499,7616,36851,0,0,460,0.00,0.00,0.00,0,0.00,0.00,0.00,0.00,0.00,0.00,0.00,0.00,0.00,0.00,0.00,0.00,0.00,0.00,93.00,0.00,131.12,0.00,0.00,0.00,0.00,0.00,0.00,0.00,0.00,1.00,0.00,0.00,0.00,0.00,0.00,0.00,0.00,0.00,0.00,0.00,0.00,0.00,0.00,0.00,0.00,0.00,0.00,0.00,0.00,0.00,0.00,0.00,721,3,5,0,0,0,90.00,0.00,2.00,0.00,90.00,2.00,0.00,0.00,0.00,0.00,0.00,0.00,0.00,0.00,0.00,0.00,0.00,0.00,0.00,0.00,0.00,0.00,0.00,0.00,0.00,0.00,0.00,0.00,0.00,0.00,0.00,0.00,0.00,0.00,0.00,0.00,0.00,0.00,0.00,0.00,0.00,0.00,0.00,0.00,2.00,0.00,0.00,0.00,0.00,0.00,0.00,0.00,0.00,0.00,0.00,3,2,1,0,0.00,0.00,0.00,0.00,0.00,0.00,0.00,0.00,0.00,0.00,0.00,0.00,0.00,0.00,0.00,0.00,0.00,0.00,0.00,0.00,0.00,0.00,0.00,0.00,0.00,0.00,0.00,0.00,0.00,0.00,0.00,0.00,0.00,0.00,0.00,0.00,0.00,0.00,0.00,0.00,0.00,0.00,0.00,0.00,0.00,0.00,0.00,0.00,0.00,0.00,0.00,0.00,0.00,93.00,0.00,0.00,0.00,0.00,1995.37
0.00,0.00,0.00,0.00,0.00,0.00,0.00,0.00,0.00,100.00,0.00,59.00,0.00,0.00,0.00,0.00,0.00,0.00,252.00,0.00,0.00,0.00,0.00,0.00,0.00,0.00,0.00,0.00,685228,1160884,1355492,66.42,47864,546384,3732764,182.91,831552,360500,364,597836,100900,7360,28764,0,0,0,0.00,0,0.00,0,0,0.00,26499,7616,36851,0,0,460,0.00,0.00,0.00,0,0.00,0.00,0.00,0.00,0.00,0.00,0.00,0.00,0.00,0.00,0.00,0.00,0.00,0.00,500.00,0.00,720.50,0.00,0.00,0.00,0.00,0.00,0.00,0.00,0.00,0.00,0.00,0.00,0.00,0.00,0.00,0.00,0.00,0.00,0.00,0.00,0.00,0.00,0.00,0.00,0.00,0.00,0.00,0.00,0.00,0.00,0.00,0.00,721,3,5,0,0,0,495.00,0.00,11.00,0.00,495.00,11.00,0.00,0.00,0.00,0.00,0.00,0.00,0.00,0.00,0.00,0.00,0.00,0.00,0.00,0.00,0.00,0.00,0.00,0.00,0.00,0.00,0.00,0.00,0.00,0.00,0.00,0.00,0.00,0.00,0.00,0.00,0.00,0.00,0.00,0.00,0.00,0.00,0.00,0.00,11.00,0.00,0.00,0.00,0.00,0.00,0.00,0.00,0.00,0.00,0.00,3,2,1,0,0.00,0.00,0.00,0.00,0.00,0.00,0.00,0.00,0.00,0.00,0.00,0.00,0.00,0.00,0.00,0.00,0.00,0.00,0.00,0.00,0.00,0.00,0.00,0.00,0.00,0.00,0.00,0.00,0.00,0.00,0.00,0.00,0.00,0.00,0.00,0.00,0.00,0.00,0.00,0.00,0.00,0.00,0.00,0.00,0.00,0.00,0.00,0.00,0.00,0.00,0.00,0.00,0.00,500.00,0.00,0.00,0.00,0.00,1995.37
0.50,0.00,0.00,0.00,0.00,0.00,0.00,0.00,0.00,99.50,0.00,34.00,0.00,0.00,0.00,0.00,0.00,0.00,20.00,0.00,0.00,0.00,0.00,0.00,0.00,0.00,0.00,0.00,685292,1160948,1355428,66.42,47864,546384,3732764,182.91,831552,360500,364,597836,100900,7360,28764,0,0,0,0.00,0,0.00,0,0,0.00,26499,7616,36851,0,0,460,0.00,0.00,0.00,0,0.00,0.00,0.00,0.00,0.00,0.00,0.00,0.00,0.00,0.00,0.00,0.00,0.00,0.00,49.00,0.00,65.71,0.00,0.00,0.00,0.00,0.00,0.00,0.00,0.00,1.00,0.00,0.00,0.00,0.00,0.00,0.00,0.00,0.00,0.00,0.00,0.00,0.00,0.00,0.00,0.00,0.00,0.00,0.00,0.00,0.00,0.00,0.00,721,3,5,0,0,0,45.00,0.00,1.00,0.00,45.00,1.00,0.00,0.00,0.00,0.00,0.00,0.00,0.00,0.00,0.00,0.00,0.00,0.00,0.00,0.00,0.00,0.00,0.00,0.00,0.00,0.00,0.00,0.00,0.00,0.00,0.00,0.00,0.00,0.00,0.00,0.00,0.00,0.00,0.00,0.00,0.00,0.00,0.00,0.00,1.00,0.00,0.00,0.00,0.00,0.00,0.00,0.00,0.00,0.00,0.00,3,2,1,0,0.00,0.00,0.00,0.00,0.00,0.00,0.00,0.00,0.00,0.00,0.00,0.00,0.00,0.00,0.00,0.00,0.00,0.00,0.00,0.00,0.00,0.00,0.00,0.00,0.00,0.00,0.00,0.00,0.00,0.00,0.00,0.00,0.00,0.00,0.00,0.00,0.00,0.00,0.00,0.00,0.00,0.00,0.00,0.00,0.00,0.00,0.00,0.00,0.00,0.00,0.00,0.00,0.00,49.00,0.00,0.00,0.00,0.00,1995.37
0.00,0.00,0.00,2.51,0.00,0.00,0.00,0.00,0.00,97.49,0.00,67.00,0.00,0.00,0.00,12.00,0.00,0.00,28.00,0.00,0.00,0.00,0.00,2.00,0.00,2.00,0.00,24.00,685264,1160920,1355456,66.42,47872,546416,3732764,182.91,831552,360500,396,597836,100900,7360,28764,0,0,0,0.00,0,0.00,0,0,0.00,26499,7616,36851,0,0,460,0.00,0.00,0.00,0,0.00,0.00,0.00,0.00,0.00,0.00,2.00,0.00,12.00,6.00,0.00,24.00,0.00,0.00,48.00,0.00,65.65,0.00,0.00,0.00,0.00,0.00,0.00,0.00,0.00,0.00,0.00,0.00,0.00,0.00,0.00,0.00,0.00,0.00,0.00,0.00,0.00,0.00,0.00,0.00,0.00,0.00,0.00,0.00,0.00,0.00,0.00,0.00,721,3,5,0,0,0,45.00,0.00,1.00,0.00,45.00,1.00,0.00,0.00,0.00,0.00,0.00,0.00,0.00,0.00,0.00,0.00,0.00,0.00,0.00,0.00,0.00,0.00,0.00,0.00,0.00,0.00,0.00,0.00,0.00,0.00,0.00,0.00,0.00,0.00,0.00,0.00,0.00,0.00,0.00,0.00,0.00,0.00,0.00,0.00,1.00,0.00,0.00,0.00,0.00,0.00,0.00,0.00,0.00,0.00,0.00,3,2,1,0,0.00,0.00,0.00,0.00,0.00,0.00,0.00,0.00,0.00,0.00,0.00,0.00,0.00,0.00,0.00,0.00,0.00,0.00,0.00,0.00,0.00,0.00,0.00,0.00,0.00,0.00,0.00,0.00,0.00,0.00,0.00,0.00,0.00,0.00,0.00,0.00,0.00,0.00,0.00,0.00,0.00,0.00,0.00,0.00,0.00,0.00,0.00,0.00,0.00,0.00,0.00,0.00,0.00,48.00,0.00,0.00,0.00,0.00,1995.37
0.50,0.00,0.00,0.00,0.00,0.00,0.00,0.00,0.00,99.50,0.00,48.00,0.00,0.00,0.00,0.00,0.00,0.00,29.00,0.00,0.00,0.00,0.00,0.00,0.00,0.00,0.00,0.00,685104,1160816,1355616,66.43,47872,546432,3732764,182.91,831560,360548,412,597836,100900,7360,28764,0,0,0,0.00,0,0.00,0,0,0.00,26499,7616,36851,0,0,460,0.00,0.00,0.00,0,0.00,0.00,0.00,0.00,0.00,0.00,0.00,0.00,0.00,0.00,0.00,0.00,0.00,0.00,48.00,0.00,65.65,0.00,0.00,0.00,0.00,0.00,0.00,0.00,0.00,1.00,0.00,0.00,0.00,0.00,0.00,0.00,0.00,0.00,0.00,0.00,0.00,0.00,0.00,0.00,0.00,0.00,0.00,0.00,0.00,0.00,0.00,0.00,721,3,5,0,0,0,45.00,0.00,1.00,0.00,45.00,1.00,0.00,0.00,0.00,0.00,0.00,0.00,0.00,0.00,0.00,0.00,0.00,0.00,0.00,0.00,0.00,0.00,0.00,0.00,0.00,0.00,0.00,0.00,0.00,0.00,0.00,0.00,0.00,0.00,0.00,0.00,0.00,0.00,0.00,0.00,0.00,0.00,0.00,0.00,1.00,0.00,0.00,0.00,0.00,0.00,0.00,0.00,0.00,0.00,0.00,3,2,1,0,0.00,0.00,0.00,0.00,0.00,0.00,0.00,0.00,0.00,0.00,0.00,0.00,0.00,0.00,0.00,0.00,0.00,0.00,0.00,0.00,0.00,0.00,0.00,0.00,0.00,0.00,0.00,0.00,0.00,0.00,0.00,0.00,0.00,0.00,0.00,0.00,0.00,0.00,0.00,0.00,0.00,0.00,0.00,0.00,0.00,0.00,0.00,0.00,0.00,0.00,0.00,0.00,0.00,48.00,0.00,0.00,0.00,0.00,1995.37
0.00,0.00,0.50,0.00,0.00,0.00,0.50,0.00,0.00,99.00,0.00,54.00,0.00,0.00,0.00,0.00,0.00,0.00,876.00,0.00,0.00,0.00,0.00,0.00,0.00,0.00,0.00,0.00,685264,1160976,1355456,66.42,47872,546448,3732764,182.91,831560,360548,428,597836,100904,7360,28764,0,0,0,0.00,0,0.00,0,0,0.00,26499,7616,36851,0,0,460,0.00,0.00,0.00,0,0.00,0.00,0.00,0.00,0.00,0.00,0.00,0.00,0.00,0.00,0.00,0.00,0.00,0.00,1714.00,0.00,2488.23,0.00,0.00,0.00,0.00,0.00,0.00,0.00,0.00,0.00,0.00,0.00,0.00,0.00,0.00,0.00,0.00,0.00,0.00,0.00,0.00,0.00,0.00,0.00,0.00,0.00,0.00,0.00,0.00,0.00,0.00,0.00,721,3,5,0,0,0,1710.00,0.00,38.00,0.00,1710.00,38.00,0.00,0.00,0.00,0.00,0.00,0.00,0.00,0.00,0.00,0.00,0.00,0.00,0.00,0.00,0.00,0.00,0.00,0.00,0.00,0.00,0.00,0.00,0.00,0.00,0.00,0.00,0.00,0.00,0.00,0.00,0.00,0.00,0.00,0.00,0.00,0.00,0.00,0.00,38.00,0.00,0.00,0.00,0.00,0.00,0.00,0.00,0.00,0.00,0.00,3,2,1,0,0.00,0.00,0.00,0.00,0.00,0.00,0.00,0.00,0.00,0.00,0.00,0.00,0.00,0.00,0.00,0.00,0.00,0.00,0.00,0.00,0.00,0.00,0.00,0.00,0.00,0.00,0.00,0.00,0.00,0.00,0.00,0.00,0.00,0.00,0.00,0.00,0.00,0.00,0.00,0.00,0.00,0.00,0.00,0.00,0.00,0.00,0.00,0.00,0.00,0.00,0.00,0.00,0.00,1714.00,0.00,0.00,0.00,0.00,1995.37
0.00,0.00,0.00,0.00,0.00,0.00,0.00,0.00,0.00,100.00,0.00,32.00,0.00,0.00,0.00,0.00,0.00,0.00,4.00,0.00,0.00,0.00,0.00,0.00,0.00,0.00,0.00,0.00,685388,1161100,1355332,66.41,47872,546464,3732764,182.91,831560,360548,444,597836,100904,7360,28764,0,0,0,0.00,0,0.00,0,0,0.00,26499,7616,36851,0,0,460,0.00,0.00,0.00,0,0.00,0.00,0.00,0.00,0.00,0.00,0.00,0.00,0.00,0.00,0.00,0.00,0.00,0.00,2.00,0.00,0.12,0.00,0.00,0.00,0.00,0.00,0.00,0.00,0.00,1.00,0.00,0.00,0.00,0.00,0.00,0.00,0.00,0.00,0.00,0.00,0.00,0.00,0.00,0.00,0.00,0.00,0.00,0.00,0.00,0.00,0.00,0.00,721,3,5,0,0,0,0.00,0.00,0.00,0.00,0.00,0.00,0.00,0.00,0.00,0.00,0.00,0.00,0.00,0.00,0.00,0.00,0.00,0.00,0.00,0.00,0.00,0.00,0.00,0.00,0.00,0.00,0.00,0.00,0.00,0.00,0.00,0.00,0.00,0.00,0.00,0.00,0.00,0.00,0.00,0.00,0.00,0.00,0.00,0.00,0.00,0.00,0.00,0.00,0.00,0.00,0.00,0.00,0.00,0.00,0.00,3,2,1,0,0.00,0.00,0.00,0.00,0.00,0.00,0.00,0.00,0.00,0.00,0.00,0.00,0.00,0.00,0.00,0.00,0.00,0.00,0.00,0.00,0.00,0.00,0.00,0.00,0.00,0.00,0.00,0.00,0.00,0.00,0.00,0.00,0.00,0.00,0.00,0.00,0.00,0.00,0.00,0.00,0.00,0.00,0.00,0.00,0.00,0.00,0.00,0.00,0.00,0.00,0.00,0.00,0.00,2.00,0.00,0.00,0.00,0.00,1995.37
0.00,0.00,0.00,0.00,0.50,0.00,6.44,0.00,0.00,93.07,0.00,333.00,0.00,0.00,0.00,0.00,31.00,0.00,19156.00,0.00,0.00,0.00,0.00,0.00,0.00,0.00,0.00,0.00,674860,1141764,1365860,66.93,47752,540828,3730136,182.79,846652,355920,24,614028,100616,7320,28780,0,0,0,0.00,0,0.00,0,0,0.00,26566,7584,36821,0,0,458,0.00,0.00,0.00,0,0.00,0.00,0.00,0.00,0.00,0.00,0.00,0.00,0.00,0.00,0.00,0.00,0.00,0.00,37939.00,0.00,55194.62,0.00,0.00,0.00,0.00,0.00,0.00,0.00,0.00,1.00,0.00,0.00,0.00,0.00,0.00,0.00,0.00,0.00,0.00,0.00,0.00,0.00,0.00,0.00,0.00,0.00,0.00,0.00,0.00,0.00,0.00,0.00,721,3,5,0,0,0,37936.00,0.00,843.00,0.00,37935.00,843.00,0.00,0.00,0.00,0.00,0.00,0.00,0.00,0.00,0.00,0.00,0.00,0.00,0.00,0.00,0.00,0.00,0.00,0.00,0.00,0.00,0.00,0.00,0.00,0.00,0.00,0.00,0.00,0.00,0.00,0.00,0.00,0.00,0.00,0.00,0.00,0.00,0.00,0.00,844.00,0.00,0.00,0.00,0.00,0.00,0.00,0.00,0.00,0.00,0.00,3,2,1,0,0.00,0.00,0.00,0.00,0.00,0.00,0.00,0.00,0.00,0.00,0.00,0.00,0.00,0.00,0.00,0.00,0.00,0.00,0.00,0.00,0.00,0.00,0.00,0.00,0.00,0.00,0.00,0.00,0.00,0.00,0.00,0.00,0.00,0.00,0.00,0.00,0.00,0.00,0.00,0.00,0.00,0.00,0.00,0.00,0.00,0.00,0.00,0.00,0.00,0.00,0.00,0.00,0.00,37984.00,0.00,0.00,0.00,0.00,1995.37
0.00,0.00,0.51,0.00,0.00,0.00,3.05,0.00,0.00,96.45,0.00,364.00,0.00,0.00,0.00,0.00,3.00,0.00,13417.00,0.00,0.00,0.00,0.00,0.00,0.00,0.00,0.00,0.00,674908,1141812,1365812,66.93,47752,540844,3730136,182.79,846664,355920,44,614084,100616,7328,28744,0,0,0,0.00,0,0.00,0,0,0.00,26566,7584,36821,0,0,458,0.00,0.00,0.00,0,0.00,0.00,0.00,0.00,0.00,0.00,0.00,0.00,0.00,0.00,0.00,0.00,0.00,0.00,26644.00,0.00,38760.62,0.00,0.00,0.00,0.00,0.00,0.00,0.00,0.00,0.00,0.00,0.00,0.00,0.00,0.00,0.00,0.00,0.00,0.00,0.00,0.00,0.00,0.00,0.00,0.00,0.00,0.00,0.00,0.00,0.00,0.00,0.00,721,3,5,0,0,0,26640.00,0.00,592.00,0.00,26640.00,592.00,0.00,0.00,0.00,0.00,0.00,0.00,0.00,0.00,0.00,0.00,0.00,0.00,0.00,0.00,0.00,0.00,0.00,0.00,0.00,0.00,0.00,0.00,0.00,0.00,0.00,0.00,0.00,0.00,0.00,0.00,0.00,0.00,0.00,0.00,0.00,0.00,0.00,0.00,591.00,0.00,0.00,0.00,0.00,0.00,0.00,0.00,0.00,0.00,0.00,3,2,1,0,0.00,0.00,0.00,0.00,0.00,0.00,0.00,0.00,0.00,0.00,0.00,0.00,0.00,0.00,0.00,0.00,0.00,0.00,0.00,0.00,0.00,0.00,0.00,0.00,0.00,0.00,0.00,0.00,0.00,0.00,0.00,0.00,0.00,0.00,0.00,0.00,0.00,0.00,0.00,0.00,0.00,0.00,0.00,0.00,0.00,0.00,0.00,0.00,0.00,0.00,0.00,0.00,0.00,26599.00,0.00,0.00,0.00,0.00,1995.37
0.00,0.00,0.00,0.00,0.00,0.00,4.55,0.00,0.00,95.45,0.00,378.00,0.00,0.00,0.00,0.00,0.00,0.00,16465.00,0.00,0.00,0.00,0.00,0.00,0.00,0.00,0.00,0.00,674876,1141780,1365844,66.93,47752,540856,3730136,182.79,846664,355920,56,614084,100616,7328,28744,0,0,0,0.00,0,0.00,0,0,0.00,26566,7584,36821,0,0,458,0.00,0.00,0.00,0,0.00,0.00,0.00,0.00,0.00,0.00,0.00,0.00,0.00,0.00,0.00,0.00,0.00,0.00,32677.00,0.00,47534.27,0.00,0.00,0.00,0.00,0.00,0.00,0.00,0.00,1.00,0.00,0.00,0.00,0.00,0.00,0.00,0.00,0.00,0.00,0.00,0.00,0.00,0.00,0.00,0.00,0.00,0.00,0.00,0.00,0.00,0.00,0.00,721,3,5,0,0,0,32670.00,0.00,726.00,0.00,32670.00,726.00,0.00,0.00,0.00,0.00,0.00,0.00,0.00,0.00,0.00,0.00,0.00,0.00,0.00,0.00,0.00,0.00,0.00,0.00,0.00,0.00,0.00,0.00,0.00,0.00,0.00,0.00,0.00,0.00,0.00,0.00,0.00,0.00,0.00,0.00,0.00,0.00,0.00,0.00,727.00,0.00,0.00,0.00,0.00,0.00,0.00,0.00,0.00,0.00,0.00,3,2,1,0,0.00,0.00,0.00,0.00,0.00,0.00,0.00,0.00,0.00,0.00,0.00,0.00,0.00,0.00,0.00,0.00,0.00,0.00,0.00,0.00,0.00,0.00,0.00,0.00,0.00,0.00,0.00,0.00,0.00,0.00,0.00,0.00,0.00,0.00,0.00,0.00,0.00,0.00,0.00,0.00,0.00,0.00,0.00,0.00,0.00,0.00,0.00,0.00,0.00,0.00,0.00,0.00,0.00,32677.00,0.00,0.00,0.00,0.00,1995.37
0.50,0.00,0.00,0.00,0.50,0.00,5.50,0.00,0.00,93.50,0.00,382.00,0.00,0.00,0.00,0.00,0.00,0.00,18881.00,0.00,0.00,0.00,0.00,0.00,0.00,0.00,0.00,0.00,674972,1141920,1365748,66.92,47752,540872,3730136,182.79,846676,355964,72,614084,100616,7328,28744,0,0,0,0.00,0,0.00,0,0,0.00,26566,7584,36821,0,0,458,0.00,0.00,0.00,0,0.00,0.00,0.00,0.00,0.00,0.00,0.00,0.00,0.00,0.00,0.00,0.00,0.00,0.00,37503.00,0.00,54540.71,0.00,0.00,0.00,0.00,0.00,0.00,0.00,0.00,0.00,0.00,0.00,0.00,0.00,0.00,0.00,0.00,0.00,0.00,0.00,0.00,0.00,0.00,0.00,0.00,0.00,0.00,0.00,0.00,0.00,0.00,0.00,721,3,5,0,0,0,37486.00,0.00,833.00,0.00,37485.00,833.00,0.00,0.00,0.00,0.00,0.00,0.00,0.00,0.00,0.00,0.00,0.00,0.00,0.00,0.00,0.00,0.00,0.00,0.00,0.00,0.00,0.00,0.00,0.00,0.00,0.00,0.00,0.00,0.00,0.00,0.00,0.00,0.00,0.00,0.00,0.00,0.00,0.00,0.00,833.00,0.00,0.00,0.00,0.00,0.00,0.00,0.00,0.00,0.00,0.00,3,2,1,0,0.00,0.00,0.00,0.00,0.00,0.00,0.00,0.00,0.00,0.00,0.00,0.00,0.00,0.00,0.00,0.00,0.00,0.00,0.00,0.00,0.00,0.00,0.00,0.00,0.00,0.00,0.00,0.00,0.00,0.00,0.00,0.00,0.00,0.00,0.00,0.00,0.00,0.00,0.00,0.00,0.00,0.00,0.00,0.00,0.00,0.00,0.00,0.00,0.00,0.00,0.00,0.00,0.00,37503.00,0.00,0.00,0.00,0.00,1995.37
0.50,0.00,0.00,0.00,0.00,0.00,4.50,0.00,0.00,95.00,0.00,303.00,0.00,0.00,0.00,0.00,0.00,0.00,13956.00,0.00,0.00,0.00,0.00,0.00,0.00,0.00,0.00,0.00,674908,1141856,1365812,66.93,47752,540888,3730136,182.79,846676,355964,88,614084,100616,7328,28744,0,0,0,0.00,0,0.00,0,0,0.00,26566,7584,36821,0,0,458,0.00,0.00,0.00,0,0.00,0.00,0.00,0.00,0.00,0.00,0.00,0.00,0.00,0.00,0.00,0.00,0.00,0.00,27725.00,0.00,40332.05,0.00,0.00,0.00,0.00,0.00,0.00,0.00,0.00,1.00,0.00,0.00,0.00,0.00,0.00,0.00,0.00,0.00,0.00,0.00,0.00,0.00,0.00,0.00,0.00,0.00,0.00,0.00,0.00,0.00,0.00,0.00,721,3,5,0,0,0,27720.00,0.00,616.00,0.00,27720.00,616.00,0.00,0.00,0.00,0.00,0.00,0.00,0.00,0.00,0.00,0.00,0.00,0.00,0.00,0.00,0.00,0.00,0.00,0.00,0.00,0.00,0.00,0.00,0.00,0.00,0.00,0.00,0.00,0.00,0.00,0.00,0.00,0.00,0.00,0.00,0.00,0.00,0.00,0.00,615.00,0.00,0.00,0.00,0.00,0.00,0.00,0.00,0.00,0.00,0.00,3,2,1,0,0.00,0.00,0.00,0.00,0.00,0.00,0.00,0.00,0.00,0.00,0.00,0.00,0.00,0.00,0.00,0.00,0.00,0.00,0.00,0.00,0.00,0.00,0.00,0.00,0.00,0.00,0.00,0.00,0.00,0.00,0.00,0.00,0.00,0.00,0.00,0.00,0.00,0.00,0.00,0.00,0.00,0.00,0.00,0.00,0.00,0.00,0.00,0.00,0.00,0.00,0.00,0.00,0.00,27680.00,0.00,0.00,0.00,0.00,1995.37
0.00,0.00,0.50,2.48,0.00,0.00,4.46,0.00,0.00,92.57,0.00,318.00,0.00,0.00,0.00,36.00,0.00,0.00,11630.00,0.00,0.00,0.00,0.00,2.00,0.00,2.00,0.00,72.00,674752,1141700,1365968,66.94,47760,540904,3730136,182.79,846676,355964,128,614084,100620,7328,28744,0,0,0,0.00,0,0.00,0,0,0.00,26566,7584,36821,0,0,458,0.00,0.00,0.00,0,0.00,0.00,0.00,0.00,0.00,0.00,2.00,0.00,36.00,18.00,0.00,26.00,0.00,0.00,23091.00,0.00,33588.33,0.00,0.00,0.00,0.00,0.00,0.00,0.00,0.00,0.00,0.00,0.00,0.00,0.00,0.00,0.00,0.00,0.00,0.00,0.00,0.00,0.00,0.00,0.00,0.00,0.00,0.00,0.00,0.00,0.00,0.00,0.00,721,3,5,0,0,0,23085.00,0.00,513.00,0.00,23085.00,513.00,0.00,0.00,0.00,0.00,0.00,0.00,0.00,0.00,0.00,0.00,0.00,0.00,0.00,0.00,0.00,0.00,0.00,0.00,0.00,0.00,0.00,0.00,0.00,0.00,0.00,0.00,0.00,0.00,0.00,0.00,0.00,0.00,0.00,0.00,0.00,0.00,0.00,0.00,513.00,0.00,0.00,0.00,0.00,0.00,0.00,0.00,0.00,0.00,0.00,3,2,1,0,0.00,0.00,0.00,0.00,0.00,0.00,0.00,0.00,0.00,0.00,0.00,0.00,0.00,0.00,0.00,0.00,0.00,0.00,0.00,0.00,0.00,0.00,0.00,0.00,0.00,0.00,0.00,0.00,0.00,0.00,0.00,0.00,0.00,0.00,0.00,0.00,0.00,0.00,0.00,0.00,0.00,0.00,0.00,0.00,0.00,0.00,0.00,0.00,0.00,0.00,0.00,0.00,0.00,23091.00,0.00,0.00,0.00,0.00,1995.37
0.00,0.00,0.00,0.00,0.51,0.00,4.06,0.00,0.00,95.43,0.00,311.00,0.00,0.00,0.00,0.00,0.00,0.00,16460.00,0.00,0.00,0.00,0.00,0.00,0.00,0.00,0.00,0.00,674752,1141700,1365968,66.94,47760,540920,3730136,182.79,846676,355964,144,614084,100620,7328,28744,0,0,0,0.00,0,0.00,0,0,0.00,26566,7584,36821,0,0,458,0.00,0.00,0.00,0,0.00,0.00,0.00,0.00,0.00,0.00,0.00,0.00,0.00,0.00,0.00,0.00,0.00,0.00,32674.00,0.00,47534.21,0.00,0.00,0.00,0.00,0.00,0.00,0.00,0.00,1.00,0.00,0.00,0.00,0.00,0.00,0.00,0.00,0.00,0.00,0.00,0.00,0.00,0.00,0.00,0.00,0.00,0.00,0.00,0.00,0.00,0.00,0.00,721,3,5,0,0,0,32671.00,0.00,726.00,0.00,32670.00,726.00,0.00,0.00,0.00,0.00,0.00,0.00,0.00,0.00,0.00,0.00,0.00,0.00,0.00,0.00,0.00,0.00,0.00,0.00,0.00,0.00,0.00,0.00,0.00,0.00,0.00,0.00,0.00,0.00,0.00,0.00,0.00,0.00,0.00,0.00,0.00,0.00,0.00,0.00,726.00,0.00,0.00,0.00,0.00,0.00,0.00,0.00,0.00,0.00,0.00,3,2,1,0,0.00,0.00,0.00,0.00,0.00,0.00,0.00,0.00,0.00,0.00,0.00,0.00,0.00,0.00,0.00,0.00,0.00,0.00,0.00,0.00,0.00,0.00,0.00,0.00,0.00,0.00,0.00,0.00,0.00,0.00,0.00,0.00,0.00,0.00,0.00,0.00,0.00,0.00,0.00,0.00,0.00,0.00,0.00,0.00,0.00,0.00,0.00,0.00,0.00,0.00,0.00,0.00,0.00,32674.00,0.00,0.00,0.00,0.00,1995.37
0.00,0.00,0.00,0.00,0.00,0.00,4.50,0.00,0.00,95.50,0.00,313.00,0.00,0.00,0.00,0.00,0.00,0.00,12460.00,0.00,0.00,0.00,0.00,0.00,0.00,0.00,0.00,0.00,674744,1141748,1365976,66.94,47760,540936,3730136,182.79,846676,356020,160,614084,100620,7328,28744,0,0,0,0.00,0,0.00,0,0,0.00,26566,7584,36821,0,0,458,0.00,0.00,0.00,0,0.00,0.00,0.00,0.00,0.00,0.00,0.00,0.00,0.00,0.00,0.00,0.00,0.00,0.00,24807.00,0.00,36076.67,0.00,0.00,0.00,0.00,0.00,0.00,0.00,0.00,0.00,0.00,0.00,0.00,0.00,0.00,0.00,0.00,0.00,0.00,0.00,0.00,0.00,0.00,0.00,0.00,0.00,0.00,0.00,0.00,0.00,0.00,0.00,721,3,5,0,0,0,24795.00,0.00,551.00,0.00,24795.00,551.00,0.00,0.00,0.00,0.00,0.00,0.00,0.00,0.00,0.00,0.00,0.00,0.00,0.00,0.00,0.00,0.00,0.00,0.00,0.00,0.00,0.00,0.00,0.00,0.00,0.00,0.00,0.00,0.00,0.00,0.00,0.00,0.00,0.00,0.00,0.00,0.00,0.00,0.00,551.00,0.00,0.00,0.00,0.00,0.00,0.00,0.00,0.00,0.00,0.00,3,2,1,0,0.00,0.00,0.00,0.00,0.00,0.00,0.00,0.00,0.00,0.00,0.00,0.00,0.00,0.00,0.00,0.00,0.00,0.00,0.00,0.00,0.00,0.00,0.00,0.00,0.00,0.00,0.00,0.00,0.00,0.00,0.00,0.00,0.00,0.00,0.00,0.00,0.00,0.00,0.00,0.00,0.00,0.00,0.00,0.00,0.00,0.00,0.00,0.00,0.00,0.00,0.00,0.00,0.00,24852.00,0.00,0.00,0.00,0.00,1995.37
0.50,0.00,0.00,0.00,0.00,0.00,4.00,0.00,0.00,95.50,0.00,300.00,0.00,0.00,0.00,0.00,0.00,0.00,13492.00,0.00,0.00,0.00,0.00,0.00,0.00,0.00,0.00,0.00,674720,1141724,1366000,66.94,47760,540952,3730136,182.79,846676,356020,176,614084,100620,7328,28744,0,0,0,0.00,0,0.00,0,0,0.00,26566,7584,36821,0,0,458,0.00,0.00,0.00,0,0.00,0.00,0.00,0.00,0.00,0.00,0.00,0.00,0.00,0.00,0.00,0.00,0.00,0.00,26776.00,0.00,38956.87,0.00,0.00,0.00,0.00,0.00,0.00,0.00,0.00,1.00,0.00,0.00,0.00,0.00,0.00,0.00,0.00,0.00,0.00,0.00,0.00,0.00,0.00,0.00,0.00,0.00,0.00,0.00,0.00,0.00,0.00,0.00,721,3,5,0,0,0,26775.00,0.00,595.00,0.00,26775.00,595.00,0.00,0.00,0.00,0.00,0.00,0.00,0.00,0.00,0.00,0.00,0.00,0.00,0.00,0.00,0.00,0.00,0.00,0.00,0.00,0.00,0.00,0.00,0.00,0.00,0.00,0.00,0.00,0.00,0.00,0.00,0.00,0.00,0.00,0.00,0.00,0.00,0.00,0.00,596.00,0.00,0.00,0.00,0.00,0.00,0.00,0.00,0.00,0.00,0.00,3,2,1,0,0.00,0.00,0.00,0.00,0.00,0.00,0.00,0.00,0.00,0.00,0.00,0.00,0.00,0.00,0.00,0.00,0.00,0.00,0.00,0.00,0.00,0.00,0.00,0.00,0.00,0.00,0.00,0.00,0.00,0.00,0.00,0.00,0.00,0.00,0.00,0.00,0.00,0.00,0.00,0.00,0.00,0.00,0.00,0.00,0.00,0.00,0.00,0.00,0.00,0.00,0.00,0.00,0.00,26821.00,0.00,0.00,0.00,0.00,1995.37
0.00,0.00,0.51,0.00,0.51,0.00,3.03,0.00,0.00,95.96,0.00,292.00,0.00,0.00,0.00,0.00,0.00,0.00,13020.00,0.00,0.00,0.00,0.00,0.00,0.00,0.00,0.00,0.00,674784,1141788,1365936,66.93,47760,540968,3730136,182.79,846676,356020,192,614084,100620,7328,28744,0,0,0,0.00,0,0.00,0,0,0.00,26566,7584,36821,0,0,458,0.00,0.00,0.00,0,0.00,0.00,0.00,0.00,0.00,0.00,0.00,0.00,0.00,0.00,0.00,0.00,0.00,0.00,25876.00,0.00,37647.51,0.00,0.00,0.00,0.00,0.00,0.00,0.00,0.00,0.00,0.00,0.00,0.00,0.00,0.00,0.00,0.00,0.00,0.00,0.00,0.00,0.00,0.00,0.00,0.00,0.00,0.00,0.00,0.00,0.00,0.00,0.00,721,3,5,0,0,0,25876.00,0.00,575.00,0.00,25875.00,575.00,0.00,0.00,0.00,0.00,0.00,0.00,0.00,0.00,0.00,0.00,0.00,0.00,0.00,0.00,0.00,0.00,0.00,0.00,0.00,0.00,0.00,0.00,0.00,0.00,0.00,0.00,0.00,0.00,0.00,0.00,0.00,0.00,0.00,0.00,0.00,0.00,0.00,0.00,574.00,0.00,0.00,0.00,0.00,0.00,0.00,0.00,0.00,0.00,0.00,3,2,1,0,0.00,0.00,0.00,0.00,0.00,0.00,0.00,0.00,0.00,0.00,0.00,0.00,0.00,0.00,0.00,0.00,0.00,0.00,0.00,0.00,0.00,0.00,0.00,0.00,0.00,0.00,0.00,0.00,0.00,0.00,0.00,0.00,0.00,0.00,0.00,0.00,0.00,0.00,0.00,0.00,0.00,0.00,0.00,0.00,0.00,0.00,0.00,0.00,0.00,0.00,0.00,0.00,0.00,25786.00,0.00,0.00,0.00,0.00,1995.37
0.00,0.00,0.00,5.05,0.00,0.00,4.04,0.00,0.00,90.91,0.00,322.00,0.00,0.00,0.00,12.00,0.00,0.00,15541.00,0.00,0.00,0.00,0.00,2.00,0.00,2.00,0.00,24.00,674720,1141724,1366000,66.94,47768,540972,3730136,182.79,846676,356020,204,614084,100620,7328,28744,0,0,0,0.00,0,0.00,0,0,0.00,26566,7584,36821,0,0,458,0.00,0.00,0.00,0,0.00,0.00,0.00,0.00,0.00,0.00,2.00,0.00,12.00,6.00,0.00,52.00,0.00,0.00,30932.00,0.00,44981.38,0.00,0.00,0.00,0.00,0.00,0.00,0.00,0.00,1.00,0.00,0.00,0.00,0.00,0.00,0.00,0.00,0.00,0.00,0.00,0.00,0.00,0.00,0.00,0.00,0.00,0.00,0.00,0.00,0.00,0.00,0.00,721,3,5,0,0,0,30915.00,0.00,687.00,0.00,30915.00,687.00,0.00,0.00,0.00,0.00,0.00,0.00,0.00,0.00,0.00,0.00,0.00,0.00,0.00,0.00,0.00,0.00,0.00,0.00,0.00,0.00,0.00,0.00,0.00,0.00,0.00,0.00,0.00,0.00,0.00,0.00,0.00,0.00,0.00,0.00,0.00,0.00,0.00,0.00,687.00,0.00,0.00,0.00,0.00,0.00,0.00,0.00,0.00,0.00,0.00,3,2,1,0,0.00,0.00,0.00,0.00,0.00,0.00,0.00,0.00,0.00,0.00,0.00,0.00,0.00,0.00,0.00,0.00,0.00,0.00,0.00,0.00,0.00,0.00,0.00,0.00,0.00,0.00,0.00,0.00,0.00,0.00,0.00,0.00,0.00,0.00,0.00,0.00,0.00,0.00,0.00,0.00,0.00,0.00,0.00,0.00,0.00,0.00,0.00,0.00,0.00,0.00,0.00,0.00,0.00,30932.00,0.00,0.00,0.00,0.00,1995.37
0.00,0.00,0.50,0.00,0.00,0.00,3.98,0.00,0.00,95.52,0.00,309.00,0.00,0.00,0.00,0.00,0.00,0.00,11444.00,0.00,0.00,0.00,0.00,0.00,0.00,0.00,0.00,0.00,674816,1141888,1365904,66.93,47768,540996,3730136,182.79,846724,356080,220,614084,100620,7328,28744,0,0,0,0.00,0,0.00,0,0,0.00,26566,7584,36821,0,0,458,0.00,0.00,0.00,0,0.00,0.00,0.00,0.00,0.00,0.00,0.00,0.00,0.00,0.00,0.00,0.00,0.00,0.00,22645.00,0.00,32933.82,0.00,0.00,0.00,0.00,0.00,0.00,0.00,0.00,0.00,0.00,0.00,0.00,0.00,0.00,0.00,0.00,0.00,0.00,0.00,0.00,0.00,0.00,0.00,0.00,0.00,0.00,0.00,0.00,0.00,0.00,0.00,721,3,5,0,0,0,22635.00,0.00,503.00,0.00,22635.00,503.00,0.00,0.00,0.00,0.00,0.00,0.00,0.00,0.00,0.00,0.00,0.00,0.00,0.00,0.00,0.00,0.00,0.00,0.00,0.00,0.00,0.00,0.00,0.00,0.00,0.00,0.00,0.00,0.00,0.00,0.00,0.00,0.00,0.00,0.00,0.00,0.00,0.00,0.00,503.00,0.00,0.00,0.00,0.00,0.00,0.00,0.00,0.00,0.00,0.00,3,2,1,0,0.00,0.00,0.00,0.00,0.00,0.00,0.00,0.00,0.00,0.00,0.00,0.00,0.00,0.00,0.00,0.00,0.00,0.00,0.00,0.00,0.00,0.00,0.00,0.00,0.00,0.00,0.00,0.00,0.00,0.00,0.00,0.00,0.00,0.00,0.00,0.00,0.00,0.00,0.00,0.00,0.00,0.00,0.00,0.00,0.00,0.00,0.00,0.00,0.00,0.00,0.00,0.00,0.00,22645.00,0.00,0.00,0.00,0.00,1995.37
0.49,0.00,0.00,0.00,0.49,0.00,4.93,0.00,0.00,94.09,0.00,307.00,0.00,0.00,0.00,0.00,0.00,0.00,11764.00,0.00,0.00,0.00,0.00,0.00,0.00,0.00,0.00,0.00,674752,1141824,1365968,66.94,47768,541012,3730136,182.79,846724,356080,236,614084,100620,7328,28744,0,0,0,0.00,0,0.00,0,0,0.00,26566,7584,36821,0,0,458,0.00,0.00,0.00,0,0.00,0.00,0.00,0.00,0.00,0.00,0.00,0.00,0.00,0.00,0.00,0.00,0.00,0.00,23406.00,0.00,34046.76,0.00,0.00,0.00,0.00,0.00,0.00,0.00,0.00,1.00,0.00,0.00,0.00,0.00,0.00,0.00,0.00,0.00,0.00,0.00,0.00,0.00,0.00,0.00,0.00,0.00,0.00,0.00,0.00,0.00,0.00,0.00,721,3,5,0,0,0,23401.00,0.00,520.00,0.00,23400.00,520.00,0.00,0.00,0.00,0.00,0.00,0.00,0.00,0.00,0.00,0.00,0.00,0.00,0.00,0.00,0.00,0.00,0.00,0.00,0.00,0.00,0.00,0.00,0.00,0.00,0.00,0.00,0.00,0.00,0.00,0.00,0.00,0.00,0.00,0.00,0.00,0.00,0.00,0.00,520.00,0.00,0.00,0.00,0.00,0.00,0.00,0.00,0.00,0.00,0.00,3,2,1,0,0.00,0.00,0.00,0.00,0.00,0.00,0.00,0.00,0.00,0.00,0.00,0.00,0.00,0.00,0.00,0.00,0.00,0.00,0.00,0.00,0.00,0.00,0.00,0.00,0.00,0.00,0.00,0.00,0.00,0.00,0.00,0.00,0.00,0.00,0.00,0.00,0.00,0.00,0.00,0.00,0.00,0.00,0.00,0.00,0.00,0.00,0.00,0.00,0.00,0.00,0.00,0.00,0.00,23406.00,0.00,0.00,0.00,0.00,1995.37
0.00,0.00,0.50,0.00,0.00,0.00,3.52,0.00,0.00,95.98,0.00,301.00,0.00,0.00,0.00,0.00,0.00,0.00,12148.00,0.00,0.00,0.00,0.00,0.00,0.00,0.00,0.00,0.00,674784,1141856,1365936,66.93,47768,541028,3730136,182.79,846724,356080,252,614084,100620,7328,28744,0,0,0,0.00,0,0.00,0,0,0.00,26566,7584,36821,0,0,458,0.00,0.00,0.00,0,0.00,0.00,0.00,0.00,0.00,0.00,0.00,0.00,0.00,0.00,0.00,0.00,0.00,0.00,24129.00,1.00,35094.39,0.04,0.00,0.00,0.00,0.00,0.00,0.00,0.00,0.00,0.00,0.00,0.00,0.00,0.00,0.00,0.00,0.00,0.00,0.00,0.00,0.00,0.00,0.00,0.00,0.00,0.00,0.00,0.00,0.00,0.00,0.00,721,3,5,0,0,0,24120.00,0.00,536.00,0.00,24120.00,536.00,0.00,0.00,0.00,0.00,0.00,0.00,0.00,0.00,0.00,0.00,0.00,0.00,0.00,0.00,0.00,0.00,0.00,0.00,0.00,0.00,0.00,0.00,0.00,0.00,0.00,0.00,0.00,0.00,0.00,0.00,0.00,0.00,0.00,0.00,0.00,0.00,0.00,0.00,536.00,0.00,0.00,0.00,0.00,0.00,0.00,0.00,0.00,0.00,0.00,3,2,1,0,0.00,0.00,0.00,0.00,0.00,0.00,0.00,0.00,0.00,0.00,0.00,0.00,0.00,0.00,0.00,0.00,0.00,0.00,0.00,0.00,0.00,0.00,0.00,0.00,0.00,0.00,0.00,0.00,0.00,0.00,0.00,0.00,0.00,0.00,0.00,0.00,0.00,0.00,0.00,0.00,0.00,0.00,0.00,0.00,0.00,0.00,0.00,0.00,0.00,0.00,0.00,0.00,0.00,24219.00,0.00,0.00,0.00,0.00,1995.37
0.50,0.00,0.00,0.00,0.00,0.00,3.48,0.00,0.00,96.02,0.00,297.00,0.00,0.00,0.00,0.00,0.00,0.00,10708.00,0.00,0.00,0.00,0.00,0.00,0.00,0.00,0.00,0.00,674720,1141848,1366000,66.94,47768,541044,3730136,182.79,846724,356136,268,614084,100620,7328,28744,0,0,0,0.00,0,0.00,0,0,0.00,26566,7584,36821,0,0,458,0.00,0.00,0.00,0,0.00,0.00,0.00,0.00,0.00,0.00,0.00,0.00,0.00,0.00,0.00,0.00,0.00,0.00,21251.00,0.00,30904.20,0.00,0.00,0.00,0.00,0.00,0.00,0.00,0.00,1.00,0.00,0.00,0.00,0.00,0.00,0.00,0.00,0.00,0.00,0.00,0.00,0.00,0.00,0.00,0.00,0.00,0.00,0.00,0.00,0.00,0.00,0.00,721,3,5,0,0,0,21240.00,0.00,472.00,0.00,21240.00,472.00,0.00,0.00,0.00,0.00,0.00,0.00,0.00,0.00,0.00,0.00,0.00,0.00,0.00,0.00,0.00,0.00,0.00,0.00,0.00,0.00,0.00,0.00,0.00,0.00,0.00,0.00,0.00,0.00,0.00,0.00,0.00,0.00,0.00,0.00,0.00,0.00,0.00,0.00,472.00,0.00,0.00,0.00,0.00,0.00,0.00,0.00,0.00,0.00,0.00,3,2,1,0,0.00,0.00,0.00,0.00,0.00,0.00,0.00,0.00,0.00,0.00,0.00,0.00,0.00,0.00,0.00,0.00,0.00,0.00,0.00,0.00,0.00,0.00,0.00,0.00,0.00,0.00,0.00,0.00,0.00,0.00,0.00,0.00,0.00,0.00,0.00,0.00,0.00,0.00,0.00,0.00,0.00,0.00,0.00,0.00,0.00,0.00,0.00,0.00,0.00,0.00,0.00,0.00,0.00,21161.00,0.00,0.00,0.00,0.00,1995.37
0.49,0.00,0.49,0.98,0.49,0.00,4.90,0.00,0.00,92.65,0.00,324.00,0.00,0.00,0.00,12.00,0.00,0.00,11733.00,0.00,0.00,0.00,0.00,2.00,0.00,2.00,0.00,24.00,674596,1141728,1366124,66.94,47776,541052,3730136,182.79,846724,356136,284,614084,100624,7328,28744,0,0,0,0.00,0,0.00,0,0,0.00,26566,7584,36821,0,0,458,0.00,0.00,0.00,0,0.00,0.00,0.00,0.00,0.00,0.00,2.00,0.00,12.00,6.00,0.00,14.00,0.00,0.00,23281.00,0.00,33851.41,0.00,0.00,0.00,0.00,0.00,0.00,0.00,0.00,0.00,0.00,0.00,0.00,0.00,0.00,0.00,0.00,0.00,0.00,0.00,0.00,0.00,0.00,0.00,0.00,0.00,0.00,0.00,0.00,0.00,0.00,0.00,721,3,5,0,0,0,23313.00,0.00,518.00,0.00,23310.00,518.00,0.00,0.00,0.00,0.00,0.00,0.00,0.00,0.00,0.00,0.00,0.00,0.00,0.00,0.00,0.00,0.00,0.00,0.00,0.00,0.00,0.00,0.00,0.00,0.00,0.00,0.00,0.00,0.00,0.00,0.00,0.00,0.00,0.00,0.00,0.00,0.00,0.00,0.00,518.00,0.00,0.00,0.00,0.00,0.00,0.00,0.00,0.00,0.00,0.00,3,2,1,0,0.00,0.00,0.00,0.00,0.00,0.00,0.00,0.00,0.00,0.00,0.00,0.00,0.00,0.00,0.00,0.00,0.00,0.00,0.00,0.00,0.00,0.00,0.00,0.00,0.00,0.00,0.00,0.00,0.00,0.00,0.00,0.00,0.00,0.00,0.00,0.00,0.00,0.00,0.00,0.00,0.00,0.00,0.00,0.00,0.00,0.00,0.00,0.00,0.00,0.00,0.00,0.00,0.00,23326.00,0.00,0.00,0.00,0.00,1995.37
0.00,0.00,0.00,0.00,0.00,0.00,2.02,0.00,0.00,97.98,0.00,280.00,0.00,0.00,0.00,0.00,0.00,0.00,7692.00,0.00,0.00,0.00,0.00,0.00,0.00,0.00,0.00,0.00,674724,1141856,1365996,66.94,47776,541076,3730136,182.79,846724,356136,300,614084,100624,7328,28744,0,0,0,0.00,0,0.00,0,0,0.00,26566,7584,36821,0,0,458,0.00,0.00,0.00,0,0.00,0.00,0.00,0.00,0.00,0.00,0.00,0.00,0.00,0.00,0.00,0.00,0.00,0.00,15306.00,0.00,22261.42,0.00,0.00,0.00,0.00,0.00,0.00,0.00,0.00,1.00,0.00,0.00,0.00,0.00,0.00,0.00,0.00,0.00,0.00,0.00,0.00,0.00,0.00,0.00,0.00,0.00,0.00,0.00,0.00,0.00,0.00,0.00,721,3,5,0,0,0,15256.00,0.00,340.00,0.00,15255.00,339.00,0.00,0.00,0.00,0.00,0.00,0.00,0.00,0.00,0.00,0.00,0.00,0.00,0.00,0.00,0.00,0.00,0.00,0.00,0.00,0.00,0.00,0.00,0.00,0.00,0.00,0.00,0.00,0.00,0.00,0.00,0.00,0.00,0.00,0.00,0.00,0.00,0.00,0.00,339.00,0.00,0.00,0.00,0.00,0.00,0.00,0.00,0.00,0.00,0.00,3,2,1,0,0.00,0.00,0.00,0.00,0.00,0.00,0.00,0.00,0.00,0.00,0.00,0.00,0.00,0.00,0.00,0.00,0.00,0.00,0.00,0.00,0.00,0.00,0.00,0.00,0.00,0.00,0.00,0.00,0.00,0.00,0.00,0.00,0.00,0.00,0.00,0.00,0.00,0.00,0.00,0.00,0.00,0.00,0.00,0.00,0.00,0.00,0.00,0.00,0.00,0.00,0.00,0.00,0.00,15261.00,0.00,0.00,0.00,0.00,1995.37
0.00,0.00,0.50,0.00,0.00,0.00,3.02,0.00,0.00,96.48,0.00,300.00,0.00,0.00,0.00,0.00,0.00,0.00,8835.00,0.00,0.00,0.00,0.00,0.00,0.00,0.00,0.00,0.00,674628,1141760,1366092,66.94,47776,541092,3730136,182.79,846724,356136,316,614084,100624,7328,28744,0,0,0,0.00,0,0.00,0,0,0.00,26566,7584,36821,0,0,458,0.00,0.00,0.00,0,0.00,0.00,0.00,0.00,0.00,0.00,0.00,0.00,0.00,0.00,0.00,0.00,0.00,0.00,17514.00,0.00,25470.12,0.00,0.00,0.00,0.00,0.00,0.00,0.00,0.00,0.00,0.00,0.00,0.00,0.00,0.00,0.00,0.00,0.00,0.00,0.00,0.00,0.00,0.00,0.00,0.00,0.00,0.00,0.00,0.00,0.00,0.00,0.00,721,3,5,0,0,0,17508.00,0.00,392.00,0.00,17505.00,389.00,0.00,0.00,0.00,0.00,0.00,0.00,0.00,0.00,0.00,0.00,0.00,0.00,0.00,0.00,0.00,0.00,0.00,0.00,0.00,0.00,0.00,0.00,0.00,0.00,0.00,0.00,0.00,0.00,0.00,0.00,0.00,0.00,0.00,0.00,0.00,0.00,0.00,0.00,389.00,0.00,0.00,0.00,0.00,0.00,0.00,0.00,0.00,0.00,0.00,3,2,1,0,0.00,0.00,0.00,0.00,0.00,0.00,0.00,0.00,0.00,0.00,0.00,0.00,0.00,0.00,0.00,0.00,0.00,0.00,0.00,0.00,0.00,0.00,0.00,0.00,0.00,0.00,0.00,0.00,0.00,0.00,0.00,0.00,0.00,0.00,0.00,0.00,0.00,0.00,0.00,0.00,0.00,0.00,0.00,0.00,0.00,0.00,0.00,0.00,0.00,0.00,0.00,0.00,0.00,17514.00,0.00,0.00,0.00,0.00,1995.37
0.49,0.00,0.49,0.00,0.49,0.00,3.45,0.00,0.00,95.07,0.00,301.00,0.00,0.00,0.00,28.00,0.00,0.00,8716.00,0.00,0.00,0.00,0.00,7.00,0.00,7.00,0.00,56.00,674660,1141848,1366060,66.94,47776,541108,3730136,182.79,846724,356192,332,614084,100624,7328,28744,0,0,0,0.00,0,0.00,0,0,0.00,26566,7584,36821,0,0,458,0.00,0.00,0.00,0,0.00,0.00,0.00,0.00,0.00,0.00,7.00,0.00,28.00,4.00,0.00,0.00,0.00,0.00,17287.00,0.00,25142.29,0.00,0.00,0.00,0.00,0.00,0.00,0.00,0.00,1.00,0.00,0.00,0.00,0.00,0.00,0.00,0.00,0.00,0.00,0.00,0.00,0.00,0.00,0.00,0.00,0.00,0.00,0.00,0.00,0.00,0.00,0.00,721,3,5,0,0,0,17280.00,0.00,384.00,0.00,17280.00,384.00,0.00,0.00,0.00,0.00,0.00,0.00,0.00,0.00,0.00,0.00,0.00,0.00,0.00,0.00,0.00,0.00,0.00,0.00,0.00,0.00,0.00,0.00,0.00,0.00,0.00,0.00,0.00,0.00,0.00,0.00,0.00,0.00,0.00,0.00,0.00,0.00,0.00,0.00,384.00,0.00,0.00,0.00,0.00,0.00,0.00,0.00,0.00,0.00,0.00,3,2,1,0,0.00,0.00,0.00,0.00,0.00,0.00,0.00,0.00,0.00,0.00,0.00,0.00,0.00,0.00,0.00,0.00,0.00,0.00,0.00,0.00,0.00,0.00,0.00,0.00,0.00,0.00,0.00,0.00,0.00,0.00,0.00,0.00,0.00,0.00,0.00,0.00,0.00,0.00,0.00,0.00,0.00,0.00,0.00,0.00,0.00,0.00,0.00,0.00,0.00,0.00,0.00,0.00,0.00,17332.00,0.00,0.00,0.00,0.00,1995.37
0.51,0.00,0.00,0.00,0.00,0.00,1.52,0.00,0.00,97.98,0.00,287.00,0.00,0.00,0.00,0.00,0.00,0.00,6028.00,0.00,0.00,0.00,0.00,0.00,0.00,0.00,0.00,0.00,674720,1141920,1366000,66.94,47776,541120,3730136,182.79,846740,356188,316,614084,100624,7328,28744,0,0,0,0.00,0,0.00,0,0,0.00,26566,7584,36821,0,0,458,0.00,0.00,0.00,0,0.00,0.00,0.00,0.00,0.00,0.00,0.00,0.00,0.00,0.00,0.00,0.00,0.00,0.00,12036.00,0.00,17482.81,0.00,0.00,0.00,0.00,0.00,0.00,0.00,0.00,0.00,0.00,0.00,0.00,0.00,0.00,0.00,0.00,0.00,0.00,0.00,0.00,0.00,0.00,0.00,0.00,0.00,0.00,0.00,0.00,0.00,0.00,0.00,721,3,5,0,0,0,12016.00,0.00,267.00,0.00,12015.00,267.00,0.00,0.00,0.00,0.00,0.00,0.00,0.00,0.00,0.00,0.00,0.00,0.00,0.00,0.00,0.00,0.00,0.00,0.00,0.00,0.00,0.00,0.00,0.00,0.00,0.00,0.00,0.00,0.00,0.00,0.00,0.00,0.00,0.00,0.00,0.00,0.00,0.00,0.00,267.00,0.00,0.00,0.00,0.00,0.00,0.00,0.00,0.00,0.00,0.00,3,2,1,0,0.00,0.00,0.00,0.00,0.00,0.00,0.00,0.00,0.00,0.00,0.00,0.00,0.00,0.00,0.00,0.00,0.00,0.00,0.00,0.00,0.00,0.00,0.00,0.00,0.00,0.00,0.00,0.00,0.00,0.00,0.00,0.00,0.00,0.00,0.00,0.00,0.00,0.00,0.00,0.00,0.00,0.00,0.00,0.00,0.00,0.00,0.00,0.00,0.00,0.00,0.00,0.00,0.00,11991.00,0.00,0.00,0.00,0.00,1995.37
0.51,0.00,0.00,2.02,0.00,0.00,2.02,0.00,0.00,95.45,0.00,296.00,0.00,0.00,0.00,12.00,2.00,0.00,6579.00,0.00,0.00,0.00,0.00,2.00,0.00,2.00,0.00,24.00,674752,1141960,1365968,66.94,47784,541136,3730136,182.79,846748,356188,332,614084,100624,7328,28744,0,0,0,0.00,0,0.00,0,0,0.00,26566,7584,36821,0,0,458,0.00,0.00,0.00,0,0.00,0.00,0.00,0.00,0.00,0.00,2.00,0.00,12.00,6.00,0.00,24.00,0.00,0.00,13055.00,0.00,18987.65,0.00,0.00,0.00,0.00,0.00,0.00,0.00,0.00,1.00,0.00,0.00,0.00,0.00,0.00,0.00,0.00,0.00,0.00,0.00,0.00,0.00,0.00,0.00,0.00,0.00,0.00,0.00,0.00,0.00,0.00,0.00,721,3,5,0,0,0,13050.00,0.00,290.00,0.00,13050.00,290.00,0.00,0.00,0.00,0.00,0.00,0.00,0.00,0.00,0.00,0.00,0.00,0.00,0.00,0.00,0.00,0.00,0.00,0.00,0.00,0.00,0.00,0.00,0.00,0.00,0.00,0.00,0.00,0.00,0.00,0.00,0.00,0.00,0.00,0.00,0.00,0.00,0.00,0.00,290.00,0.00,0.00,0.00,0.00,0.00,0.00,0.00,0.00,0.00,0.00,3,2,1,0,0.00,0.00,0.00,0.00,0.00,0.00,0.00,0.00,0.00,0.00,0.00,0.00,0.00,0.00,0.00,0.00,0.00,0.00,0.00,0.00,0.00,0.00,0.00,0.00,0.00,0.00,0.00,0.00,0.00,0.00,0.00,0.00,0.00,0.00,0.00,0.00,0.00,0.00,0.00,0.00,0.00,0.00,0.00,0.00,0.00,0.00,0.00,0.00,0.00,0.00,0.00,0.00,0.00,13055.00,0.00,0.00,0.00,0.00,1995.37
0.50,0.00,0.50,0.00,0.50,0.00,1.00,0.00,0.00,97.50,0.00,285.00,0.00,0.00,0.00,0.00,0.00,0.00,4900.00,0.00,0.00,0.00,0.00,0.00,0.00,0.00,0.00,0.00,674720,1141984,1366000,66.94,47784,541152,3730136,182.79,846748,356244,348,614084,100624,7328,28744,0,0,0,0.00,0,0.00,0,0,0.00,26566,7584,36821,0,0,458,0.00,0.00,0.00,0,0.00,0.00,0.00,0.00,0.00,0.00,0.00,0.00,0.00,0.00,0.00,0.00,0.00,0.00,9724.00,0.00,14142.55,0.00,0.00,0.00,0.00,0.00,0.00,0.00,0.00,0.00,0.00,0.00,0.00,0.00,0.00,0.00,0.00,0.00,0.00,0.00,0.00,0.00,0.00,0.00,0.00,0.00,0.00,0.00,0.00,0.00,0.00,0.00,721,3,5,0,0,0,9720.00,0.00,216.00,0.00,9720.00,216.00,0.00,0.00,0.00,0.00,0.00,0.00,0.00,0.00,0.00,0.00,0.00,0.00,0.00,0.00,0.00,0.00,0.00,0.00,0.00,0.00,0.00,0.00,0.00,0.00,0.00,0.00,0.00,0.00,0.00,0.00,0.00,0.00,0.00,0.00,0.00,0.00,0.00,0.00,216.00,0.00,0.00,0.00,0.00,0.00,0.00,0.00,0.00,0.00,0.00,3,2,1,0,0.00,0.00,0.00,0.00,0.00,0.00,0.00,0.00,0.00,0.00,0.00,0.00,0.00,0.00,0.00,0.00,0.00,0.00,0.00,0.00,0.00,0.00,0.00,0.00,0.00,0.00,0.00,0.00,0.00,0.00,0.00,0.00,0.00,0.00,0.00,0.00,0.00,0.00,0.00,0.00,0.00,0.00,0.00,0.00,0.00,0.00,0.00,0.00,0.00,0.00,0.00,0.00,0.00,9769.00,0.00,0.00,0.00,0.00,1995.37
0.00,0.00,0.51,0.00,0.00,0.00,1.01,0.00,0.00,98.48,0.00,278.00,0.00,0.00,0.00,0.00,0.00,0.00,4412.00,0.00,0.00,0.00,0.00,0.00,0.00,0.00,0.00,0.00,674660,1141924,1366060,66.94,47784,541168,3730136,182.79,846748,356244,364,614084,100624,7328,28744,0,0,0,0.00,0,0.00,0,0,0.00,26566,7584,36821,0,0,458,0.00,0.00,0.00,0,0.00,0.00,0.00,0.00,0.00,0.00,0.00,0.00,0.00,0.00,0.00,0.00,0.00,0.00,8734.00,0.00,12702.24,0.00,0.00,0.00,0.00,0.00,0.00,0.00,0.00,1.00,0.00,0.00,0.00,0.00,0.00,0.00,0.00,0.00,0.00,0.00,0.00,0.00,0.00,0.00,0.00,0.00,0.00,0.00,0.00,0.00,0.00,0.00,721,3,5,0,0,0,8731.00,0.00,194.00,0.00,8730.00,194.00,0.00,0.00,0.00,0.00,0.00,0.00,0.00,0.00,0.00,0.00,0.00,0.00,0.00,0.00,0.00,0.00,0.00,0.00,0.00,0.00,0.00,0.00,0.00,0.00,0.00,0.00,0.00,0.00,0.00,0.00,0.00,0.00,0.00,0.00,0.00,0.00,0.00,0.00,194.00,0.00,0.00,0.00,0.00,0.00,0.00,0.00,0.00,0.00,0.00,3,2,1,0,0.00,0.00,0.00,0.00,0.00,0.00,0.00,0.00,0.00,0.00,0.00,0.00,0.00,0.00,0.00,0.00,0.00,0.00,0.00,0.00,0.00,0.00,0.00,0.00,0.00,0.00,0.00,0.00,0.00,0.00,0.00,0.00,0.00,0.00,0.00,0.00,0.00,0.00,0.00,0.00,0.00,0.00,0.00,0.00,0.00,0.00,0.00,0.00,0.00,0.00,0.00,0.00,0.00,8689.00,0.00,0.00,0.00,0.00,1995.37
0.00,0.00,0.00,0.00,0.00,0.00,1.51,0.00,0.00,98.49,0.00,280.00,0.00,0.00,0.00,0.00,0.00,0.00,3852.00,0.00,0.00,0.00,0.00,0.00,0.00,0.00,0.00,0.00,674536,1141800,1366184,66.95,47784,541184,3730136,182.79,846748,356244,380,614084,100624,7328,28744,0,0,0,0.00,0,0.00,0,0,0.00,26566,7584,36821,0,0,458,0.00,0.00,0.00,0,0.00,0.00,0.00,0.00,0.00,0.00,0.00,0.00,0.00,0.00,0.00,0.00,0.00,0.00,7709.00,0.00,11196.81,0.00,0.00,0.00,0.00,0.00,0.00,0.00,0.00,0.00,0.00,0.00,0.00,0.00,0.00,0.00,0.00,0.00,0.00,0.00,0.00,0.00,0.00,0.00,0.00,0.00,0.00,0.00,0.00,0.00,0.00,0.00,721,3,5,0,0,0,7695.00,0.00,171.00,0.00,7695.00,171.00,0.00,0.00,0.00,0.00,0.00,0.00,0.00,0.00,0.00,0.00,0.00,0.00,0.00,0.00,0.00,0.00,0.00,0.00,0.00,0.00,0.00,0.00,0.00,0.00,0.00,0.00,0.00,0.00,0.00,0.00,0.00,0.00,0.00,0.00,0.00,0.00,0.00,0.00,171.00,0.00,0.00,0.00,0.00,0.00,0.00,0.00,0.00,0.00,0.00,3,2,1,0,0.00,0.00,0.00,0.00,0.00,0.00,0.00,0.00,0.00,0.00,0.00,0.00,0.00,0.00,0.00,0.00,0.00,0.00,0.00,0.00,0.00,0.00,0.00,0.00,0.00,0.00,0.00,0.00,0.00,0.00,0.00,0.00,0.00,0.00,0.00,0.00,0.00,0.00,0.00,0.00,0.00,0.00,0.00,0.00,0.00,0.00,0.00,0.00,0.00,0.00,0.00,0.00,0.00,7709.00,0.00,0.00,0.00,0.00,1995.37
0.49,0.00,0.00,0.00,0.49,0.00,2.46,0.00,0.00,96.55,0.00,281.00,0.00,0.00,0.00,0.00,0.00,0.00,3500.00,0.00,0.00,0.00,0.00,0.00,0.00,0.00,0.00,0.00,674536,1141800,1366184,66.95,47784,541200,3730136,182.79,846748,356244,396,614084,100624,7328,28744,0,0,0,0.00,0,0.00,0,0,0.00,26566,7584,36821,0,0,458,0.00,0.00,0.00,0,0.00,0.00,0.00,0.00,0.00,0.00,0.00,0.00,0.00,0.00,0.00,0.00,0.00,0.00,6936.00,0.00,10083.29,0.00,0.00,0.00,0.00,0.00,0.00,0.00,0.00,1.00,0.00,0.00,0.00,0.00,0.00,0.00,0.00,0.00,0.00,0.00,0.00,0.00,0.00,0.00,0.00,0.00,0.00,0.00,0.00,0.00,0.00,0.00,721,3,5,0,0,0,6930.00,0.00,154.00,0.00,6930.00,154.00,0.00,0.00,0.00,0.00,0.00,0.00,0.00,0.00,0.00,0.00,0.00,0.00,0.00,0.00,0.00,0.00,0.00,0.00,0.00,0.00,0.00,0.00,0.00,0.00,0.00,0.00,0.00,0.00,0.00,0.00,0.00,0.00,0.00,0.00,0.00,0.00,0.00,0.00,154.00,0.00,0.00,0.00,0.00,0.00,0.00,0.00,0.00,0.00,0.00,3,2,1,0,0.00,0.00,0.00,0.00,0.00,0.00,0.00,0.00,0.00,0.00,0.00,0.00,0.00,0.00,0.00,0.00,0.00,0.00,0.00,0.00,0.00,0.00,0.00,0.00,0.00,0.00,0.00,0.00,0.00,0.00,0.00,0.00,0.00,0.00,0.00,0.00,0.00,0.00,0.00,0.00,0.00,0.00,0.00,0.00,0.00,0.00,0.00,0.00,0.00,0.00,0.00,0.00,0.00,6981.00,0.00,0.00,0.00,0.00,1995.37
0.00,0.00,1.00,2.50,0.00,0.00,0.50,0.00,0.00,96.00,0.00,278.00,0.00,0.00,0.00,12.00,0.00,0.00,3166.00,0.00,0.00,0.00,0.00,2.00,0.00,2.00,0.00,24.00,674440,1141760,1366280,66.95,47792,541216,3730136,182.79,846748,356300,412,614084,100628,7328,28744,0,0,0,0.00,0,0.00,0,0,0.00,26566,7584,36821,0,0,458,0.00,0.00,0.00,0,0.00,0.00,0.00,0.00,0.00,0.00,2.00,0.00,12.00,6.00,0.00,24.00,0.00,0.00,6261.00,0.00,9101.30,0.00,0.00,0.00,0.00,0.00,0.00,0.00,0.00,0.00,0.00,0.00,0.00,0.00,0.00,0.00,0.00,0.00,0.00,0.00,0.00,0.00,0.00,0.00,0.00,0.00,0.00,0.00,0.00,0.00,0.00,0.00,721,3,5,0,0,0,6256.00,0.00,139.00,0.00,6255.00,139.00,0.00,0.00,0.00,0.00,0.00,0.00,0.00,0.00,0.00,0.00,0.00,0.00,0.00,0.00,0.00,0.00,0.00,0.00,0.00,0.00,0.00,0.00,0.00,0.00,0.00,0.00,0.00,0.00,0.00,0.00,0.00,0.00,0.00,0.00,0.00,0.00,0.00,0.00,139.00,0.00,0.00,0.00,0.00,0.00,0.00,0.00,0.00,0.00,0.00,3,2,1,0,0.00,0.00,0.00,0.00,0.00,0.00,0.00,0.00,0.00,0.00,0.00,0.00,0.00,0.00,0.00,0.00,0.00,0.00,0.00,0.00,0.00,0.00,0.00,0.00,0.00,0.00,0.00,0.00,0.00,0.00,0.00,0.00,0.00,0.00,0.00,0.00,0.00,0.00,0.00,0.00,0.00,0.00,0.00,0.00,0.00,0.00,0.00,0.00,0.00,0.00,0.00,0.00,0.00,6216.00,0.00,0.00,0.00,0.00,1995.37
0.50,0.00,0.50,0.00,0.00,0.00,0.50,0.00,0.00,98.50,0.00,251.00,0.00,0.00,0.00,0.00,0.00,0.00,1972.00,0.00,0.00,0.00,0.00,0.00,0.00,0.00,0.00,0.00,674472,1141792,1366248,66.95,47792,541232,3730136,182.79,846748,356300,428,614084,100628,7328,28744,0,0,0,0.00,0,0.00,0,0,0.00,26566,7584,36821,0,0,458,0.00,0.00,0.00,0,0.00,0.00,0.00,0.00,0.00,0.00,0.00,0.00,0.00,0.00,0.00,0.00,0.00,0.00,3923.00,0.00,5696.67,0.00,0.00,0.00,0.00,0.00,0.00,0.00,0.00,1.00,0.00,0.00,0.00,0.00,0.00,0.00,0.00,0.00,0.00,0.00,0.00,0.00,0.00,0.00,0.00,0.00,0.00,0.00,0.00,0.00,0.00,0.00,721,3,5,0,0,0,3915.00,0.00,87.00,0.00,3915.00,87.00,0.00,0.00,0.00,0.00,0.00,0.00,0.00,0.00,0.00,0.00,0.00,0.00,0.00,0.00,0.00,0.00,0.00,0.00,0.00,0.00,0.00,0.00,0.00,0.00,0.00,0.00,0.00,0.00,0.00,0.00,0.00,0.00,0.00,0.00,0.00,0.00,0.00,0.00,87.00,0.00,0.00,0.00,0.00,0.00,0.00,0.00,0.00,0.00,0.00,3,2,1,0,0.00,0.00,0.00,0.00,0.00,0.00,0.00,0.00,0.00,0.00,0.00,0.00,0.00,0.00,0.00,0.00,0.00,0.00,0.00,0.00,0.00,0.00,0.00,0.00,0.00,0.00,0.00,0.00,0.00,0.00,0.00,0.00,0.00,0.00,0.00,0.00,0.00,0.00,0.00,0.00,0.00,0.00,0.00,0.00,0.00,0.00,0.00,0.00,0.00,0.00,0.00,0.00,0.00,3923.00,0.00,0.00,0.00,0.00,1995.37
0.51,0.00,0.00,0.00,0.00,0.00,0.51,0.00,0.00,98.99,0.00,285.00,0.00,0.00,0.00,0.00,0.00,0.00,2045.00,0.00,0.00,0.00,0.00,0.00,0.00,0.00,0.00,0.00,674472,1141792,1366248,66.95,47792,541244,3730136,182.79,846748,356300,440,614084,100628,7328,28744,0,0,0,0.00,0,0.00,0,0,0.00,26566,7584,36821,0,0,458,0.00,0.00,0.00,0,0.00,0.00,0.00,0.00,0.00,0.00,0.00,0.00,0.00,0.00,0.00,0.00,0.00,0.00,4023.00,0.00,5828.21,0.00,0.00,0.00,0.00,0.00,0.00,0.00,0.00,0.00,0.00,0.00,0.00,0.00,0.00,0.00,0.00,0.00,0.00,0.00,0.00,0.00,0.00,0.00,0.00,0.00,0.00,0.00,0.00,0.00,0.00,0.00,721,3,5,0,0,0,4005.00,0.00,89.00,0.00,4005.00,89.00,0.00,0.00,0.00,0.00,0.00,0.00,0.00,0.00,0.00,0.00,0.00,0.00,0.00,0.00,0.00,0.00,0.00,0.00,0.00,0.00,0.00,0.00,0.00,0.00,0.00,0.00,0.00,0.00,0.00,0.00,0.00,0.00,0.00,0.00,0.00,0.00,0.00,0.00,89.00,0.00,0.00,0.00,0.00,0.00,0.00,0.00,0.00,0.00,0.00,3,2,1,0,0.00,0.00,0.00,0.00,0.00,0.00,0.00,0.00,0.00,0.00,0.00,0.00,0.00,0.00,0.00,0.00,0.00,0.00,0.00,0.00,0.00,0.00,0.00,0.00,0.00,0.00,0.00,0.00,0.00,0.00,0.00,0.00,0.00,0.00,0.00,0.00,0.00,0.00,0.00,0.00,0.00,0.00,0.00,0.00,0.00,0.00,0.00,0.00,0.00,0.00,0.00,0.00,0.00,4023.00,0.00,0.00,0.00,0.00,1995.37
0.50,0.00,0.00,0.00,0.00,0.00,1.00,0.00,0.00,98.50,0.00,227.00,0.00,0.00,0.00,0.00,0.00,0.00,1771.00,0.00,0.00,0.00,0.00,0.00,0.00,0.00,0.00,0.00,674628,1141948,1366092,66.94,47792,541260,3730136,182.79,846748,356300,456,614084,100628,7328,28744,0,0,0,0.00,0,0.00,0,0,0.00,26566,7584,36821,0,0,458,0.00,0.00,0.00,0,0.00,0.00,0.00,0.00,0.00,0.00,0.00,0.00,0.00,0.00,0.00,0.00,0.00,0.00,3560.00,0.00,5172.89,0.00,0.00,0.00,0.00,0.00,0.00,0.00,0.00,1.00,0.00,0.00,0.00,0.00,0.00,0.00,0.00,0.00,0.00,0.00,0.00,0.00,0.00,0.00,0.00,0.00,0.00,0.00,0.00,0.00,0.00,0.00,721,3,5,0,0,0,3603.00,0.00,82.00,0.00,3600.00,80.00,0.00,0.00,0.00,0.00,0.00,0.00,0.00,0.00,0.00,0.00,0.00,0.00,0.00,0.00,0.00,0.00,0.00,0.00,0.00,0.00,0.00,0.00,0.00,0.00,0.00,0.00,0.00,0.00,0.00,0.00,0.00,0.00,0.00,0.00,0.00,0.00,0.00,0.00,80.00,0.00,0.00,0.00,0.00,0.00,0.00,0.00,0.00,0.00,0.00,3,2,1,0,0.00,0.00,0.00,0.00,0.00,0.00,0.00,0.00,0.00,0.00,0.00,0.00,0.00,0.00,0.00,0.00,0.00,0.00,0.00,0.00,0.00,0.00,0.00,0.00,0.00,0.00,0.00,0.00,0.00,0.00,0.00,0.00,0.00,0.00,0.00,0.00,0.00,0.00,0.00,0.00,0.00,0.00,0.00,0.00,0.00,0.00,0.00,0.00,0.00,0.00,0.00,0.00,0.00,3650.00,0.00,0.00,0.00,0.00,1995.37
0.00,0.00,0.00,0.00,0.50,0.00,0.50,0.00,0.00,99.00,0.00,172.00,0.00,0.00,0.00,0.00,2.00,0.00,1436.00,0.00,0.00,0.00,0.00,0.00,0.00,0.00,0.00,0.00,674596,1141972,1366124,66.94,47792,541276,3730136,182.79,846748,356356,472,614084,100628,7328,28744,0,0,0,0.00,0,0.00,0,0,0.00,26566,7584,36821,0,0,458,0.00,0.00,0.00,0,0.00,0.00,0.00,0.00,0.00,0.00,0.00,0.00,0.00,0.00,0.00,0.00,0.00,0.00,2795.00,0.00,4059.72,0.00,0.00,0.00,0.00,0.00,0.00,0.00,0.00,2.00,0.00,0.00,0.00,0.00,0.00,0.00,0.00,0.00,0.00,0.00,0.00,0.00,0.00,0.00,0.00,0.00,0.00,0.00,0.00,0.00,0.00,0.00,721,3,5,0,0,0,2746.00,0.00,62.00,0.00,2745.00,61.00,0.00,0.00,0.00,0.00,0.00,0.00,0.00,0.00,0.00,0.00,0.00,0.00,0.00,0.00,0.00,0.00,0.00,0.00,0.00,0.00,0.00,0.00,0.00,0.00,0.00,0.00,0.00,0.00,0.00,0.00,0.00,0.00,0.00,0.00,0.00,0.00,0.00,0.00,61.00,0.00,0.00,0.00,0.00,0.00,0.00,0.00,0.00,0.00,0.00,3,2,1,0,0.00,0.00,0.00,0.00,0.00,0.00,0.00,0.00,0.00,0.00,0.00,0.00,0.00,0.00,0.00,0.00,0.00,0.00,0.00,0.00,0.00,0.00,0.00,0.00,0.00,0.00,0.00,0.00,0.00,0.00,0.00,0.00,0.00,0.00,0.00,0.00,0.00,0.00,0.00,0.00,0.00,0.00,0.00,0.00,0.00,0.00,0.00,0.00,0.00,0.00,0.00,0.00,0.00,2705.00,0.00,0.00,0.00,0.00,1995.37
0.50,0.00,0.00,6.00,0.00,0.00,0.50,0.00,0.00,93.00,0.00,109.00,0.00,0.00,0.00,12.00,0.00,0.00,1612.00,0.00,0.00,0.00,0.00,2.00,0.00,2.00,0.00,24.00,674536,1141912,1366184,66.95,47800,541284,3730136,182.79,846748,356356,488,614084,100628,7328,28744,0,0,0,0.00,0,0.00,0,0,0.00,26566,7584,36821,0,0,458,0.00,0.00,0.00,0,0.00,0.00,0.00,0.00,0.00,0.00,2.00,0.00,12.00,6.00,0.00,58.00,0.00,0.00,3201.00,0.00,4649.02,0.00,0.00,0.00,0.00,0.00,0.00,0.00,0.00,1.00,0.00,0.00,0.00,0.00,0.00,0.00,0.00,0.00,0.00,0.00,0.00,0.00,0.00,0.00,0.00,0.00,0.00,0.00,0.00,0.00,0.00,0.00,721,3,5,0,0,0,3198.00,0.00,72.00,0.00,3195.00,71.00,0.00,0.00,0.00,0.00,0.00,0.00,0.00,0.00,0.00,0.00,0.00,0.00,0.00,0.00,0.00,0.00,0.00,0.00,0.00,0.00,0.00,0.00,0.00,0.00,0.00,0.00,0.00,0.00,0.00,0.00,0.00,0.00,0.00,0.00,0.00,0.00,0.00,0.00,71.00,0.00,0.00,0.00,0.00,0.00,0.00,0.00,0.00,0.00,0.00,3,2,1,0,0.00,0.00,0.00,0.00,0.00,0.00,0.00,0.00,0.00,0.00,0.00,0.00,0.00,0.00,0.00,0.00,0.00,0.00,0.00,0.00,0.00,0.00,0.00,0.00,0.00,0.00,0.00,0.00,0.00,0.00,0.00,0.00,0.00,0.00,0.00,0.00,0.00,0.00,0.00,0.00,0.00,0.00,0.00,0.00,0.00,0.00,0.00,0.00,0.00,0.00,0.00,0.00,0.00,3201.00,0.00,0.00,0.00,0.00,1995.37
0.50,0.00,0.00,0.00,0.00,0.00,0.00,0.00,0.00,99.50,0.00,45.00,0.00,0.00,0.00,0.00,0.00,0.00,76.00,0.00,0.00,0.00,0.00,0.00,0.00,0.00,0.00,0.00,674508,1141884,1366212,66.95,47800,541308,3730136,182.79,846748,356356,508,614084,100628,7328,28744,0,0,0,0.00,0,0.00,0,0,0.00,26566,7584,36821,0,0,458,0.00,0.00,0.00,0,0.00,0.00,0.00,0.00,0.00,0.00,0.00,0.00,0.00,0.00,0.00,0.00,0.00,0.00,148.00,0.00,197.33,0.00,0.00,0.00,0.00,0.00,0.00,0.00,0.00,0.00,0.00,0.00,0.00,0.00,0.00,0.00,0.00,0.00,0.00,0.00,0.00,0.00,0.00,0.00,0.00,0.00,0.00,0.00,0.00,0.00,0.00,0.00,721,3,5,0,0,0,137.00,0.00,4.00,0.00,135.00,3.00,0.00,0.00,0.00,0.00,0.00,0.00,0.00,0.00,0.00,0.00,0.00,0.00,0.00,0.00,0.00,0.00,0.00,0.00,0.00,0.00,0.00,0.00,0.00,0.00,0.00,0.00,0.00,0.00,0.00,0.00,0.00,0.00,0.00,0.00,0.00,0.00,0.00,0.00,3.00,0.00,0.00,0.00,0.00,0.00,0.00,0.00,0.00,0.00,0.00,3,2,1,0,0.00,0.00,0.00,0.00,0.00,0.00,0.00,0.00,0.00,0.00,0.00,0.00,0.00,0.00,0.00,0.00,0.00,0.00,0.00,0.00,0.00,0.00,0.00,0.00,0.00,0.00,0.00,0.00,0.00,0.00,0.00,0.00,0.00,0.00,0.00,0.00,0.00,0.00,0.00,0.00,0.00,0.00,0.00,0.00,0.00,0.00,0.00,0.00,0.00,0.00,0.00,0.00,0.00,148.00,0.00,0.00,0.00,0.00,1995.37
0.00,0.00,0.50,0.00,0.00,0.00,0.50,0.00,0.00,99.00,0.00,71.00,0.00,0.00,0.00,0.00,0.00,0.00,1260.00,0.00,0.00,0.00,0.00,0.00,0.00,0.00,0.00,0.00,674348,1141780,1366372,66.96,47800,541324,3730136,182.79,846756,356404,524,614084,100628,7328,28744,0,0,0,0.00,0,0.00,0,0,0.00,26566,7584,36821,0,0,458,0.00,0.00,0.00,0,0.00,0.00,0.00,0.00,0.00,0.00,0.00,0.00,0.00,0.00,0.00,0.00,0.00,0.00,2489.00,0.00,3602.43,0.00,0.00,0.00,0.00,0.00,0.00,0.00,0.00,1.00,0.00,0.00,0.00,0.00,0.00,0.00,0.00,0.00,0.00,0.00,0.00,0.00,0.00,0.00,0.00,0.00,0.00,0.00,0.00,0.00,0.00,0.00,721,3,5,0,0,0,2485.00,0.00,61.00,0.00,2475.00,55.00,0.00,0.00,0.00,0.00,0.00,0.00,0.00,0.00,0.00,0.00,0.00,0.00,0.00,0.00,0.00,0.00,0.00,0.00,0.00,0.00,0.00,0.00,0.00,0.00,0.00,0.00,0.00,0.00,0.00,0.00,0.00,0.00,0.00,0.00,0.00,0.00,0.00,0.00,55.00,0.00,0.00,0.00,0.00,0.00,0.00,0.00,0.00,0.00,0.00,3,2,1,0,0.00,0.00,0.00,0.00,0.00,0.00,0.00,0.00,0.00,0.00,0.00,0.00,0.00,0.00,0.00,0.00,0.00,0.00,0.00,0.00,0.00,0.00,0.00,0.00,0.00,0.00,0.00,0.00,0.00,0.00,0.00,0.00,0.00,0.00,0.00,0.00,0.00,0.00,0.00,0.00,0.00,0.00,0.00,0.00,0.00,0.00,0.00,0.00,0.00,0.00,0.00,0.00,0.00,2489.00,0.00,0.00,0.00,0.00,1995.37
0.00,0.00,0.50,0.00,0.00,0.00,0.00,0.00,0.00,99.50,0.00,46.00,0.00,0.00,0.00,536.00,0.00,0.00,4.00,0.00,0.00,0.00,0.00,2.00,0.00,2.00,0.00,1072.00,674348,1141788,1366372,66.96,47800,541340,3730136,182.79,846764,356404,4,614084,100628,7328,28744,0,0,0,0.00,0,0.00,0,0,0.00,26566,7584,36821,0,0,458,0.00,0.00,0.00,0,0.00,0.00,0.00,0.00,0.00,0.00,2.00,0.00,536.00,268.00,0.00,0.00,0.00,0.00,6.00,0.00,0.38,0.00,0.00,0.00,0.00,0.00,0.00,0.00,0.00,0.00,0.00,0.00,0.00,0.00,0.00,0.00,0.00,0.00,0.00,0.00,0.00,0.00,0.00,0.00,0.00,0.00,0.00,0.00,0.00,0.00,0.00,0.00,721,3,5,0,0,0,1.00,0.00,1.00,0.00,0.00,0.00,0.00,0.00,0.00,0.00,0.00,0.00,0.00,0.00,0.00,0.00,0.00,0.00,0.00,0.00,0.00,0.00,0.00,0.00,0.00,0.00,0.00,0.00,0.00,0.00,0.00,0.00,0.00,0.00,0.00,0.00,0.00,0.00,0.00,0.00,0.00,0.00,0.00,0.00,0.00,0.00,0.00,0.00,0.00,0.00,0.00,0.00,0.00,0.00,0.00,3,2,1,0,0.00,0.00,0.00,0.00,0.00,0.00,0.00,0.00,0.00,0.00,0.00,0.00,0.00,0.00,0.00,0.00,0.00,0.00,0.00,0.00,0.00,0.00,0.00,0.00,0.00,0.00,0.00,0.00,0.00,0.00,0.00,0.00,0.00,0.00,0.00,0.00,0.00,0.00,0.00,0.00,0.00,0.00,0.00,0.00,0.00,0.00,0.00,0.00,0.00,0.00,0.00,0.00,0.00,7.00,0.00,0.00,0.00,0.00,1995.37
0.00,0.00,0.00,0.00,0.00,0.00,0.50,0.00,0.00,99.50,0.00,63.00,0.00,0.00,0.00,0.00,0.00,0.00,1068.00,0.00,0.00,0.00,0.00,0.00,0.00,0.00,0.00,0.00,674476,1141920,1366244,66.95,47800,541356,3730136,182.79,846764,356404,24,614084,100632,7328,28744,0,0,0,0.00,0,0.00,0,0,0.00,26566,7584,36821,0,0,458,0.00,0.00,0.00,0,0.00,0.00,0.00,0.00,0.00,0.00,0.00,0.00,0.00,0.00,0.00,0.00,0.00,0.00,2126.00,0.00,3078.05,0.00,0.00,0.00,0.00,0.00,0.00,0.00,0.00,1.00,0.00,0.00,0.00,0.00,0.00,0.00,0.00,0.00,0.00,0.00,0.00,0.00,0.00,0.00,0.00,0.00,0.00,0.00,0.00,0.00,0.00,0.00,721,3,5,0,0,0,2117.00,0.00,48.00,0.00,2115.00,47.00,0.00,0.00,0.00,0.00,0.00,0.00,0.00,0.00,0.00,0.00,0.00,0.00,0.00,0.00,0.00,0.00,0.00,0.00,0.00,0.00,0.00,0.00,0.00,0.00,0.00,0.00,0.00,0.00,0.00,0.00,0.00,0.00,0.00,0.00,0.00,0.00,0.00,0.00,47.00,0.00,0.00,0.00,0.00,0.00,0.00,0.00,0.00,0.00,0.00,3,2,1,0,0.00,0.00,0.00,0.00,0.00,0.00,0.00,0.00,0.00,0.00,0.00,0.00,0.00,0.00,0.00,0.00,0.00,0.00,0.00,0.00,0.00,0.00,0.00,0.00,0.00,0.00,0.00,0.00,0.00,0.00,0.00,0.00,0.00,0.00,0.00,0.00,0.00,0.00,0.00,0.00,0.00,0.00,0.00,0.00,0.00,0.00,0.00,0.00,0.00,0.00,0.00,0.00,0.00,2125.00,0.00,0.00,0.00,0.00,1995.37
1.00,0.00,0.00,0.00,0.00,0.00,0.00,0.00,0.00,99.00,0.00,177.00,0.00,0.00,0.00,0.00,11.00,0.00,44.00,0.00,0.00,0.00,0.00,0.00,0.00,0.00,0.00,0.00,674380,1141880,1366340,66.95,47800,541372,3730136,182.79,846764,356460,40,614084,100632,7328,28744,0,0,0,0.00,0,0.00,0,0,0.00,26566,7584,36821,0,0,458,0.00,0.00,0.00,0,0.00,0.00,0.00,0.00,0.00,0.00,0.00,0.00,0.00,0.00,0.00,0.00,0.00,0.00,72.00,0.00,67.13,0.00,0.00,0.00,0.00,0.00,0.00,0.00,0.00,0.00,0.00,0.00,0.00,0.00,0.00,0.00,0.00,0.00,0.00,0.00,0.00,0.00,0.00,0.00,0.00,0.00,0.00,0.00,0.00,0.00,0.00,0.00,721,3,5,0,0,0,49.00,0.00,3.00,0.00,45.00,1.00,0.00,0.00,0.00,0.00,0.00,0.00,0.00,0.00,0.00,0.00,0.00,0.00,0.00,0.00,0.00,0.00,0.00,0.00,0.00,0.00,0.00,0.00,0.00,0.00,0.00,0.00,0.00,0.00,0.00,0.00,0.00,0.00,0.00,0.00,0.00,0.00,0.00,0.00,1.00,0.00,0.00,0.00,0.00,0.00,0.00,0.00,0.00,0.00,0.00,3,2,1,0,0.00,0.00,0.00,0.00,0.00,0.00,0.00,0.00,0.00,0.00,0.00,0.00,0.00,0.00,0.00,0.00,0.00,0.00,0.00,0.00,0.00,0.00,0.00,0.00,0.00,0.00,0.00,0.00,0.00,0.00,0.00,0.00,0.00,0.00,0.00,0.00,0.00,0.00,0.00,0.00,0.00,0.00,0.00,0.00,0.00,0.00,0.00,0.00,0.00,0.00,0.00,0.00,0.00,72.00,0.00,0.00,0.00,0.00,1995.37
1.00,0.00,0.50,2.50,0.00,0.00,0.00,0.00,0.00,96.00,0.00,106.00,0.00,0.00,0.00,20.00,5.00,0.00,10.00,0.00,0.00,0.00,0.00,2.00,0.00,2.00,0.00,40.00,674504,1142004,1366216,66.95,47808,541384,3730136,182.79,846760,356460,60,614080,100632,7328,28744,0,0,0,0.00,0,0.00,0,0,0.00,26566,7584,36821,0,0,458,0.00,0.00,0.00,0,0.00,0.00,0.00,0.00,0.00,0.00,2.00,0.00,20.00,10.00,0.00,24.00,0.00,0.00,10.00,0.00,0.62,0.00,0.00,0.00,0.00,0.00,0.00,0.00,0.00,1.00,0.00,0.00,0.00,0.00,0.00,0.00,0.00,0.00,0.00,0.00,0.00,0.00,0.00,0.00,0.00,0.00,0.00,0.00,0.00,0.00,0.00,0.00,721,3,5,0,0,0,1.00,0.00,1.00,0.00,0.00,0.00,0.00,0.00,0.00,0.00,0.00,0.00,0.00,0.00,0.00,0.00,0.00,0.00,0.00,0.00,0.00,0.00,0.00,0.00,0.00,0.00,0.00,0.00,0.00,0.00,0.00,0.00,0.00,0.00,0.00,0.00,0.00,0.00,0.00,0.00,0.00,0.00,0.00,0.00,0.00,0.00,0.00,0.00,0.00,0.00,0.00,0.00,0.00,0.00,0.00,3,2,1,0,0.00,0.00,0.00,0.00,0.00,0.00,0.00,0.00,0.00,0.00,0.00,0.00,0.00,0.00,0.00,0.00,0.00,0.00,0.00,0.00,0.00,0.00,0.00,0.00,0.00,0.00,0.00,0.00,0.00,0.00,0.00,0.00,0.00,0.00,0.00,0.00,0.00,0.00,0.00,0.00,0.00,0.00,0.00,0.00,0.00,0.00,0.00,0.00,0.00,0.00,0.00,0.00,0.00,10.00,0.00,0.00,0.00,0.00,1995.37
0.00,0.00,0.00,0.00,0.00,0.00,0.00,0.00,0.00,100.00,0.00,80.00,0.00,0.00,0.00,0.00,0.00,0.00,908.00,0.00,0.00,0.00,0.00,0.00,0.00,0.00,0.00,0.00,674536,1142036,1366184,66.95,47808,541400,3730136,182.79,846760,356460,76,614080,100632,7328,28744,0,0,0,0.00,0,0.00,0,0,0.00,26566,7584,36821,0,0,458,0.00,0.00,0.00,0,0.00,0.00,0.00,0.00,0.00,0.00,0.00,0.00,0.00,0.00,0.00,0.00,0.00,0.00,1809.00,0.00,2619.77,0.00,0.00,0.00,0.00,0.00,0.00,0.00,0.00,0.00,0.00,0.00,0.00,0.00,0.00,0.00,0.00,0.00,0.00,0.00,0.00,0.00,0.00,0.00,0.00,0.00,0.00,0.00,0.00,0.00,0.00,0.00,721,3,5,0,0,0,1803.00,0.00,41.00,0.00,1800.00,40.00,0.00,0.00,0.00,0.00,0.00,0.00,0.00,0.00,0.00,0.00,0.00,0.00,0.00,0.00,0.00,0.00,0.00,0.00,0.00,0.00,0.00,0.00,0.00,0.00,0.00,0.00,0.00,0.00,0.00,0.00,0.00,0.00,0.00,0.00,0.00,0.00,0.00,0.00,40.00,0.00,0.00,0.00,0.00,0.00,0.00,0.00,0.00,0.00,0.00,3,2,1,0,0.00,0.00,0.00,0.00,0.00,0.00,0.00,0.00,0.00,0.00,0.00,0.00,0.00,0.00,0.00,0.00,0.00,0.00,0.00,0.00,0.00,0.00,0.00,0.00,0.00,0.00,0.00,0.00,0.00,0.00,0.00,0.00,0.00,0.00,0.00,0.00,0.00,0.00,0.00,0.00,0.00,0.00,0.00,0.00,0.00,0.00,0.00,0.00,0.00,0.00,0.00,0.00,0.00,1809.00,0.00,0.00,0.00,0.00,1995.37
0.50,0.00,0.00,0.00,0.00,0.00,0.00,0.00,0.00,99.50,0.00,50.00,0.00,0.00,0.00,0.00,0.00,0.00,12.00,0.00,0.00,0.00,0.00,0.00,0.00,0.00,0.00,0.00,674320,1141876,1366400,66.96,47808,541416,3730136,182.79,846768,356508,92,614080,100632,7328,28744,0,0,0,0.00,0,0.00,0,0,0.00,26566,7584,36821,0,0,458,0.00,0.00,0.00,0,0.00,0.00,0.00,0.00,0.00,0.00,0.00,0.00,0.00,0.00,0.00,0.00,0.00,0.00,8.00,0.00,0.68,0.00,0.00,0.00,0.00,0.00,0.00,0.00,0.00,1.00,0.00,0.00,0.00,0.00,0.00,0.00,0.00,0.00,0.00,0.00,0.00,0.00,0.00,0.00,0.00,0.00,0.00,0.00,0.00,0.00,0.00,0.00,721,3,5,0,0,0,3.00,0.00,2.00,0.00,0.00,0.00,0.00,0.00,0.00,0.00,0.00,0.00,0.00,0.00,0.00,0.00,0.00,0.00,0.00,0.00,0.00,0.00,0.00,0.00,0.00,0.00,0.00,0.00,0.00,0.00,0.00,0.00,0.00,0.00,0.00,0.00,0.00,0.00,0.00,0.00,0.00,0.00,0.00,0.00,0.00,0.00,0.00,0.00,0.00,0.00,0.00,0.00,0.00,0.00,0.00,3,2,1,0,0.00,0.00,0.00,0.00,0.00,0.00,0.00,0.00,0.00,0.00,0.00,0.00,0.00,0.00,0.00,0.00,0.00,0.00,0.00,0.00,0.00,0.00,0.00,0.00,0.00,0.00,0.00,0.00,0.00,0.00,0.00,0.00,0.00,0.00,0.00,0.00,0.00,0.00,0.00,0.00,0.00,0.00,0.00,0.00,0.00,0.00,0.00,0.00,0.00,0.00,0.00,0.00,0.00,8.00,0.00,0.00,0.00,0.00,1995.37
0.00,0.00,0.50,0.00,0.00,0.00,1.00,0.00,0.00,98.50,0.00,97.00,0.00,0.00,0.00,0.00,0.00,0.00,3068.00,0.00,0.00,0.00,0.00,0.00,0.00,0.00,0.00,0.00,674288,1141844,1366432,66.96,47808,541432,3730136,182.79,846768,356508,108,614080,100632,7328,28744,0,0,0,0.00,0,0.00,0,0,0.00,26566,7584,36821,0,0,458,0.00,0.00,0.00,0,0.00,0.00,0.00,0.00,0.00,0.00,0.00,0.00,0.00,0.00,0.00,0.00,0.00,0.00,6095.00,0.00,8840.31,0.00,0.00,0.00,0.00,0.00,0.00,0.00,0.00,0.00,0.00,0.00,0.00,0.00,0.00,0.00,0.00,0.00,0.00,0.00,0.00,0.00,0.00,0.00,0.00,0.00,0.00,0.00,0.00,0.00,0.00,0.00,721,3,5,0,0,0,6079.00,0.00,136.00,0.00,6075.00,135.00,0.00,0.00,0.00,0.00,0.00,0.00,0.00,0.00,0.00,0.00,0.00,0.00,0.00,0.00,0.00,0.00,0.00,0.00,0.00,0.00,0.00,0.00,0.00,0.00,0.00,0.00,0.00,0.00,0.00,0.00,0.00,0.00,0.00,0.00,0.00,0.00,0.00,0.00,135.00,0.00,0.00,0.00,0.00,0.00,0.00,0.00,0.00,0.00,0.00,3,2,1,0,0.00,0.00,0.00,0.00,0.00,0.00,0.00,0.00,0.00,0.00,0.00,0.00,0.00,0.00,0.00,0.00,0.00,0.00,0.00,0.00,0.00,0.00,0.00,0.00,0.00,0.00,0.00,0.00,0.00,0.00,0.00,0.00,0.00,0.00,0.00,0.00,0.00,0.00,0.00,0.00,0.00,0.00,0.00,0.00,0.00,0.00,0.00,0.00,0.00,0.00,0.00,0.00,0.00,6095.00,0.00,0.00,0.00,0.00,1995.37
0.50,0.00,0.00,0.00,0.00,0.00,1.00,0.00,0.00,98.50,0.00,87.00,0.00,0.00,0.00,0.00,0.00,0.00,2628.00,0.00,0.00,0.00,0.00,0.00,0.00,0.00,0.00,0.00,674256,1141812,1366464,66.96,47808,541448,3730136,182.79,846768,356508,124,614080,100632,7328,28744,0,0,0,0.00,0,0.00,0,0,0.00,26566,7584,36821,0,0,458,0.00,0.00,0.00,0,0.00,0.00,0.00,0.00,0.00,0.00,0.00,0.00,0.00,0.00,0.00,0.00,0.00,0.00,5229.00,0.00,7596.98,0.00,0.00,0.00,0.00,0.00,0.00,0.00,0.00,1.00,0.00,0.00,0.00,0.00,0.00,0.00,0.00,0.00,0.00,0.00,0.00,0.00,0.00,0.00,0.00,0.00,0.00,0.00,0.00,0.00,0.00,0.00,721,3,5,0,0,0,5224.00,0.00,118.00,0.00,5220.00,116.00,0.00,0.00,0.00,0.00,0.00,0.00,0.00,0.00,0.00,0.00,0.00,0.00,0.00,0.00,0.00,0.00,0.00,0.00,0.00,0.00,0.00,0.00,0.00,0.00,0.00,0.00,0.00,0.00,0.00,0.00,0.00,0.00,0.00,0.00,0.00,0.00,0.00,0.00,116.00,0.00,0.00,0.00,0.00,0.00,0.00,0.00,0.00,0.00,0.00,3,2,1,0,0.00,0.00,0.00,0.00,0.00,0.00,0.00,0.00,0.00,0.00,0.00,0.00,0.00,0.00,0.00,0.00,0.00,0.00,0.00,0.00,0.00,0.00,0.00,0.00,0.00,0.00,0.00,0.00,0.00,0.00,0.00,0.00,0.00,0.00,0.00,0.00,0.00,0.00,0.00,0.00,0.00,0.00,0.00,0.00,0.00,0.00,0.00,0.00,0.00,0.00,0.00,0.00,0.00,5229.00,0.00,0.00,0.00,0.00,1995.37
0.50,0.00,0.00,5.50,0.00,0.00,0.00,0.00,0.00,94.00,0.00,71.00,0.00,0.00,0.00,12.00,0.00,0.00,179.00,0.00,0.00,0.00,0.00,2.00,0.00,2.00,0.00,24.00,674192,1141804,1366528,66.96,47816,541464,3730136,182.79,846776,356556,140,614080,100632,7328,28744,0,0,0,0.00,0,0.00,0,0,0.00,26566,7584,36821,0,0,458,0.00,0.00,0.00,0,0.00,0.00,0.00,0.00,0.00,0.00,2.00,0.00,12.00,6.00,0.00,54.00,0.00,0.00,457.00,0.00,655.23,0.00,0.00,0.00,0.00,0.00,0.00,0.00,0.00,0.00,0.00,0.00,0.00,0.00,0.00,0.00,0.00,0.00,0.00,0.00,0.00,0.00,0.00,0.00,0.00,0.00,0.00,0.00,0.00,0.00,0.00,0.00,721,3,5,0,0,0,496.00,0.00,12.00,0.00,495.00,11.00,0.00,0.00,0.00,0.00,0.00,0.00,0.00,0.00,0.00,0.00,0.00,0.00,0.00,0.00,0.00,0.00,0.00,0.00,0.00,0.00,0.00,0.00,0.00,0.00,0.00,0.00,0.00,0.00,0.00,0.00,0.00,0.00,0.00,0.00,0.00,0.00,0.00,0.00,11.00,0.00,0.00,0.00,0.00,0.00,0.00,0.00,0.00,0.00,0.00,3,2,1,0,2.00,0.00,0.00,0.00,0.00,0.00,2.00,0.00,0.00,0.00,0.00,0.00,0.00,0.00,0.00,0.00,0.00,0.00,0.00,0.00,0.00,0.00,0.00,0.00,0.00,0.00,0.00,0.00,0.00,0.00,0.00,0.00,0.00,0.00,0.00,0.00,0.00,0.00,0.00,0.00,0.00,0.00,0.00,0.00,0.00,0.00,0.00,0.00,0.00,0.00,0.00,0.00,0.00,592.00,0.00,0.00,0.00,0.00,1995.37
0.50,0.00,0.00,0.00,0.00,0.00,0.50,0.00,0.00,99.00,0.00,97.00,0.00,0.00,0.00,0.00,0.00,0.00,2916.00,0.00,0.00,0.00,0.00,0.00,0.00,0.00,0.00,0.00,674288,1141900,1366432,66.96,47816,541480,3730136,182.79,846776,356556,156,614080,100632,7328,28744,0,0,0,0.00,0,0.00,0,0,0.00,26566,7584,36821,0,0,458,0.00,0.00,0.00,0,0.00,0.00,0.00,0.00,0.00,0.00,0.00,0.00,0.00,0.00,0.00,0.00,0.00,0.00,5677.00,0.00,8250.11,0.00,0.00,0.00,0.00,0.00,0.00,0.00,0.00,1.00,0.00,0.00,0.00,0.00,0.00,0.00,0.00,0.00,0.00,0.00,0.00,0.00,0.00,0.00,0.00,0.00,0.00,0.00,0.00,0.00,0.00,0.00,721,3,5,0,0,0,5625.00,0.00,125.00,0.00,5625.00,125.00,0.00,0.00,0.00,0.00,0.00,0.00,0.00,0.00,0.00,0.00,0.00,0.00,0.00,0.00,0.00,0.00,0.00,0.00,0.00,0.00,0.00,0.00,0.00,0.00,0.00,0.00,0.00,0.00,0.00,0.00,0.00,0.00,0.00,0.00,0.00,0.00,0.00,0.00,125.00,0.00,0.00,0.00,0.00,0.00,0.00,0.00,0.00,0.00,0.00,3,2,1,0,1.00,0.00,0.00,0.00,0.00,0.00,1.00,0.00,0.00,0.00,0.00,0.00,0.00,0.00,0.00,0.00,0.00,0.00,0.00,0.00,0.00,0.00,0.00,0.00,0.00,0.00,0.00,0.00,0.00,0.00,0.00,0.00,0.00,0.00,0.00,0.00,0.00,0.00,0.00,0.00,0.00,0.00,0.00,0.00,0.00,0.00,0.00,0.00,0.00,0.00,0.00,0.00,0.00,5542.00,0.00,0.00,0.00,0.00,1995.37
0.00,0.00,0.50,0.00,0.00,0.00,0.00,0.00,0.00,99.50,0.00,51.00,0.00,0.00,0.00,0.00,0.00,0.00,44.00,0.00,0.00,0.00,0.00,0.00,0.00,0.00,0.00,0.00,674224,1141836,1366496,66.96,47816,541496,3730136,182.79,846776,356556,172,614080,100636,7328,28744,0,0,0,0.00,0,0.00,0,0,0.00,26566,7584,36821,0,0,458,0.00,0.00,0.00,0,0.00,0.00,0.00,0.00,0.00,0.00,0.00,0.00,0.00,0.00,0.00,0.00,0.00,0.00,108.00,0.00,132.12,0.00,0.00,0.00,0.00,0.00,0.00,0.00,0.00,0.00,0.00,0.00,0.00,0.00,0.00,0.00,0.00,0.00,0.00,0.00,0.00,0.00,0.00,0.00,0.00,0.00,0.00,0.00,0.00,0.00,0.00,0.00,721,3,5,0,0,0,91.00,0.00,2.00,0.00,90.00,2.00,0.00,0.00,0.00,0.00,0.00,0.00,0.00,0.00,0.00,0.00,0.00,0.00,0.00,0.00,0.00,0.00,0.00,0.00,0.00,0.00,0.00,0.00,0.00,0.00,0.00,0.00,0.00,0.00,0.00,0.00,0.00,0.00,0.00,0.00,0.00,0.00,0.00,0.00,2.00,0.00,0.00,0.00,0.00,0.00,0.00,0.00,0.00,0.00,0.00,3,2,1,0,0.00,0.00,0.00,0.00,0.00,0.00,0.00,0.00,0.00,0.00,0.00,0.00,0.00,0.00,0.00,0.00,0.00,0.00,0.00,0.00,0.00,0.00,0.00,0.00,0.00,0.00,0.00,0.00,0.00,0.00,0.00,0.00,0.00,0.00,0.00,0.00,0.00,0.00,0.00,0.00,0.00,0.00,0.00,0.00,0.00,0.00,0.00,0.00,0.00,0.00,0.00,0.00,0.00,108.00,0.00,0.00,0.00,0.00,1995.37
0.50,0.00,0.00,0.00,0.00,0.00,0.00,0.00,0.00,99.50,0.00,43.00,0.00,0.00,0.00,0.00,0.00,0.00,28.00,0.00,0.00,0.00,0.00,0.00,0.00,0.00,0.00,0.00,674224,1141836,1366496,66.96,47816,541508,3730136,182.79,846776,356556,184,614080,100636,7328,28744,0,0,0,0.00,0,0.00,0,0,0.00,26566,7584,36821,0,0,458,0.00,0.00,0.00,0,0.00,0.00,0.00,0.00,0.00,0.00,0.00,0.00,0.00,0.00,0.00,0.00,0.00,0.00,50.00,0.00,65.77,0.00,0.00,0.00,0.00,0.00,0.00,0.00,0.00,1.00,0.00,0.00,0.00,0.00,0.00,0.00,0.00,0.00,0.00,0.00,0.00,0.00,0.00,0.00,0.00,0.00,0.00,0.00,0.00,0.00,0.00,0.00,721,3,5,0,0,0,45.00,0.00,1.00,0.00,45.00,1.00,0.00,0.00,0.00,0.00,0.00,0.00,0.00,0.00,0.00,0.00,0.00,0.00,0.00,0.00,0.00,0.00,0.00,0.00,0.00,0.00,0.00,0.00,0.00,0.00,0.00,0.00,0.00,0.00,0.00,0.00,0.00,0.00,0.00,0.00,0.00,0.00,0.00,0.00,1.00,0.00,0.00,0.00,0.00,0.00,0.00,0.00,0.00,0.00,0.00,3,2,1,0,0.00,0.00,0.00,0.00,0.00,0.00,0.00,0.00,0.00,0.00,0.00,0.00,0.00,0.00,0.00,0.00,0.00,0.00,0.00,0.00,0.00,0.00,0.00,0.00,0.00,0.00,0.00,0.00,0.00,0.00,0.00,0.00,0.00,0.00,0.00,0.00,0.00,0.00,0.00,0.00,0.00,0.00,0.00,0.00,0.00,0.00,0.00,0.00,0.00,0.00,0.00,0.00,0.00,50.00,0.00,0.00,0.00,0.00,1995.37
0.00,0.00,0.00,0.00,0.00,0.00,0.50,0.00,0.00,99.50,0.00,80.20,0.00,0.00,0.00,0.00,0.00,0.00,1224.75,0.00,0.00,0.00,0.00,0.00,0.00,0.00,0.00,0.00,674320,1141988,1366400,66.96,47816,541524,3730136,182.79,846776,356612,200,614080,100636,7328,28744,0,0,0,0.00,0,0.00,0,0,0.00,26566,7584,36821,0,0,458,0.00,0.00,0.00,0,0.00,0.00,0.00,0.00,0.00,0.00,0.00,0.00,0.00,0.00,0.00,0.00,0.00,0.00,2415.84,0.00,3501.46,0.00,0.00,0.00,0.00,0.00,0.00,0.00,0.00,0.99,0.00,0.00,0.00,0.00,0.00,0.00,0.00,0.00,0.00,0.00,0.00,0.00,0.00,0.00,0.00,0.00,0.00,0.00,0.00,0.00,0.00,0.00,721,3,5,0,0,0,2405.94,0.00,53.47,0.00,2405.94,53.47,0.00,0.00,0.00,0.00,0.00,0.00,0.00,0.00,0.00,0.00,0.00,0.00,0.00,0.00,0.00,0.00,0.00,0.00,0.00,0.00,0.00,0.00,0.00,0.00,0.00,0.00,0.00,0.00,0.00,0.00,0.00,0.00,0.00,0.00,0.00,0.00,0.00,0.00,53.47,0.00,0.00,0.00,0.00,0.00,0.00,0.00,0.00,0.00,0.00,3,2,1,0,0.00,0.00,0.00,0.00,0.00,0.00,0.00,0.00,0.00,0.00,0.00,0.00,0.00,0.00,0.00,0.00,0.00,0.00,0.00,0.00,0.00,0.00,0.00,0.00,0.00,0.00,0.00,0.00,0.00,0.00,0.00,0.00,0.00,0.00,0.00,0.00,0.00,0.00,0.00,0.00,0.00,0.00,0.00,0.00,0.00,0.00,0.00,0.00,0.00,0.00,0.00,0.00,0.00,2415.84,0.00,0.00,0.00,0.00,1995.37
0.00,0.00,0.50,0.50,0.00,0.00,0.50,0.00,0.00,98.50,0.00,97.00,0.00,0.00,0.00,12.00,0.00,0.00,2180.00,0.00,0.00,0.00,0.00,2.00,0.00,2.00,0.00,24.00,674164,1141832,1366556,66.96,47824,541540,3730136,182.79,846776,356612,216,614080,100636,7328,28744,0,0,0,0.00,0,0.00,0,0,0.00,26566,7584,36821,0,0,458,0.00,0.00,0.00,0,0.00,0.00,0.00,0.00,0.00,0.00,2.00,0.00,12.00,6.00,0.00,8.00,0.00,0.00,4332.00,1.00,6286.29,0.04,0.00,0.00,0.00,0.00,0.00,0.00,0.00,1.00,0.00,0.00,0.00,0.00,0.00,0.00,0.00,0.00,0.00,0.00,0.00,0.00,0.00,0.00,0.00,0.00,0.00,0.00,0.00,0.00,0.00,0.00,721,3,5,0,0,0,4321.00,0.00,96.00,0.00,4320.00,96.00,0.00,0.00,0.00,0.00,0.00,0.00,0.00,0.00,0.00,0.00,0.00,0.00,0.00,0.00,0.00,0.00,0.00,0.00,0.00,0.00,0.00,0.00,0.00,0.00,0.00,0.00,0.00,0.00,0.00,0.00,0.00,0.00,0.00,0.00,0.00,0.00,0.00,0.00,96.00,0.00,0.00,0.00,0.00,0.00,0.00,0.00,0.00,0.00,0.00,3,2,1,0,0.00,0.00,0.00,0.00,0.00,0.00,0.00,0.00,0.00,0.00,0.00,0.00,0.00,0.00,0.00,0.00,0.00,0.00,0.00,0.00,0.00,0.00,0.00,0.00,0.00,0.00,0.00,0.00,0.00,0.00,0.00,0.00,0.00,0.00,0.00,0.00,0.00,0.00,0.00,0.00,0.00,0.00,0.00,0.00,0.00,0.00,0.00,0.00,0.00,0.00,0.00,0.00,0.00,4332.00,0.00,0.00,0.00,0.00,1995.37
0.49,0.00,0.49,0.00,0.49,0.00,0.49,0.00,0.00,98.03,0.00,69.00,0.00,0.00,0.00,0.00,0.00,0.00,820.00,0.00,0.00,0.00,0.00,0.00,0.00,0.00,0.00,0.00,674196,1141864,1366524,66.96,47824,541556,3730136,182.79,846776,356612,232,614080,100636,7328,28744,0,0,0,0.00,0,0.00,0,0,0.00,26566,7584,36821,0,0,458,0.00,0.00,0.00,0,0.00,0.00,0.00,0.00,0.00,0.00,0.00,0.00,0.00,0.00,0.00,0.00,0.00,0.00,1645.00,0.00,2358.82,0.00,0.00,0.00,0.00,0.00,0.00,0.00,0.00,0.00,0.00,0.00,0.00,0.00,0.00,0.00,0.00,0.00,0.00,0.00,0.00,0.00,0.00,0.00,0.00,0.00,0.00,0.00,0.00,0.00,0.00,0.00,721,3,5,0,0,0,1621.00,0.00,37.00,0.00,1620.00,36.00,0.00,0.00,0.00,0.00,0.00,0.00,0.00,0.00,0.00,0.00,0.00,0.00,0.00,0.00,0.00,0.00,0.00,0.00,0.00,0.00,0.00,0.00,0.00,0.00,0.00,0.00,0.00,0.00,0.00,0.00,0.00,0.00,0.00,0.00,0.00,0.00,0.00,0.00,36.00,0.00,0.00,0.00,0.00,0.00,0.00,0.00,0.00,0.00,0.00,3,2,1,0,0.00,0.00,0.00,0.00,0.00,0.00,0.00,0.00,0.00,0.00,0.00,0.00,0.00,0.00,0.00,0.00,0.00,0.00,0.00,0.00,0.00,0.00,0.00,0.00,0.00,0.00,0.00,0.00,0.00,0.00,0.00,0.00,0.00,0.00,0.00,0.00,0.00,0.00,0.00,0.00,0.00,0.00,0.00,0.00,0.00,0.00,0.00,0.00,0.00,0.00,0.00,0.00,0.00,1645.00,0.00,0.00,0.00,0.00,1995.37
0.50,0.00,0.00,0.00,0.00,0.00,0.00,0.00,0.00,99.50,1.00,85.00,0.00,0.00,0.00,244.00,0.00,0.00,1436.00,0.00,0.00,0.00,0.00,3.00,0.00,3.00,0.00,488.00,674196,1141920,1366524,66.96,47824,541572,3730136,182.79,846784,356660,0,614080,100636,7344,28744,0,0,0,0.00,0,0.00,0,0,0.00,26566,7584,36821,0,0,459,0.00,0.00,0.00,0,0.00,0.00,0.00,0.00,0.00,0.00,3.00,0.00,244.00,81.33,0.00,0.00,0.00,0.00,2844.00,0.00,4125.36,0.00,0.00,0.00,0.00,0.00,0.00,0.00,0.00,1.00,0.00,0.00,0.00,0.00,0.00,0.00,0.00,0.00,0.00,0.00,0.00,0.00,0.00,0.00,0.00,0.00,0.00,0.00,0.00,0.00,0.00,0.00,721,3,5,0,0,0,2835.00,0.00,63.00,0.00,2835.00,63.00,0.00,0.00,0.00,0.00,0.00,0.00,0.00,0.00,0.00,0.00,0.00,0.00,0.00,0.00,0.00,0.00,0.00,0.00,0.00,0.00,0.00,0.00,0.00,0.00,0.00,0.00,0.00,0.00,0.00,0.00,0.00,0.00,0.00,0.00,0.00,0.00,0.00,0.00,63.00,0.00,0.00,0.00,0.00,0.00,0.00,0.00,0.00,0.00,0.00,3,2,1,0,0.00,0.00,0.00,0.00,0.00,0.00,0.00,0.00,0.00,0.00,0.00,0.00,0.00,0.00,0.00,0.00,0.00,0.00,0.00,0.00,0.00,0.00,0.00,0.00,0.00,0.00,0.00,0.00,0.00,0.00,0.00,0.00,0.00,0.00,0.00,0.00,0.00,0.00,0.00,0.00,0.00,0.00,0.00,0.00,0.00,0.00,0.00,0.00,0.00,0.00,0.00,0.00,0.00,2844.00,0.00,0.00,0.00,0.00,1995.37
0.00,0.00,0.00,0.00,0.00,0.00,0.50,0.00,0.00,99.50,0.00,74.00,0.00,0.00,0.00,0.00,0.00,0.00,300.00,0.00,0.00,0.00,0.00,0.00,0.00,0.00,0.00,0.00,674228,1141952,1366492,66.96,47824,541588,3730136,182.79,846784,356660,20,614080,100636,7344,28744,0,0,0,0.00,0,0.00,0,0,0.00,26566,7584,36821,0,0,459,0.00,0.00,0.00,0,0.00,0.00,0.00,0.00,0.00,0.00,0.00,0.00,0.00,0.00,0.00,0.00,0.00,0.00,595.00,0.00,851.86,0.00,0.00,0.00,0.00,0.00,0.00,0.00,0.00,0.00,0.00,0.00,0.00,0.00,0.00,0.00,0.00,0.00,0.00,0.00,0.00,0.00,0.00,0.00,0.00,0.00,0.00,0.00,0.00,0.00,0.00,0.00,721,3,5,0,0,0,586.00,0.00,13.00,0.00,585.00,13.00,0.00,0.00,0.00,0.00,0.00,0.00,0.00,0.00,0.00,0.00,0.00,0.00,0.00,0.00,0.00,0.00,0.00,0.00,0.00,0.00,0.00,0.00,0.00,0.00,0.00,0.00,0.00,0.00,0.00,0.00,0.00,0.00,0.00,0.00,0.00,0.00,0.00,0.00,13.00,0.00,0.00,0.00,0.00,0.00,0.00,0.00,0.00,0.00,0.00,3,2,1,0,0.00,0.00,0.00,0.00,0.00,0.00,0.00,0.00,0.00,0.00,0.00,0.00,0.00,0.00,0.00,0.00,0.00,0.00,0.00,0.00,0.00,0.00,0.00,0.00,0.00,0.00,0.00,0.00,0.00,0.00,0.00,0.00,0.00,0.00,0.00,0.00,0.00,0.00,0.00,0.00,0.00,0.00,0.00,0.00,0.00,0.00,0.00,0.00,0.00,0.00,0.00,0.00,0.00,595.00,0.00,0.00,0.00,0.00,1995.37
0.50,0.00,0.50,0.00,0.00,0.00,0.50,0.00,0.00,98.51,0.00,75.00,0.00,0.00,0.00,0.00,0.00,0.00,1844.00,0.00,0.00,0.00,0.00,0.00,0.00,0.00,0.00,0.00,674228,1141952,1366492,66.96,47824,541604,3730136,182.79,846784,356660,36,614080,100636,7344,28744,0,0,0,0.00,0,0.00,0,0,0.00,26566,7584,36821,0,0,459,0.00,0.00,0.00,0,0.00,0.00,0.00,0.00,0.00,0.00,0.00,0.00,0.00,0.00,0.00,0.00,0.00,0.00,3650.00,0.00,5303.66,0.00,0.00,0.00,0.00,0.00,0.00,0.00,0.00,1.00,0.00,0.00,0.00,0.00,0.00,0.00,0.00,0.00,0.00,0.00,0.00,0.00,0.00,0.00,0.00,0.00,0.00,0.00,0.00,0.00,0.00,0.00,721,3,5,0,0,0,3645.00,0.00,81.00,0.00,3645.00,81.00,0.00,0.00,0.00,0.00,0.00,0.00,0.00,0.00,0.00,0.00,0.00,0.00,0.00,0.00,0.00,0.00,0.00,0.00,0.00,0.00,0.00,0.00,0.00,0.00,0.00,0.00,0.00,0.00,0.00,0.00,0.00,0.00,0.00,0.00,0.00,0.00,0.00,0.00,81.00,0.00,0.00,0.00,0.00,0.00,0.00,0.00,0.00,0.00,0.00,3,2,1,0,0.00,0.00,0.00,0.00,0.00,0.00,0.00,0.00,0.00,0.00,0.00,0.00,0.00,0.00,0.00,0.00,0.00,0.00,0.00,0.00,0.00,0.00,0.00,0.00,0.00,0.00,0.00,0.00,0.00,0.00,0.00,0.00,0.00,0.00,0.00,0.00,0.00,0.00,0.00,0.00,0.00,0.00,0.00,0.00,0.00,0.00,0.00,0.00,0.00,0.00,0.00,0.00,0.00,3650.00,0.00,0.00,0.00,0.00,1995.37
0.00,0.00,0.00,10.55,0.00,0.00,0.00,0.00,0.00,89.45,0.00,51.00,0.00,0.00,0.00,20.00,0.00,0.00,12.00,0.00,0.00,0.00,0.00,2.00,0.00,2.00,0.00,40.00,674260,1142040,1366460,66.96,47832,541620,3730136,182.79,846792,356708,60,614080,100636,7344,28744,0,0,0,0.00,0,0.00,0,0,0.00,26566,7584,36821,0,0,459,0.00,0.00,0.00,0,0.00,0.00,0.00,0.00,0.00,0.00,2.00,0.00,20.00,10.00,0.00,108.00,0.00,0.00,21.00,0.00,1.54,0.00,0.00,0.00,0.00,0.00,0.00,0.00,0.00,0.00,0.00,0.00,0.00,0.00,0.00,0.00,0.00,0.00,0.00,0.00,0.00,0.00,0.00,0.00,0.00,0.00,0.00,0.00,0.00,0.00,0.00,0.00,721,3,5,0,0,0,1.00,0.00,1.00,0.00,0.00,0.00,0.00,0.00,0.00,0.00,0.00,0.00,0.00,0.00,0.00,0.00,0.00,0.00,0.00,0.00,0.00,0.00,0.00,0.00,0.00,0.00,0.00,0.00,0.00,0.00,0.00,0.00,0.00,0.00,0.00,0.00,0.00,0.00,0.00,0.00,0.00,0.00,0.00,0.00,0.00,0.00,0.00,0.00,0.00,0.00,0.00,0.00,0.00,0.00,0.00,3,2,1,0,0.00,0.00,0.00,0.00,0.00,0.00,0.00,0.00,0.00,0.00,0.00,0.00,0.00,0.00,0.00,0.00,0.00,0.00,0.00,0.00,0.00,0.00,0.00,0.00,0.00,0.00,0.00,0.00,0.00,0.00,0.00,0.00,0.00,0.00,0.00,0.00,0.00,0.00,0.00,0.00,0.00,0.00,0.00,0.00,0.00,0.00,0.00,0.00,0.00,0.00,0.00,0.00,0.00,21.00,0.00,0.00,0.00,0.00,1995.37
0.00,0.00,0.00,0.00,0.00,0.00,0.00,0.00,0.00,100.00,0.00,71.00,0.00,0.00,0.00,0.00,0.00,0.00,100.00,0.00,0.00,0.00,0.00,0.00,0.00,0.00,0.00,0.00,674100,1141880,1366620,66.97,47832,541632,3730136,182.79,846792,356708,72,614080,100636,7344,28744,0,0,0,0.00,0,0.00,0,0,0.00,26566,7584,36821,0,0,459,0.00,0.00,0.00,0,0.00,0.00,0.00,0.00,0.00,0.00,0.00,0.00,0.00,0.00,0.00,0.00,0.00,0.00,187.00,0.00,262.42,0.00,0.00,0.00,0.00,0.00,0.00,0.00,0.00,1.00,0.00,0.00,0.00,0.00,0.00,0.00,0.00,0.00,0.00,0.00,0.00,0.00,0.00,0.00,0.00,0.00,0.00,0.00,0.00,0.00,0.00,0.00,721,3,5,0,0,0,181.00,0.00,4.00,0.00,180.00,4.00,0.00,0.00,0.00,0.00,0.00,0.00,0.00,0.00,0.00,0.00,0.00,0.00,0.00,0.00,0.00,0.00,0.00,0.00,0.00,0.00,0.00,0.00,0.00,0.00,0.00,0.00,0.00,0.00,0.00,0.00,0.00,0.00,0.00,0.00,0.00,0.00,0.00,0.00,4.00,0.00,0.00,0.00,0.00,0.00,0.00,0.00,0.00,0.00,0.00,3,2,1,0,0.00,0.00,0.00,0.00,0.00,0.00,0.00,0.00,0.00,0.00,0.00,0.00,0.00,0.00,0.00,0.00,0.00,0.00,0.00,0.00,0.00,0.00,0.00,0.00,0.00,0.00,0.00,0.00,0.00,0.00,0.00,0.00,0.00,0.00,0.00,0.00,0.00,0.00,0.00,0.00,0.00,0.00,0.00,0.00,0.00,0.00,0.00,0.00,0.00,0.00,0.00,0.00,0.00,187.00,0.00,0.00,0.00,0.00,1995.37
0.50,0.00,0.50,0.00,0.00,0.00,0.00,0.00,0.00,99.00,0.00,43.00,0.00,0.00,0.00,0.00,0.00,0.00,20.00,0.00,0.00,0.00,0.00,0.00,0.00,0.00,0.00,0.00,674040,1141824,1366680,66.97,47832,541648,3730136,182.79,846792,356708,88,614080,100640,7344,28744,0,0,0,0.00,0,0.00,0,0,0.00,26566,7584,36821,0,0,459,0.00,0.00,0.00,0,0.00,0.00,0.00,0.00,0.00,0.00,0.00,0.00,0.00,0.00,0.00,0.00,0.00,0.00,49.00,0.00,65.71,0.00,0.00,0.00,0.00,0.00,0.00,0.00,0.00,0.00,0.00,0.00,0.00,0.00,0.00,0.00,0.00,0.00,0.00,0.00,0.00,0.00,0.00,0.00,0.00,0.00,0.00,0.00,0.00,0.00,0.00,0.00,721,3,5,0,0,0,45.00,0.00,1.00,0.00,45.00,1.00,0.00,0.00,0.00,0.00,0.00,0.00,0.00,0.00,0.00,0.00,0.00,0.00,0.00,0.00,0.00,0.00,0.00,0.00,0.00,0.00,0.00,0.00,0.00,0.00,0.00,0.00,0.00,0.00,0.00,0.00,0.00,0.00,0.00,0.00,0.00,0.00,0.00,0.00,1.00,0.00,0.00,0.00,0.00,0.00,0.00,0.00,0.00,0.00,0.00,3,2,1,0,0.00,0.00,0.00,0.00,0.00,0.00,0.00,0.00,0.00,0.00,0.00,0.00,0.00,0.00,0.00,0.00,0.00,0.00,0.00,0.00,0.00,0.00,0.00,0.00,0.00,0.00,0.00,0.00,0.00,0.00,0.00,0.00,0.00,0.00,0.00,0.00,0.00,0.00,0.00,0.00,0.00,0.00,0.00,0.00,0.00,0.00,0.00,0.00,0.00,0.00,0.00,0.00,0.00,49.00,0.00,0.00,0.00,0.00,1995.37
0.00,0.00,0.00,0.00,0.00,0.00,0.00,0.00,0.00,100.00,0.00,60.00,0.00,0.00,0.00,0.00,0.00,0.00,28.00,0.00,0.00,0.00,0.00,0.00,0.00,0.00,0.00,0.00,674136,1141920,1366584,66.97,47832,541664,3730136,182.79,846792,356708,104,614080,100640,7344,28744,0,0,0,0.00,0,0.00,0,0,0.00,26566,7584,36821,0,0,459,0.00,0.00,0.00,0,0.00,0.00,0.00,0.00,0.00,0.00,0.00,0.00,0.00,0.00,0.00,0.00,0.00,0.00,53.00,0.00,66.00,0.00,0.00,0.00,0.00,0.00,0.00,0.00,0.00,1.00,0.00,0.00,0.00,0.00,0.00,0.00,0.00,0.00,0.00,0.00,0.00,0.00,0.00,0.00,0.00,0.00,0.00,0.00,0.00,0.00,0.00,0.00,721,3,5,0,0,0,47.00,0.00,3.00,0.00,45.00,1.00,0.00,0.00,0.00,0.00,0.00,0.00,0.00,0.00,0.00,0.00,0.00,0.00,0.00,0.00,0.00,0.00,0.00,0.00,0.00,0.00,0.00,0.00,0.00,0.00,0.00,0.00,0.00,0.00,0.00,0.00,0.00,0.00,0.00,0.00,0.00,0.00,0.00,0.00,1.00,0.00,0.00,0.00,0.00,0.00,0.00,0.00,0.00,0.00,0.00,3,2,1,0,0.00,0.00,0.00,0.00,0.00,0.00,0.00,0.00,0.00,0.00,0.00,0.00,0.00,0.00,0.00,0.00,0.00,0.00,0.00,0.00,0.00,0.00,0.00,0.00,0.00,0.00,0.00,0.00,0.00,0.00,0.00,0.00,0.00,0.00,0.00,0.00,0.00,0.00,0.00,0.00,0.00,0.00,0.00,0.00,0.00,0.00,0.00,0.00,0.00,0.00,0.00,0.00,0.00,53.00,0.00,0.00,0.00,0.00,1995.37
0.50,0.00,0.50,0.00,0.00,0.00,0.00,0.00,0.00,99.00,0.00,83.00,0.00,0.00,0.00,0.00,1.00,0.00,1301.00,0.00,0.00,0.00,0.00,0.00,0.00,0.00,0.00,0.00,674104,1141944,1366616,66.97,47832,541680,3730136,182.79,846792,356764,120,614080,100640,7344,28744,0,0,0,0.00,0,0.00,0,0,0.00,26566,7584,36821,0,0,459,0.00,0.00,0.00,0,0.00,0.00,0.00,0.00,0.00,0.00,0.00,0.00,0.00,0.00,0.00,0.00,0.00,0.00,2590.00,0.00,3733.61,0.00,0.00,0.00,0.00,0.00,0.00,0.00,0.00,0.00,0.00,0.00,0.00,0.00,0.00,0.00,0.00,0.00,0.00,0.00,0.00,0.00,0.00,0.00,0.00,0.00,0.00,0.00,0.00,0.00,0.00,0.00,721,3,5,0,0,0,2567.00,0.00,58.00,0.00,2565.00,57.00,0.00,0.00,0.00,0.00,0.00,0.00,0.00,0.00,0.00,0.00,0.00,0.00,0.00,0.00,0.00,0.00,0.00,0.00,0.00,0.00,0.00,0.00,0.00,0.00,0.00,0.00,0.00,0.00,0.00,0.00,0.00,0.00,0.00,0.00,0.00,0.00,0.00,0.00,57.00,0.00,0.00,0.00,0.00,0.00,0.00,0.00,0.00,0.00,0.00,3,2,1,0,0.00,0.00,0.00,0.00,0.00,0.00,0.00,0.00,0.00,0.00,0.00,0.00,0.00,0.00,0.00,0.00,0.00,0.00,0.00,0.00,0.00,0.00,0.00,0.00,0.00,0.00,0.00,0.00,0.00,0.00,0.00,0.00,0.00,0.00,0.00,0.00,0.00,0.00,0.00,0.00,0.00,0.00,0.00,0.00,0.00,0.00,0.00,0.00,0.00,0.00,0.00,0.00,0.00,2590.00,0.00,0.00,0.00,0.00,1995.37
0.00,0.00,0.00,0.50,0.00,0.00,0.00,0.00,0.00,99.50,0.00,68.00,0.00,0.00,0.00,12.00,0.00,0.00,5.00,0.00,0.00,0.00,0.00,2.00,0.00,2.00,0.00,24.00,674104,1141944,1366616,66.97,47840,541696,3730136,182.79,846792,356764,136,614084,100640,7344,28744,0,0,0,0.00,0,0.00,0,0,0.00,26566,7584,36821,0,0,459,0.00,0.00,0.00,0,0.00,0.00,0.00,0.00,0.00,0.00,2.00,0.00,12.00,6.00,0.00,8.00,0.00,0.00,9.00,0.00,0.56,0.00,0.00,0.00,0.00,0.00,0.00,0.00,0.00,1.00,0.00,0.00,0.00,0.00,0.00,0.00,0.00,0.00,0.00,0.00,0.00,0.00,0.00,0.00,0.00,0.00,0.00,0.00,0.00,0.00,0.00,0.00,721,3,5,0,0,0,1.00,0.00,1.00,0.00,0.00,0.00,0.00,0.00,0.00,0.00,0.00,0.00,0.00,0.00,0.00,0.00,0.00,0.00,0.00,0.00,0.00,0.00,0.00,0.00,0.00,0.00,0.00,0.00,0.00,0.00,0.00,0.00,0.00,0.00,0.00,0.00,0.00,0.00,0.00,0.00,0.00,0.00,0.00,0.00,0.00,0.00,0.00,0.00,0.00,0.00,0.00,0.00,0.00,0.00,0.00,3,2,1,0,0.00,0.00,0.00,0.00,0.00,0.00,0.00,0.00,0.00,0.00,0.00,0.00,0.00,0.00,0.00,0.00,0.00,0.00,0.00,0.00,0.00,0.00,0.00,0.00,0.00,0.00,0.00,0.00,0.00,0.00,0.00,0.00,0.00,0.00,0.00,0.00,0.00,0.00,0.00,0.00,0.00,0.00,0.00,0.00,0.00,0.00,0.00,0.00,0.00,0.00,0.00,0.00,0.00,9.00,0.00,0.00,0.00,0.00,1995.37
0.50,0.00,0.50,0.00,0.00,0.00,0.00,0.00,0.00,99.00,0.00,57.00,0.00,0.00,0.00,0.00,0.00,0.00,36.00,0.00,0.00,0.00,0.00,0.00,0.00,0.00,0.00,0.00,673976,1141816,1366744,66.97,47840,541712,3730136,182.79,846792,356764,152,614084,100640,7344,28744,0,0,0,0.00,0,0.00,0,0,0.00,26566,7584,36821,0,0,459,0.00,0.00,0.00,0,0.00,0.00,0.00,0.00,0.00,0.00,0.00,0.00,0.00,0.00,0.00,0.00,0.00,0.00,53.00,0.00,66.00,0.00,0.00,0.00,0.00,0.00,0.00,0.00,0.00,0.00,0.00,0.00,0.00,0.00,0.00,0.00,0.00,0.00,0.00,0.00,0.00,0.00,0.00,0.00,0.00,0.00,0.00,0.00,0.00,0.00,0.00,0.00,721,3,5,0,0,0,47.00,0.00,3.00,0.00,45.00,1.00,0.00,0.00,0.00,0.00,0.00,0.00,0.00,0.00,0.00,0.00,0.00,0.00,0.00,0.00,0.00,0.00,0.00,0.00,0.00,0.00,0.00,0.00,0.00,0.00,0.00,0.00,0.00,0.00,0.00,0.00,0.00,0.00,0.00,0.00,0.00,0.00,0.00,0.00,1.00,0.00,0.00,0.00,0.00,0.00,0.00,0.00,0.00,0.00,0.00,3,2,1,0,0.00,0.00,0.00,0.00,0.00,0.00,0.00,0.00,0.00,0.00,0.00,0.00,0.00,0.00,0.00,0.00,0.00,0.00,0.00,0.00,0.00,0.00,0.00,0.00,0.00,0.00,0.00,0.00,0.00,0.00,0.00,0.00,0.00,0.00,0.00,0.00,0.00,0.00,0.00,0.00,0.00,0.00,0.00,0.00,0.00,0.00,0.00,0.00,0.00,0.00,0.00,0.00,0.00,53.00,0.00,0.00,0.00,0.00,1995.37
0.00,0.00,0.00,0.00,0.00,0.00,0.00,0.00,0.00,100.00,0.00,52.00,0.00,0.00,0.00,0.00,0.00,0.00,4.00,0.00,0.00,0.00,0.00,0.00,0.00,0.00,0.00,0.00,673976,1141872,1366744,66.97,47840,541728,3730136,182.79,846800,356812,168,614084,100640,7344,28744,0,0,0,0.00,0,0.00,0,0,0.00,26566,7584,36821,0,0,459,0.00,0.00,0.00,0,0.00,0.00,0.00,0.00,0.00,0.00,0.00,0.00,0.00,0.00,0.00,0.00,0.00,0.00,8.00,0.00,0.58,0.00,0.00,0.00,0.00,0.00,0.00,0.00,0.00,1.00,0.00,0.00,0.00,0.00,0.00,0.00,0.00,0.00,0.00,0.00,0.00,0.00,0.00,0.00,0.00,0.00,0.00,0.00,0.00,0.00,0.00,0.00,721,3,5,0,0,0,1.00,0.00,0.00,0.00,0.00,0.00,0.00,0.00,0.00,0.00,0.00,0.00,0.00,0.00,0.00,0.00,0.00,0.00,0.00,0.00,0.00,0.00,0.00,0.00,0.00,0.00,0.00,0.00,0.00,0.00,0.00,0.00,0.00,0.00,0.00,0.00,0.00,0.00,0.00,0.00,0.00,0.00,0.00,0.00,0.00,0.00,0.00,0.00,0.00,0.00,0.00,0.00,0.00,0.00,0.00,3,2,1,0,0.00,0.00,0.00,0.00,0.00,0.00,0.00,0.00,0.00,0.00,0.00,0.00,0.00,0.00,0.00,0.00,0.00,0.00,0.00,0.00,0.00,0.00,0.00,0.00,0.00,0.00,0.00,0.00,0.00,0.00,0.00,0.00,0.00,0.00,0.00,0.00,0.00,0.00,0.00,0.00,0.00,0.00,0.00,0.00,0.00,0.00,0.00,0.00,0.00,0.00,0.00,0.00,0.00,8.00,0.00,0.00,0.00,0.00,1995.37
0.50,0.00,0.00,0.00,0.00,0.00,0.00,0.00,0.00,99.50,0.00,50.00,0.00,0.00,0.00,176.00,0.00,0.00,12.00,0.00,0.00,0.00,0.00,1.00,0.00,1.00,0.00,352.00,674008,1141928,1366712,66.97,47840,541744,3730136,182.79,846800,356836,0,614084,100640,7344,28744,0,0,0,0.00,0,0.00,0,0,0.00,26566,7584,36821,0,0,459,0.00,0.00,0.00,0,0.00,0.00,0.00,0.00,0.00,0.00,1.00,0.00,176.00,176.00,0.00,0.00,0.00,0.00,24.00,0.00,1.44,0.00,0.00,0.00,0.00,0.00,0.00,0.00,0.00,2.00,0.00,0.00,0.00,0.00,0.00,0.00,0.00,0.00,0.00,0.00,0.00,0.00,0.00,0.00,0.00,0.00,0.00,0.00,0.00,0.00,0.00,0.00,721,3,5,0,0,0,0.00,0.00,0.00,0.00,0.00,0.00,0.00,0.00,0.00,0.00,0.00,0.00,0.00,0.00,0.00,0.00,0.00,0.00,0.00,0.00,0.00,0.00,0.00,0.00,0.00,0.00,0.00,0.00,0.00,0.00,0.00,0.00,0.00,0.00,0.00,0.00,0.00,0.00,0.00,0.00,0.00,0.00,0.00,0.00,0.00,0.00,0.00,0.00,0.00,0.00,0.00,0.00,0.00,0.00,0.00,3,2,1,0,0.00,0.00,0.00,0.00,0.00,0.00,0.00,0.00,0.00,0.00,0.00,0.00,0.00,0.00,0.00,0.00,0.00,0.00,0.00,0.00,0.00,0.00,0.00,0.00,0.00,0.00,0.00,0.00,0.00,0.00,0.00,0.00,0.00,0.00,0.00,0.00,0.00,0.00,0.00,0.00,0.00,0.00,0.00,0.00,0.00,0.00,0.00,0.00,0.00,0.00,0.00,0.00,0.00,24.00,0.00,0.00,0.00,0.00,1995.37
